38.655453  1462.453003  -10.39881607  6.907302251
1065.534302  993.392578  -8.523195312  6.084120948
1138.512329  841.004639  -8.389376113  5.816843094
88.793503  890.88147  -10.24719911  5.868896508
473.359741  776.410034  -9.553749445  5.679732835
746.764709  1461.310791  -9.115613341  6.923228898
1134.862305  976.995972  -8.399950971  6.056724671
59.004868  993.890442  -10.30651332  6.049247864
555.173096  1090.869141  -9.43149309  6.238706124
78.046341  850.206482  -10.26367389  5.797385671
1035.406494  1316.541382  -8.587644445  6.66835414
77.081841  1103.604736  -10.28591359  6.247607752
109.017868  1250.559937  -10.24523714  6.515561055
491.675812  854.306824  -9.52815979  5.816435531
233.215271  805.164917  -9.979385718  5.720457474
946.975952  862.874451  -8.727400565  5.847456804
1009.968079  895.116699  -8.617064049  5.907025742
926.077209  1401.745117  -8.788330745  6.818912682
1147.94043  997.746826  -8.377580272  6.093657713
556.19165  1215.119263  -9.440100974  6.463727013
98.909225  1126.738403  -10.2481801  6.288718064
118.555214  1133.448486  -10.21539054  6.301864476
699.097046  859.294617  -9.163682694  5.832344982
130.850983  1055.202759  -10.18518195  6.161431701
1152.896606  803.24939  -8.363293464  5.750261918
1066.9729  1044.38208  -8.522320324  6.174170129
132.109207  901.302856  -10.16888817  5.888297689
91.648125  1315.687256  -10.28437461  6.633941573
472.777893  1090.010254  -9.579173103  6.235399029
511.622528  999.03418  -9.502722132  6.072737181
511.622528  999.03418  -9.502722132  6.072737181
1074.572266  1332.692505  -8.51893137  6.695512074
1084.668579  1065.976807  -8.491737736  6.212784756
97.082962  1221.465454  -10.26357289  6.461452058
97.063026  1202.913086  -10.2630209  6.428892841
503.499298  850.12677  -9.50660108  5.809301129
503.499298  850.12677  -9.50660108  5.809301129
57.561275  1026.719604  -10.31105425  6.106645666
418.616943  774.389832  -9.649696154  5.672379622
524.43927  1004.293518  -9.480043437  6.08212351
524.43927  1004.293518  -9.480043437  6.08212351
479.868073  1287.282959  -9.58311405  6.594418051
1156.933228  1182.831543  -8.36652742  6.425772786
764.996338  1098.687866  -9.060181087  6.259573311
605.42688  1108.747925  -9.343409276  6.272034768
452.158875  773.411865  -9.591148942  5.672531462
68.985062  1178.224121  -10.30889028  6.381268819
658.298645  1296.093872  -9.262490364  6.614387219
968.561401  738.543579  -8.684989135  5.629921503
376.721985  1080.572266  -9.74658285  6.211510534
53.174889  1111.262329  -10.330141  6.260683375
310.20816  822.139771  -9.844365535  5.752727784
92.897751  1062.672241  -10.25381403  6.1739152
684.09967  894.425476  -9.191103325  5.893607289
684.09967  894.425476  -9.191103325  5.893607289
714.575989  1084.232056  -9.148772895  6.232728929
974.669983  1148.938599  -8.690094067  6.355058379
1176.477539  1009.479187  -8.326904954  6.11607959
1176.477539  1009.479187  -8.326904954  6.11607959
57.53833  1132.51123  -10.32474207  6.297362302
750.794067  1090.071777  -9.085158751  6.243826798
177.087372  1075.255615  -10.10534302  6.199664488
179.264786  1295.517944  -10.12436877  6.599240713
618.86322  989.134216  -9.311271708  6.057765258
392.914886  804.266479  -9.697134516  5.724169925
392.914886  804.266479  -9.697134516  5.724169925
1100.148926  818.522217  -8.456429211  5.776485897
91.064682  831.660522  -10.23874123  5.7648681
1107.716553  1424.759888  -8.462363131  6.865113413
1067.478394  761.862854  -8.51225446  5.674365591
1067.478394  761.862854  -8.51225446  5.674365591
957.846497  1272.834839  -8.725423591  6.582932119
999.644165  1230.12439  -8.648864621  6.504903203
1018.147888  1254.772095  -8.61701305  6.549659484
1018.147888  1254.772095  -8.61701305  6.549659484
672.917908  1219.928467  -9.231520781  6.475986607
672.917908  1219.928467  -9.231520781  6.475986607
509.022491  1027.082764  -9.509838036  6.123897486
1089.400635  1039.931396  -8.482418861  6.166521979
741.004761  1015.691223  -9.097728581  6.109546879
1082.572998  1423.927124  -8.507616522  6.862616383
48.667725  1125.985962  -10.33999587  6.286392601
48.667725  1125.985962  -10.33999587  6.286392601
98.229485  873.120361  -10.22943335  5.838125785
954.36908  1175.68457  -8.727945557  6.404351447
1121.982178  801.684326  -8.417502734  5.747100125
93.252281  1127.991211  -10.25947295  6.291551284
830.224915  1207.351563  -8.950568562  6.458871811
1116.821167  923.611084  -8.430280563  5.961859894
673.607727  1098.920776  -9.222062908  6.25692265
1047.569092  1324.624878  -8.567012723  6.67946828
93.969131  1163.223389  -10.26247091  6.354754503
171.725861  853.092224  -10.09377518  5.803724886
171.725861  853.092224  -10.09377518  5.803724886
26.207569  1302.06189  -10.40008406  6.6067108
1148.412842  1090.760986  -8.379316248  6.259209755
634.604431  1151.95752  -9.295313923  6.351392844
591.78656  1065.888794  -9.364451992  6.193768466
1071.083496  747.858704  -8.505454551  5.65007774
1072.014648  1057.487305  -8.513966436  6.197389251
567.12677  1186.261108  -9.417897273  6.411528325
472.672211  1415.505981  -9.606973729  6.830724793
315.67923  1263.46521  -9.875039122  6.544386998
60.698414  1067.36377  -10.31157125  6.18091401
513.730347  928.389221  -9.493986249  5.947659856
828.475952  1286.814087  -8.957643466  6.602969118
487.020172  1079.915527  -9.553052455  6.217896674
518.707764  1191.739502  -9.504651106  6.420175627
1066.035645  820.775818  -8.5166724  5.778524741
69.6129  1364.893677  -10.32895801  6.723147834
1176.29834  919.821777  -8.324743983  5.957464312
537.347229  1313.969116  -9.482244407  6.645792461
1149.758179  755.589661  -8.367345409  5.666328497
1113.174194  1393.536011  -8.451433278  6.807913593
735.116089  1075.180176  -9.111338398  6.215613851
120.635109  886.266296  -10.18924389  5.862598669
322.882935  816.684143  -9.821074848  5.743373683
391.018585  1144.594727  -9.729983074  6.331980261
1003.093689  1259.127441  -8.644094685  6.557615122
1003.093689  1259.127441  -8.644094685  6.557615122
1062.57666  1138.261353  -8.533438174  6.340870587
948.004822  1014.760071  -8.731847505  6.115180115
1146.163208  1008.019226  -8.380843228  6.112104959
453.522369  1005.451233  -9.606647733  6.083158471
1142.167603  1075.034912  -8.390027104  6.230223515
20.746601  1033.423706  -10.37837435  6.118363519
639.842163  1115.068604  -9.283344084  6.284615669
672.673828  762.212585  -9.204228148  5.661205704
76.116051  1016.836487  -10.27949368  6.092107247
1063.88501  1159.493408  -8.531769197  6.379216039
1063.88501  1159.493408  -8.531769197  6.379216039
982.15271  763.474915  -8.661955445  5.674511957
982.15271  763.474915  -8.661955445  5.674511957
1010.022766  877.9776  -8.617132048  5.877053137
741.134155  750.005188  -9.083664771  5.64186097
1013.287415  1465.381348  -8.634178819  6.938782564
495.613129  1048.047241  -9.535235694  6.160480339
513.983276  1102.657959  -9.506335083  6.258634985
954.018982  1346.767456  -8.735826451  6.71834611
132.819717  1005.952271  -10.17775105  6.074011928
556.2099  1168.567993  -9.436381024  6.379462817
1164.903809  1087.548828  -8.349671647  6.254936829
509.455994  1413.450439  -9.54003963  6.82776011
478.601501  1081.073364  -9.566215277  6.218363899
2062.989258  1457.912476  -6.695667903  6.9954254
1550.780762  1390.367188  -7.661195911  6.819618547
204.336075  1327.234131  -10.08367431  6.659954462
400.167633  1022.200684  -9.701020464  6.111261255
399.567474  1007.890808  -9.701174461  6.084785729
1303.405518  1028.165527  -8.100464001  6.158070063
220.380112  828.81311  -10.00467238  5.761962174
1285.896973  1303.853027  -8.138015495  6.652648295
1122.922974  1401.794434  -8.435083498  6.820903807
1122.922974  1401.794434  -8.435083498  6.820903807
1851.57019  1460.742188  -7.102342431  6.973839436
1851.57019  1460.742188  -7.102342431  6.973839436
1040.377441  1104.58606  -8.571886657  6.279893568
1040.377441  1104.58606  -8.571886657  6.279893568
521.339417  1245.832886  -9.502386136  6.516713956
1115.947754  1411.122192  -8.447355333  6.840804455
1751.221069  1304.678955  -7.28894292  6.680452478
1751.221069  1304.678955  -7.28894292  6.680452478
1261.761108  1160.924927  -8.178385952  6.392103789
1171.300659  1242.874512  -8.342948738  6.536016799
2056.769043  849.260376  -6.722335545  5.868777757
564.0979  1257.094482  -9.430965097  6.542070943
2066.587891  995.321838  -6.701590824  6.1353042
1131.295898  1096.414063  -8.409851837  6.268885275
1131.295898  1096.414063  -8.409851837  6.268885275
1060.470215  1151.163086  -8.53745012  6.364343662
1114.023438  1007.084778  -8.438058458  6.109423564
1827.289307  823.166626  -7.148910805  5.812991045
1827.289307  823.166626  -7.148910805  5.812991045
1195.280518  815.743713  -8.288012477  5.774159024
2164.851318  805.308167  -6.519635272  5.794215134
1118.460327  833.404907  -8.425213631  5.802370729
1118.460327  833.404907  -8.425213631  5.802370729
949.050171  1407.985596  -8.74777429  6.829967907
849.792725  992.203796  -8.903795191  6.071547192
1024.119019  1466.123779  -8.613335099  6.940804119
2209.74585  1131.283447  -6.426281528  6.393678436
1236.065918  1283.908081  -8.227713288  6.613544075
711.057922  1298.377319  -9.169744612  6.622352404
678.752808  1186.621582  -9.218488956  6.414758573
818.476929  1277.493774  -8.974815235  6.586124887
2123.14624  1065.359863  -6.59116731  6.268314553
195.34761  805.158813  -10.0479348  5.719954361
387.7612  1170.838989  -9.736895981  6.378075601
1139.706909  1033.982788  -8.393186062  6.15805957
1139.706909  1033.982788  -8.393186062  6.15805957
1139.706909  1033.982788  -8.393186062  6.15805957
1158.678711  995.985291  -8.358169533  6.09065885
2143.151367  1172.848389  -6.552003837  6.466813011
2143.151367  1172.848389  -6.552003837  6.466813011
2029.767212  1422.835083  -6.763386992  6.922854869
723.021912  1409.991333  -9.15434782  6.82682063
1197.471313  1133.010254  -8.291742427  6.338852723
1197.471313  1133.010254  -8.291742427  6.338852723
1340.350952  1254.311768  -8.03885583  6.565651896
386.840179  1404.849731  -9.759434678  6.806113001
1104.654297  851.5271  -8.449657302  5.833424155
428.015869  1104.651489  -9.659363024  6.25917045
1830.630737  1359.296631  -7.141021911  6.787196357
1307.279419  1118.981812  -8.095670065  6.320278038
1059.173096  1126.385498  -8.539028099  6.3198236
1373.790405  1359.743042  -7.981320604  6.754866468
573.609497  833.634644  -9.382596748  5.783130705
470.638763  1221.987671  -9.593363912  6.473713467
435.462402  875.773987  -9.62771745  5.851625302
1750.011841  1262.036865  -7.290751896  6.603301771
1217.781494  1130.871216  -8.256249904  6.336333312
443.349152  1180.953369  -9.639704289  6.399372818
443.349152  1180.953369  -9.639704289  6.399372818
2097.84375  1254.75415  -6.637797682  6.614011186
1054.417725  885.233398  -8.539640091  5.89151549
710.880249  914.618286  -9.145863934  5.930742131
1097.284912  1152.313843  -8.472347996  6.367382075
916.228577  1369.990479  -8.804597526  6.758665349
1016.080872  912.023499  -8.607488178  5.936680872
746.101135  1434.142212  -9.114319358  6.871427563
2093.725098  848.560059  -6.655210448  5.868628089
1131.400513  1339.084961  -8.416657746  6.711011412
447.979034  1101.432495  -9.625282483  6.256737045
705.125061  1103.918335  -9.16696365  6.267634707
1514.62915  1446.656006  -7.724940054  6.926136711
1374.257813  830.450073  -7.969440764  5.808581125
1719.155518  905.289612  -7.344999166  5.958298969
1298.14856  793.189087  -8.104656944  5.739619065
1203.460449  800.544983  -8.273435673  5.747916771
1752.745728  1220.758057  -7.285886961  6.528211199
1144.090454  1164.406616  -8.389314114  6.391724049
625.939392  1472.280884  -9.33487239  6.941237708
1027.098389  1022.043884  -8.591133398  6.13013562
1176.107422  830.386047  -8.323350001  5.7992123
1868.473267  851.555054  -7.071553846  5.86636108
1868.473267  851.555054  -7.071553846  5.86636108
1868.473267  851.555054  -7.071553846  5.86636108
1049.311157  1087.557617  -8.555131883  6.250021625
710.088928  900.643738  -9.146714922  5.906124061
710.088928  900.643738  -9.146714922  5.906124061
1205.946533  1079.285522  -8.276270635  6.242209234
570.66925  1010.796936  -9.397289551  6.094224007
528.902283  869.92395  -9.463525659  5.845291444
1084.562988  1122.908203  -8.493811708  6.314252753
1084.562988  1122.908203  -8.493811708  6.314252753
1854.913696  1055.544556  -7.095996517  6.234158511
521.538635  1333.650635  -9.512308003  6.68088564
602.118774  1307.878662  -9.366283968  6.637589737
480.807037  796.920471  -9.542763593  5.715015566
1291.918701  897.604553  -8.118418759  5.922849422
441.825775  1274.986328  -9.650392145  6.57092645
538.660767  1120.77832  -9.464171651  6.292631746
879.297791  975.939209  -8.851584893  6.044783248
385.268005  1120.071045  -9.73768497  6.286844545
2127.067139  1307.047729  -6.578356482  6.715532475
1537.936646  1301.098877  -7.680080657  6.662631257
425.550323  1095.749634  -9.664270958  6.244888794
1638.155396  1122.261108  -7.496098133  6.343133682
1121.507324  1041.647827  -8.425808623  6.170899833
1121.507324  1041.647827  -8.425808623  6.170899833
683.622437  884.776184  -9.19221731  5.877031111
1842.898438  785.088013  -7.119990194  5.745309865
449.357819  1263.989258  -9.637560317  6.552518212
1262.95813  1016.229736  -8.173001024  6.133106463
727.415283  868.348267  -9.114310358  5.849971126
727.415283  868.348267  -9.114310358  5.849971126
2085.092773  1490.160522  -6.650081517  7.058650277
1823.690308  758.81427  -7.155702713  5.697434591
1136.764771  814.53595  -8.391691082  5.770605469
1609.894531  780.766785  -7.547740438  5.727283257
1656.691772  1166.683594  -7.462563584  6.424224132
2151.061768  1140.09729  -6.538065024  6.406236121
1843.430298  889.898621  -7.117770224  5.934248973
1497.097778  808.093506  -7.750023716  5.772864573
616.852722  1364.796631  -9.342057294  6.740353682
974.145752  845.200745  -8.679327211  5.817706691
511.1698  1328.30127  -9.530429759  6.67094367
1247.621582  1245.234009  -8.206131579  6.543495805
1218.118774  880.14624  -8.24990399  5.889610268
805.332275  833.423096  -8.97523423  5.790675673
504.059662  809.669617  -9.503238125  5.738521689
1212.433105  1021.303162  -8.264169798  6.137934429
569.694641  1173.572998  -9.412287349  6.388527746
1631.825562  1204.887085  -7.50895996  6.49062052
1090.366089  1385.365356  -8.492192729  6.79176692
1540.001465  756.404175  -7.673326748  5.681730217
117.668266  1198.636963  -10.22368343  6.420159371
1176.236206  1035.353394  -8.329156923  6.152197464
982.322998  773.383057  -8.66234244  5.691462906
1028.655029  894.213867  -8.584905482  5.906182455
539.517517  873.204285  -9.444708912  5.85124376
926.865662  1469.407227  -8.790106721  6.944032703
514.087524  1200.703491  -9.513117992  6.4357122
1836.076416  1383.490601  -7.130543052  6.832177664
1842.768677  1013.94165  -7.118492214  6.158448278
2239.045898  769.754639  -6.380886139  5.731811464
1562.423706  1099.281738  -7.634722268  6.296454
1299.144897  862.599182  -8.105126938  5.861414011
1846.143799  1462.327759  -7.110824317  6.978751224
1836.964722  862.36969  -7.129564065  5.88469836
1829.842529  1037.464966  -7.143042884  6.200077148
824.863037  1216.624268  -8.960246431  6.475621631
2061.009277  1054.86084  -6.709529717  6.244784833
1592.293091  809.302124  -7.580093003  5.777188848
638.635071  1163.152466  -9.288612013  6.371806017
2069.360107  1124.821167  -6.691715957  6.374500294
2069.360107  1124.821167  -6.691715957  6.374500294
472.024902  1163.241577  -9.586960998  6.368252761
469.694611  1328.803345  -9.604973756  6.670360241
1206.917236  899.644043  -8.269870721  5.923010213
1206.917236  899.644043  -8.269870721  5.923010213
1080.775391  1055.78833  -8.498426646  6.194396441
1026.001831  916.281982  -8.590370408  5.944809985
2117.649414  1263.682861  -6.599093203  6.632751711
1102.177612  1149.746094  -8.463388117  6.362563728
695.299377  1461.646729  -9.207562103  6.920826241
695.299377  1461.646729  -9.207562103  6.920826241
1668.539551  1081.528442  -7.440285884  6.271209144
1221.780518  814.349609  -8.241459103  5.772804081
1110.320313  1147.728882  -8.448841313  6.35978081
1047.352539  1120.388672  -8.559859819  6.308003271
1285.947754  1297.302002  -8.137555501  6.641341902
1195.709595  1113.48999  -8.295409377  6.302148441
1115.09082  1129.854736  -8.440038431  6.32799913
1533.723022  1036.025513  -7.684919592  6.183433784
2193.318604  918.931519  -6.461996048  6.003196578
2094.812012  1199.44165  -6.64091764  6.514478275
1649.447144  1332.40332  -7.475315413  6.727766633
1693.554199  1093.188599  -7.393907508  6.293945857
162.806946  1368.176636  -10.16202226  6.733205332
629.78009  1486.601929  -9.328493476  6.967077628
629.78009  1486.601929  -9.328493476  6.967077628
1647.676025  899.031067  -7.47846537  5.940423529
1233.183838  1044.077148  -8.226894299  6.180985036
2152.868408  895.342285  -6.541085983  5.956073357
1115.981689  1263.391968  -8.4423374  6.569789403
746.88208  831.877747  -9.077693851  5.78609215
666.967896  1276.245605  -9.245904588  6.57837497
1366.189819  1319.248413  -7.993585439  6.684703539
1623.671753  1142.070557  -7.522749774  6.378325188
576.956421  1103.096436  -9.393717599  6.260620023
1230.901489  1308.236206  -8.237473157  6.657605015
1168.436768  1394.340088  -8.352335611  6.811621861
1904.689087  795.924683  -7.005178739  5.767167046
128.624985  1493.409546  -10.23716325  6.964027799
638.124573  1450.952271  -9.310484719  6.900121382
638.124573  1450.952271  -9.310484719  6.900121382
1092.785278  801.934082  -8.46910104  5.746888683
1934.789551  1245.700195  -6.944970549  6.58716974
1575.541748  1012.678345  -7.609145612  6.142586836
1467.057983  1408.981934  -7.811145894  6.855167661
1293.632202  1489.597534  -8.12796463  6.993127372
1821.700195  1458.4729  -7.158021682  6.968225607
1356.066406  1072.758423  -8.007127256  6.23941909
1112.623901  1439.981934  -8.454293239  6.892330729
2124.393799  1081.312012  -6.589306335  6.296827407
1094.867432  768.766724  -8.464013109  5.687947749
1073.468994  819.241394  -8.503669575  5.776281861
1073.468994  819.241394  -8.503669575  5.776281861
1113.174194  1393.536011  -8.451496277  6.808094875
1249.195068  1203.73645  -8.201879636  6.469557457
1249.195068  1203.73645  -8.201879636  6.469557457
141.668152  868.94458  -10.1512954  5.831765565
1015.752625  1210.689453  -8.619428017  6.468644485
1108.310181  1448.135498  -8.462223133  6.907433224
948.894409  1431.627075  -8.748919275  6.874491302
1621.194702  1194.315552  -7.527959704  6.471720748
2124.700195  1110.275391  -6.588595344  6.349795851
2009.214111  1330.951538  -6.802013472  6.751546329
1185.545654  1151.661987  -8.314875115  6.371761779
2172.626953  1416.87207  -6.490730661  6.922615302
656.270752  1331.728394  -9.269045276  6.680216454
962.720215  834.540405  -8.698966947  5.798510518
962.720215  834.540405  -8.698966947  5.798510518
1216.003418  1276.716431  -8.263368808  6.599178728
1086.633057  1075.524902  -8.488648777  6.230360654
1786.924927  866.491455  -7.221655826  5.890016962
509.474152  1019.807617  -9.509896035  6.111420924
1151.583496  896.014771  -8.368146399  5.913878367
303.095093  1249.531006  -9.89521685  6.517375135
533.189636  1151.839966  -9.47610249  6.348305582
1143.038696  920.025879  -8.384013185  5.955959189
573.058838  1420.825806  -9.426754154  6.844115764
1535.090332  1276.93457  -7.686090576  6.61703136
1648.603882  1292.053833  -7.477832379  6.652152293
1218.874878  1107.308105  -8.25434893  6.293956332
592.424377  1030.751465  -9.361008039  6.130973734
1047.670898  1157.319092  -8.560465811  6.374176504
2070.927002  1013.192261  -6.692495946  6.168569408
1759.814087  1383.208862  -7.272210145  6.826704798
2114.124268  1220.853638  -6.604633128  6.55484853
2189.808838  1153.096558  -6.46328103  6.433355016
1640.83606  1004.433899  -7.491532194  6.129619649
1347.359253  841.140747  -8.018520103  5.826938981
730.944214  1446.489502  -9.14243398  6.894259507
1204.236816  1032.855835  -8.278362607  6.160048282
1683.084961  875.857361  -7.412522257  5.902221571
1028.911011  1085.064331  -8.591245397  6.243860149
2160.391357  1041.747925  -6.519991267  6.226866135
1081.027466  815.789368  -8.490140757  5.770645096
203.001419  1451.750122  -10.09726713  6.887977881
1000.997742  1022.886597  -8.638475761  6.130791125
1213.135986  1043.994629  -8.262800816  6.179349393
995.873535  1428.355713  -8.664109416  6.869712044
599.297852  1175.980469  -9.359802055  6.394213984
954.492859  1031.982666  -8.720551657  6.146132555
1195.571167  1247.151855  -8.298988329  6.545941821
1195.571167  1247.151855  -8.298988329  6.545941821
1195.571167  1247.151855  -8.298988329  6.545941821
681.023926  1270.591797  -9.22048593  6.568337031
2197.896973  763.662415  -6.460068074  5.718902927
1680.713501  1093.672974  -7.417037197  6.294723727
1142.720215  1130.453491  -8.390781094  6.330765472
186.072647  1324.498657  -10.11524789  6.653471496
184.949371  1148.192871  -10.09772213  6.330549235
1749.636108  1142.927856  -7.2904759  6.387275322
258.274872  1486.90271  -10.00032944  6.954525262
1111.073364  1158.445801  -8.447851326  6.37857434
918.6521  1323.556885  -8.798187612  6.674362665
732.114929  1299.248413  -9.130695138  6.622170977
1089.786865  925.689392  -8.478125919  5.964839916
1037.297852  1299.942749  -8.584476488  6.633654718
956.174622  1431.374634  -8.736018449  6.875087442
956.174622  1431.374634  -8.736018449  6.875087442
2194.828125  730.581482  -6.465285003  5.659309431
617.10022  1346.813354  -9.338036348  6.702740752
550.649963  981.831665  -9.432826072  6.044635441
589.8927  1384.7948  -9.3936116  6.778343961
516.81781  1173.107666  -9.507257071  6.386878599
1600.121826  921.895569  -7.56470721  5.980146834
1600.121826  921.895569  -7.56470721  5.980146834
1003.544434  1133.581177  -8.637875769  6.327883793
708.754883  1474.616821  -9.184369416  6.945952939
1502.874756  1307.126221  -7.744877785  6.66937493
2135.659668  1375.158325  -6.561327711  6.842696521
1065.914551  1179.946289  -8.529022234  6.416400583
1818.401733  1145.805664  -7.1641066  6.395675335
1151.979614  930.585266  -8.368318396  5.975247103
938.805237  1438.480225  -8.767492025  6.886673948
1284.071411  973.535706  -8.134173547  6.058102887
1082.490112  1324.643921  -8.504234567  6.681531764
1048.001221  1172.052734  -8.560647808  6.401132069
963.614014  1262.949097  -8.714857733  6.564109273
2107.051025  1234.130249  -6.618496942  6.57834881
1117.638062  1432.29834  -8.444972365  6.87868162
1117.421387  1148.691406  -8.436215483  6.36143208
1117.32666  1075.39502  -8.434095511  6.230842378
642.340088  770.445679  -9.258568417  5.675374813
1014.934021  1458.623413  -8.630781865  6.926371399
848.47821  933.578125  -8.90388119  5.968023413
2136.217529  1247.704834  -6.563044688  6.605137999
966.823364  829.990784  -8.691627046  5.790485234
966.823364  829.990784  -8.691627046  5.790485234
1076.498047  1080.38916  -8.506718534  6.238120009
1515.44165  794.43927  -7.717101159  5.74901572
1634.5  1443.996216  -7.500526073  6.935660468
1944.272827  989.483826  -6.929565756  6.119406906
2121.371826  1294.802124  -6.587931353  6.694001487
1686.584839  1486.80127  -7.406630337  7.017595069
1955.055908  996.626892  -6.908377041  6.134635772
1955.055908  996.626892  -6.908377041  6.134635772
2123.012207  1393.906372  -6.5844374  6.87629404
1608.808838  1288.153442  -7.551366389  6.641898323
2096.85498  927.266296  -6.64465359  6.012943808
1289.308838  1038.446899  -8.125907658  6.175150293
1733.682373  810.243591  -7.318402524  5.787145137
1308.378784  1136.29834  -8.095134072  6.352172301
2111.568604  1317.091675  -6.607161094  6.733789359
1653.617676  1150.611694  -7.468163509  6.39467616
1832.206543  1425.888672  -7.138631943  6.909593764
1517.746216  1081.671997  -7.715347183  6.263553304
1609.677856  1054.584839  -7.547530441  6.219532459
1705.312378  923.688904  -7.372599795  5.988361775
1608.918091  897.800476  -7.545472468  5.940166085
1855.064819  1436.368652  -7.095102529  6.930361567
1568.682739  796.580627  -7.622418433  5.753816763
1568.682739  796.580627  -7.622418433  5.753816763
1540.919434  1285.412354  -7.674870727  6.633892612
1582.236816  1051.192383  -7.596948776  6.21281557
1567.346069  1100.310059  -7.624969399  6.299815894
1785.939697  903.712219  -7.223625799  5.957065366
1785.939697  903.712219  -7.223625799  5.957065366
1517.742188  993.908752  -7.713932202  6.107369397
2196.94165  1086.105957  -6.451684186  6.309368361
1725.439575  1126.66748  -7.336069286  6.355953285
2108.208984  848.077454  -6.625001854  5.869560997
1788.110596  1083.728638  -7.219731852  6.281944145
1860.639526  778.348389  -7.087906625  5.734057799
2055.897461  1382.808105  -6.712825673  6.852366277
2048.716797  1468.261841  -6.725379504  7.00961152
1782.937866  1307.088745  -7.229693718  6.687907146
2127.337891  906.122986  -6.588033352  5.97600106
1944.869873  938.264404  -6.929727754  6.026132347
1842.060425  1488.890625  -7.117513227  7.02948385
1388.830688  1310.103516  -7.952668989  6.668241029
2180.846924  1123.55957  -6.482452772  6.377216117
1831.86792  1300.765259  -7.139075937  6.679336217
1771.778809  1103.162476  -7.249519451  6.316965998
2141.855469  1092.859863  -6.556657774  6.318759138
2174.869141  1016.455383  -6.496179588  6.18015722
2161.345459  890.388733  -6.524672204  5.948496586
2161.345459  890.388733  -6.524672204  5.948496586
1266.109131  895.987183  -8.165086131  5.918856062
2222.415039  968.03717  -6.405481808  6.093974076
1600.545776  927.030151  -7.564062218  5.989179399
2118.869385  1330.235962  -6.593091284  6.758592388
1702.166626  986.74823  -7.378708712  6.100938772
1702.166626  986.74823  -7.378708712  6.100938772
1750.950195  1370.008057  -7.288766923  6.801610732
1750.950195  1370.008057  -7.288766923  6.801610732
1527.636353  765.649902  -7.695547449  5.697889261
1320.495728  1382.725952  -8.07749631  6.796602961
1320.495728  1382.725952  -8.07749631  6.796602961
1276.947021  1256.220947  -8.153028293  6.565415567
1564.024048  1280.007446  -7.633132289  6.624818913
2056.093262  1397.627075  -6.712668675  6.877895444
1252.461182  1412.504639  -8.201474641  6.848516827
1252.461182  1412.504639  -8.201474641  6.848516827
1629.400391  1434.391357  -7.51190692  6.915788986
1606.832397  925.840881  -7.552538373  5.987361278
1267.352051  1388.996704  -8.173723015  6.805788317
1267.352051  1388.996704  -8.173723015  6.805788317
1267.352051  1388.996704  -8.173723015  6.805788317
2151.290039  1065.134888  -6.539273008  6.268257859
2151.290039  1065.134888  -6.539273008  6.268257859
685.836487  1065.39624  -9.198742222  6.197866314
369.375885  259.41272  -9.70424542  4.781883865
671.909241  704.741516  -9.203194162  5.56088292
948.266418  270.220062  -8.703356888  4.818949933
575.81311  617.371948  -9.364677989  5.404851309
44.990799  286.235596  -10.27179878  4.815469951
44.990799  286.235596  -10.27179878  4.815469951
730.678894  332.790924  -9.082848782  4.921477301
501.337799  1023.761414  -9.52293886  6.116931155
501.337799  1023.761414  -9.52293886  6.116931155
496.999969  621.775818  -9.502740132  5.409891163
263.071045  526.011902  -9.908232675  5.235898397
361.064972  1066.827515  -9.776031454  6.189933658
132.065094  1025.996826  -10.18087001  6.109875129
106.493309  317.670898  -10.1663222  4.871958729
168.074753  289.055939  -10.05756067  4.824587533
299.834747  1251.004761  -9.901891761  6.52144629
934.097351  1046.328369  -8.757818155  6.171732789
223.971817  1081.492432  -10.02179115  6.211939468
233.063446  281.169769  -9.943799197  4.813718347
73.897469  221.268784  -10.21893849  4.705397348
73.897469  221.268784  -10.21893849  4.705397348
626.557129  1048.615723  -9.301249843  6.163479817
149.863785  574.892883  -10.11157394  5.316872123
670.059998  768.002136  -9.209791073  5.670843721
490.334656  1258.243286  -9.561659339  6.541868325
490.334656  1258.243286  -9.561659339  6.541868325
538.906067  1394.9729  -9.486212354  6.79531293
133.50708  395.313873  -10.12606174  5.006047115
440.705658  848.155945  -9.616844596  5.803855766
741.734375  551.423828  -9.072085926  5.296339221
135.84317  384.750092  -10.12068482  4.98783445
619.911438  366.275024  -9.276250179  4.973972188
168.632645  1465.126099  -10.16194626  6.913369684
630.474976  998.340393  -9.291401975  6.074682314
683.638733  1103.448608  -9.204699142  6.26541211
47.732765  549.82605  -10.28873556  5.269469777
47.732765  549.82605  -10.28873556  5.269469777
90.781746  504.464996  -10.21005161  5.192662534
97.161255  430.871582  -10.19172786  5.065675797
183.191284  1417.848022  -10.13062468  6.826097153
53.877781  581.510315  -10.28121466  5.324837279
555.24176  733.311707  -9.408208404  5.606109579
624.403992  587.356445  -9.278303152  5.354059417
798.58728  273.824921  -8.962097406  4.820897204
838.350342  951.44696  -8.922366941  5.999075434
559.187805  981.607056  -9.417061284  6.043534984
564.308105  1000.351563  -9.408665397  6.075847493
459.949554  1261.417725  -9.616375603  6.545572973
193.586288  642.852478  -10.03811193  5.435663708
193.586288  642.852478  -10.03811193  5.435663708
289.734863  561.013428  -9.862312293  5.297344264
427.08017  494.417084  -9.616809597  5.187047736
656.533203  1077.298584  -9.251506512  6.218408134
620.467285  561.389221  -9.283361084  5.309575881
455.163696  289.520325  -9.556727405  4.836504788
520.848572  376.653992  -9.448400863  4.988001439
450.331085  514.086914  -9.577033132  5.221773342
516.406799  893.6745  -9.486909345  5.886427905
80.794563  762.184937  -10.25048207  5.641798237
391.505768  502.298676  -9.680043746  5.199669226
635.814392  566.743347  -9.257032438  5.319229297
990.648071  496.474121  -8.637350776  5.208199095
592.371582  498.211609  -9.329746459  5.199771502
519.216797  709.141357  -9.469791575  5.562873956
417.510559  288.772675  -9.621498534  4.833923515
164.915771  317.433838  -10.06515356  4.873263181
588.682556  566.904785  -9.339118333  5.317624311
386.924744  1461.068726  -9.763856618  6.908791383
386.924744  1461.068726  -9.763856618  6.908791383
149.896606  715.797668  -10.1218608  5.56253857
373.137939  527.77594  -9.713402297  5.242591606
68.171898  309.795349  -10.2334713  4.856704616
622.148682  1352.372681  -9.332349424  6.717652509
185.533401  1149.866333  -10.09632714  6.333262897
603.646606  1016.029114  -9.33938533  6.103562185
76.438828  596.714783  -10.24324917  5.352244179
41.801739  1015.883911  -10.33880188  6.087084418
41.801739  1015.883911  -10.33880188  6.087084418
406.728119  1375.296387  -9.721062194  6.752191107
428.51297  450.100983  -9.612004661  5.110834132
388.111206  657.214539  -9.697066517  5.467922752
91.791801  279.454651  -10.19055988  4.80553668
593.752625  1365.362183  -9.38465672  6.741081845
593.752625  1365.362183  -9.38465672  6.741081845
714.100769  563.853027  -9.120279278  5.31585042
663.183533  197.311371  -9.193521292  4.688048749
948.06073  267.341522  -8.703745883  4.813837676
140.014557  760.123474  -10.14351151  5.639740787
610.216064  742.721497  -9.312245695  5.624489187
403.646149  602.296082  -9.663867963  5.37227158
440.524078  1115.17749  -9.638924299  6.279757738
475.079895  291.625031  -9.522108871  4.839808125
369.868988  245.384521  -9.702312446  4.758351949
783.524414  1087.400635  -9.026424541  6.239523519
63.673813  1376.325928  -10.34060486  6.743921943
63.673813  1376.325928  -10.34060486  6.743921943
397.708344  553.897705  -9.671135866  5.288618852
469.285431  881.495056  -9.569312236  5.863545616
385.187469  763.71936  -9.707722373  5.652800992
719.055969  1443.811157  -9.163311699  6.887645427
694.624268  486.161041  -9.151058864  5.181966735
707.850525  211.330994  -9.116685326  4.711252753
596.713074  666.724854  -9.331054442  5.490839769
596.713074  666.724854  -9.331054442  5.490839769
511.955017  563.996643  -9.472337541  5.310068379
1008.209412  279.343475  -8.59990828  4.836511738
430.305511  758.697754  -9.628071445  5.645785582
529.93042  739.825439  -9.452996801  5.61679377
1004.971497  1215.807007  -8.638809757  6.477654578
457.235413  744.899963  -9.580063091  5.622653769
1030.640137  626.897339  -8.572374651  5.437832403
367.885132  1465.04895  -9.79864815  6.915804636
38.84396  1367.525513  -10.38437527  6.72697438
1016.063965  301.55603  -8.587027453  4.874174288
557.132263  291.104553  -9.382076755  4.842502728
681.359131  489.977661  -9.173588561  5.188635858
78.907402  332.188629  -10.21571954  4.895528205
149.442001  382.925385  -10.09681714  4.985218347
400.662781  247.743179  -9.649016163  4.763245087
196.44101  324.678864  -10.00986531  4.886831517
980.122925  576.678101  -8.658685489  5.347227399
177.339508  975.193726  -10.09534516  6.020658983
177.339508  975.193726  -10.09534516  6.020658983
650.520203  350.740601  -9.221902911  4.948240263
177.981079  305.918701  -10.04171688  4.854118877
997.703491  707.225098  -8.632668839  5.575259807
505.155396  297.060333  -9.471580551  4.851165559
199.181351  1448.736572  -10.10394504  6.882316767
27.15336  1422.603394  -10.41003492  6.826651011
181.250641  253.54039  -10.033046  4.764694058
992.813538  708.141907  -8.641362722  5.57755894
170.235275  1440.801514  -10.15619234  6.867718732
538.426514  726.256836  -9.437286012  5.593052172
652.716797  1279.400635  -9.272078235  6.584305221
344.084045  1270.86438  -9.8246378  6.559221085
398.462128  1473.360229  -9.744203882  6.932280778
398.462128  1473.360229  -9.744203882  6.932280778
639.753113  1082.435059  -9.280990115  6.225905114
88.791771  702.574707  -10.22985735  5.537515357
677.060547  1305.488647  -9.229814804  6.632204324
736.506775  208.926559  -9.067085994  4.708144274
834.324036  1267.132813  -8.946373618  6.568156514
227.4151  483.552887  -9.96659289  5.161661418
494.919159  447.122345  -9.49539223  5.108439267
494.546265  659.537903  -9.509944035  5.475802061
905.964417  412.087433  -8.781171841  5.061019217
90.64032  412.164795  -10.20186172  5.033368034
722.062988  1127.799683  -9.138410034  6.311611188
98.177238  486.421753  -10.19544281  5.161826549
497.472626  462.577209  -9.492308272  5.135026626
149.977737  317.43338  -10.09090722  4.872906247
149.977737  317.43338  -10.09090722  4.872906247
401.672821  1454.571411  -9.736808982  6.89746039
85.642075  563.032715  -10.22503241  5.294478721
210.338318  689.648743  -10.01315426  5.518693635
541.24884  348.780151  -9.411987353  4.940953732
712.768799  458.7229  -9.117651313  5.1355487
203.57074  635.647583  -10.02116716  5.425297849
625.282043  1290.598145  -9.322181561  6.604152682
138.933716  831.719849  -10.15236239  5.7659921
138.933716  831.719849  -10.15236239  5.7659921
618.703369  214.974289  -9.271196247  4.714526911
602.173706  1326.555664  -9.366635963  6.67108084
516.069336  639.843323  -9.470388567  5.441714167
856.343994  466.194916  -8.869158657  5.152729604
570.764038  998.221863  -9.396336563  6.071722906
390.111511  1350.099121  -9.749523811  6.705866369
390.111511  1350.099121  -9.749523811  6.705866369
134.536453  1297.416504  -10.2039807  6.60116375
98.864975  1263.980591  -10.26506487  6.538974079
98.864975  1263.980591  -10.26506487  6.538974079
1004.569336  1121.7677  -8.635758798  6.307284737
325.895569  533.277344  -9.79711717  5.250699753
325.895569  533.277344  -9.79711717  5.250699753
180.981949  711.279175  -10.06719254  5.556256737
733.987122  1130.639526  -9.117372317  6.317033199
460.135071  463.305664  -9.558368383  5.135095229
256.951569  448.108368  -9.913414606  5.101913454
963.72052  850.749268  -8.697848962  5.827049984
576.776489  585.445557  -9.361247035  5.349129739
165.934998  203.018463  -10.05756167  4.677524265
846.189026  507.91153  -8.888542396  5.224109766
476.6008  1092.104248  -9.572892188  6.239513032
736.106934  659.691162  -9.08744672  5.483852172
475.588257  543.967651  -9.534180709  5.273976151
182.750549  759.080811  -10.06689854  5.639154946
574.730652  560.338623  -9.363303008  5.306043304
574.730652  560.338623  -9.363303008  5.306043304
501.374481  645.111938  -9.496797212  5.450697725
399.005859  760.735962  -9.683050705  5.648128552
752.585754  870.662659  -9.069960955  5.854581466
380.851379  1434.151978  -9.772663499  6.859326994
156.850616  1377.993164  -10.17331311  6.750669355
716.991089  760.737366  -9.126735191  5.660369395
716.991089  760.737366  -9.126735191  5.660369395
700.306396  1333.430664  -9.18998434  6.683931507
29.614122  338.036804  -10.30297136  4.903543069
121.77533  1228.714722  -10.21808651  6.473622776
375.541718  728.794739  -9.721888183  5.59105595
14.324314  732.318237  -10.36509853  5.587426225
26.898256  898.21283  -10.35728063  5.879869502
1037.385986  748.651733  -8.564627755  5.649840265
23.348774  274.414215  -10.30955128  4.794446152
583.443909  681.556335  -9.355871108  5.51715211
870.245056  1295.242798  -8.883542463  6.620816874
160.519821  213.622772  -10.06755053  4.695453867
64.45385  329.957001  -10.2408692  4.891302133
399.139465  731.498169  -9.680862735  5.597136798
92.727875  1214.514526  -10.2706148  6.448777264
524.325684  369.198425  -9.442590941  4.975478501
462.038849  522.160339  -9.556767405  5.236296383
576.213806  247.311203  -9.34384427  4.768874055
56.786549  1060.996338  -10.31764317  6.169272368
559.13501  714.269653  -9.400258511  5.573455704
604.689453  1140.138306  -9.347050227  6.328583372
9.803646  304.615753  -10.33518393  4.845842068
188.719574  281.862244  -10.02052916  4.813506379
63.101982  899.282104  -10.29337349  5.882945503
585.963135  754.508728  -9.355419114  5.644189607
517.427185  1110.702759  -9.500858157  6.273560538
517.427185  1110.702759  -9.500858157  6.273560538
417.60202  1442.154419  -9.707460377  6.876182247
317.091675  540.004517  -9.813200954  5.262237702
386.248901  494.578583  -9.688404633  5.185798053
730.106201  986.073364  -9.114877351  6.056403288
730.106201  986.073364  -9.114877351  6.056403288
500.451843  1011.617981  -9.523615851  6.095459917
120.635109  886.266296  -10.19036688  5.861319688
736.829834  228.301804  -9.067131993  4.741288653
141.574387  460.175415  -10.11686187  5.118238704
682.859741  377.259125  -9.166628654  4.994512267
730.947571  1427.463745  -9.141235996  6.858936308
730.947571  1427.463745  -9.141235996  6.858936308
151.548386  273.36969  -10.08579329  4.797383242
503.737274  739.513184  -9.497901197  5.614597044
769.075806  115.866936  -9.007207799  4.549959052
31.892414  480.008179  -10.31148525  5.148660007
420.951965  1194.305908  -9.680416741  6.422291148
87.668312  577.640137  -10.22151046  5.319539072
87.668312  577.640137  -10.22151046  5.319539072
862.270081  957.475403  -8.880428505  6.010270674
616.654602  748.238281  -9.301235843  5.634276286
639.776611  1136.356445  -9.284764065  6.323197124
442.092957  854.321838  -9.61507862  5.814299897
166.786423  224.542923  -10.05710467  4.714483276
97.122833  1237.548584  -10.26571886  6.490659857
97.122833  1237.548584  -10.26571886  6.490659857
495.849121  1179.350952  -9.545161561  6.39741557
449.626495  618.956909  -9.584687029  5.402978905
498.124023  325.080444  -9.485416365  4.898750633
47.900661  362.301605  -10.27236278  4.946103642
660.283997  1011.347534  -9.241067653  6.101119554
12.257597  250.468262  -10.32798103  4.753015841
933.202026  1463.16333  -8.778635875  6.932188286
333.08786  764.634644  -9.799580137  5.652819804
475.811432  1075.935181  -9.572863188  6.210481262
441.453918  319.192383  -9.582560058  4.886669277
742.295959  778.348877  -9.08293778  5.691469166
681.861816  1116.593018  -9.208981084  6.289873858
299.871857  547.055664  -9.844055539  5.273832861
509.058044  222.584152  -9.461340689  4.723722709
418.450989  1049.742432  -9.672557847  6.161461804
585.40448  536.849243  -9.343456275  5.265727671
792.41095  1309.989014  -9.023666578  6.644830458
989.490356  555.493408  -8.64153772  5.310979778
541.988464  155.265228  -9.401710491  4.609947432
388.947174  575.938965  -9.687319648  5.326087749
106.32177  291.589142  -10.16561921  4.827061314
406.659393  470.022827  -9.651752126  5.144570676
407.380554  1335.03833  -9.716929249  6.678712815
429.204254  1040.476685  -9.65295911  6.144842072
695.330017  740.536499  -9.163432697  5.623989571
833.355896  1278.223022  -8.94848159  6.587246866
362.615387  1046.966919  -9.771773511  6.154551586
362.615387  1046.966919  -9.771773511  6.154551586
571.078918  686.98468  -9.377300819  5.525644608
696.865601  381.770264  -9.142220983  5.002847219
894.12561  526.613892  -8.8065055  5.258361246
79.694725  443.154022  -10.22436942  5.08648407
79.694725  443.154022  -10.22436942  5.08648407
510.716309  326.540771  -9.463361661  4.901683968
542.116577  1067.828979  -9.453548793  6.196966479
556.054077  721.873779  -9.406038433  5.586327235
495.120422  1039.48584  -9.535659689  6.145892194
581.567993  280.34552  -9.339128333  4.824846513
668.914307  922.627563  -9.219976936  5.94312765
408.751099  564.320129  -9.652154121  5.306818445
185.362442  739.590271  -10.06076162  5.60502264
32.846478  740.779358  -10.33315896  5.603039542
649.760559  484.386658  -9.228974815  5.17768074
275.67337  744.796509  -9.900745776  5.616714403
307.066345  530.989685  -9.830142726  5.246112766
4.897083  484.745758  -10.3600266  5.15547378
685.690491  412.722412  -9.162949704  5.055220741
673.187927  1028.086792  -9.218824952  6.130399099
673.187927  1028.086792  -9.218824952  6.130399099
738.34729  1026.075684  -9.102654515  6.127755442
151.270691  658.36145  -10.11541489  5.462305672
573.634705  301.075409  -9.353942134  4.860063484
673.756653  296.435059  -9.179090487  4.855743615
683.739685  705.044556  -9.181883449  5.561757193
333.486755  772.671875  -9.79939614  5.666766075
215.716751  642.814819  -9.999633445  5.437277932
77.466293  339.438019  -10.21805651  4.907729795
237.499344  1274.012207  -10.01687821  6.561751984
166.974823  739.469727  -10.09334718  5.603966198
841.045227  968.8125  -8.918218997  6.029222659
498.949005  1404.462524  -9.55858238  6.810866842
498.722931  1315.923584  -9.551689473  6.647589084
729.421631  265.935822  -9.081348802  4.804397964
155.620667  749.198792  -10.1148169  5.621132017
26.726532  376.795074  -10.31081026  4.970446722
571.936401  424.231689  -9.361401033  5.071701781
496.757507  737.551331  -9.510402028  5.611173922
438.830597  397.853027  -9.591852932  5.021764569
339.142731  507.489624  -9.771948509  5.206642664
44.346462  695.004395  -10.30817129  5.522939115
44.346462  695.004395  -10.30817129  5.522939115
695.718384  1027.999878  -9.178741491  6.130971003
468.978363  1083.766724  -9.585710015  6.224378024
653.654724  554.869568  -9.225731859  5.299205235
599.037537  393.053345  -9.312770688  5.019429973
94.439018  214.195602  -10.18289698  4.694107198
39.883591  731.980896  -10.31982214  5.58741902
39.883591  731.980896  -10.31982214  5.58741902
33.713184  366.004456  -10.29773243  4.95201841
679.067017  402.785187  -9.174207552  5.038371704
188.817886  1058.213623  -10.08320332  6.169866797
654.999329  1031.318848  -9.250590524  6.134974482
10.663766  259.109863  -10.33089799  4.767943283
574.710266  580.217468  -9.364415993  5.340544389
140.129517  1174.328369  -10.181279  6.376849799
36.026783  501.913574  -10.30648632  5.186477975
78.228722  1121.123047  -10.28457361  6.277597322
184.226105  1015.2677  -10.08661627  6.092139909
756.897156  556.167419  -9.04582528  5.304769512
94.794899  857.165405  -10.23493828  5.810735001
47.266144  1308.046143  -10.36317755  6.618377032
47.266144  1308.046143  -10.36317755  6.618377032
714.064026  413.236267  -9.113729366  5.056955146
714.064026  413.236267  -9.113729366  5.056955146
181.871033  663.577942  -10.06082462  5.472233092
613.521851  765.425415  -9.308104751  5.664440581
500.052094  291.29245  -9.480699428  4.840581332
63.418732  1037.094238  -10.30441934  6.127861818
432.499054  368.446777  -9.600852811  4.970943045
614.843872  926.019592  -9.315733648  5.947453907
963.228088  1338.782349  -8.718956678  6.703917582
415.093323  718.60791  -9.652484117  5.575393536
668.747009  453.795471  -9.194208283  5.125382891
688.652832  1372.023071  -9.213456024  6.754475179
688.652832  1372.023071  -9.213456024  6.754475179
556.310974  752.310425  -9.407524413  5.639375716
556.310974  752.310425  -9.407524413  5.639375716
905.227234  1420.611084  -8.827005224  6.852427553
490.279907  1300.154907  -9.565771283  6.618699897
1025.192383  441.759674  -8.575605607  5.115233801
100.982224  1062.281982  -10.23936822  6.173162739
12.370894  329.230988  -10.33216597  4.888120066
692.013916  517.818909  -9.156867786  5.23556585
496.864075  987.404175  -9.528191789  6.052244693
102.121765  249.254501  -10.17086514  4.754211738
434.261566  671.22345  -9.615555614  5.493087633
58.941681  1416.231689  -10.35354568  6.817609677
65.081177  1001.232239  -10.29609646  6.062400842
13.207783  1052.182983  -10.39379214  6.151607984
504.738708  215.346893  -9.46869459  4.711551359
168.392334  487.542786  -10.07206447  5.166337256
968.184143  1463.484009  -8.715470725  6.933037161
735.916626  390.94043  -9.074731891  5.019637361
88.969193  380.71582  -10.20203172  4.979195412
1018.448425  1238.155151  -8.615735067  6.519733265
581.542969  178.176071  -9.3341354  4.650160753
1053.028442  1179.834595  -8.551943925  6.416101752
528.044189  1189.037842  -9.488366325  6.416043851
727.686279  707.660278  -9.104983484  5.567493528
989.279419  1059.075562  -8.660371466  6.194065722
516.969849  463.908356  -9.458852722  5.137765515
477.210358  266.329041  -9.517816929  4.7975994
845.980835  435.237  -8.885895432  5.099337236
774.924011  687.802429  -9.021137612  5.534074482
485.109406  493.62027  -9.515609958  5.1876999
90.392303  482.792297  -10.20872663  5.15523264
83.029411  597.882507  -10.22994635  5.353870064
178.726318  591.148743  -10.06146461  5.346166733
998.521057  865.971008  -8.637142779  5.855077743
998.521057  865.971008  -8.637142779  5.855077743
485.663483  620.051025  -9.521963873  5.406169418
469.890106  663.479065  -9.552945456  5.481382286
469.890106  663.479065  -9.552945456  5.481382286
562.657776  592.749878  -9.386094701  5.361688733
499.474518  1010.0224  -9.525758822  6.093046581
1237.81665  674.517273  -8.209897528  5.527708867
1936.524414  314.948883  -6.957088386  4.911870699
1679.314209  1325.812988  -7.421596135  6.716235565
1062.045044  611.401062  -8.517271392  5.422686588
1710.562134  749.172058  -7.362794927  5.676169271
1710.562134  749.172058  -7.362794927  5.676169271
1497.50647  759.699585  -7.749296726  5.686369364
1609.279053  278.330994  -7.546432456  4.844739608
2092.617188  40.607777  -6.67439519  4.432414373
2108.773682  208.91713  -6.642977612  4.727147523
1553.847412  237.662415  -7.644468136  4.773416064
1553.847412  237.662415  -7.644468136  4.773416064
1827.19458  289.942261  -7.156452703  4.866806226
2079.483154  568.145325  -6.686176031  5.36325865
1487.285278  1079.842773  -7.770099446  6.259127695
1487.285278  1079.842773  -7.770099446  6.259127695
1774.482788  294.671143  -7.250380439  4.875193374
465.390076  670.250793  -9.55932837  5.491934444
1645.531372  1094.43103  -7.481826325  6.293651978
753.821655  606.796753  -9.053460177  5.392368021
1804.047485  1104.403198  -7.190332247  6.320106504
1534.264282  280.88327  -7.680410653  4.848383285
1981.893799  431.466064  -6.872921518  5.117631211
1228.574463  1116.38562  -8.236819166  6.31039051
521.807861  540.333862  -9.454323783  5.269580116
1373.567627  290.385834  -7.964941824  4.862720282
1117.049438  272.601959  -8.41114582  4.82718445
1497.352539  719.821045  -7.749688721  5.615334415
1888.871704  630.91925  -7.039472277  5.469413323
645.740784  432.289429  -9.234102746  5.088911435
1857.152954  773.104736  -7.093602549  5.72472808
1857.152954  773.104736  -7.093602549  5.72472808
2151.875488  326.228699  -6.560718719  4.933874899
2151.875488  326.228699  -6.560718719  4.933874899
1201.955078  999.567932  -8.281251568  6.101085682
683.340149  107.833138  -9.154590816  4.532955544
1299.410034  104.61277  -8.089434149  4.54180177
1250.708984  431.677887  -8.182507897  5.104059085
1798.996094  737.585083  -7.201227101  5.65776943
1198.241333  392.776001  -8.273489672  5.035560804
1198.241333  392.776001  -8.273489672  5.035560804
1195.87439  551.920715  -8.281296567  5.312061234
1551.754761  748.030823  -7.652524028  5.666231884
2166.992676  591.562012  -6.520898255  5.407511381
1298.013062  377.189423  -8.098434028  5.01107049
2100.737793  1093.357666  -6.634398728  6.317483365
1405.256104  1342.980469  -7.922737392  6.730163068
65.943314  531.402832  -10.25615499  5.238702931
1251.983765  489.26532  -8.181408911  5.203783792
1308.327637  643.616699  -8.084976209  5.475609395
527.708679  529.347534  -9.444012922  5.250866463
1668.130737  211.925507  -7.440417882  4.729736625
1145.411133  634.547546  -8.367943401  5.467090706
1654.709473  532.084351  -7.466220535  5.28889543
1150.196411  111.432388  -8.348876658  4.550592333
1587.697021  148.218018  -7.582898965  4.618596689
1071.652954  497.672668  -8.495737682  5.213936426
1794.341553  444.407776  -7.213869931  5.137946871
629.296692  712.86908  -9.280138127  5.574839933
629.296692  712.86908  -9.280138127  5.574839933
1551.566528  730.547363  -7.652671026  5.635965124
1551.566528  730.547363  -7.652671026  5.635965124
2209.034668  223.456207  -6.459116086  4.753076223
1493.556763  500.203522  -7.755270645  5.229190717
2126.765381  687.758362  -6.592220295  5.58029978
624.403992  587.356445  -9.278286152  5.354488054
1239.245483  601.606262  -8.206138579  5.399260914
63.790092  503.525574  -10.25737598  5.189865008
63.790092  503.525574  -10.25737598  5.189865008
1033.04895  43.681744  -8.550200949  4.432225459
511.23996  473.49527  -9.442994936  5.149191363
1592.030273  751.075317  -7.579999004  5.673836548
1119.858032  123.477394  -8.402062942  4.571057435
1119.858032  123.477394  -8.402062942  4.571057435
1377.978638  1249.717407  -7.970708747  6.559934666
1175.532471  359.49939  -8.312223151  4.97782895
595.032593  520.552124  -9.325029523  5.238522163
1157.080444  296.629944  -8.341600756  4.869305781
1162.834717  185.255524  -8.329454919  4.677878476
1836.66272  104.985497  -7.137647956  4.544673273
1551.35498  1316.551758  -7.656706972  6.690919439
1233.179443  523.321411  -8.215347455  5.262714894
1099.340942  194.009354  -8.439228442  4.691763169
1010.599487  657.133362  -8.608203168  5.488786017
1281.712646  1147.031372  -8.14214944  6.369401444
2022.699341  490.844055  -6.79622755  5.223402799
1640.692627  438.227173  -7.491573194  5.124010331
2158.356689  688.190247  -6.534771068  5.581719164
1892.291748  369.815094  -7.039549276  5.007103578
2217.529053  605.799561  -6.42240858  5.434742253
1218.968628  393.305969  -8.237418158  5.036901772
1492.649902  470.869202  -7.756973623  5.177764654
1454.578979  489.946594  -7.825239704  5.209553837
2114.241211  716.816589  -6.616865964  5.632916503
1056.363281  274.690277  -8.516511402  4.829365875
1014.338196  523.045349  -8.597977306  5.255947749
2201.94458  639.232056  -6.45439715  5.494682478
1812.91748  116.968704  -7.181415367  4.566056936
72.598312  429.780914  -10.23540827  5.063326498
1757.445801  588.468689  -7.279766044  5.391361073
2207.544189  138.775192  -6.465125006  4.604612008
1562.278564  659.715942  -7.633571283  5.510782289
1562.278564  659.715942  -7.633571283  5.510782289
1265.682617  6.16458  -8.145369396  4.371342062
1860.027466  1004.845947  -7.086483645  6.142856159
2159.973877  453.969391  -6.540474992  5.160748192
1205.102295  1287.419678  -8.28331254  6.617834058
758.803894  638.95282  -9.046627269  5.448856259
1726.039795  560.882507  -7.336772277  5.341578631
1336.025269  203.218231  -8.027980976  4.711615985
48.869041  210.280029  -10.26070293  4.687045341
386.856567  685.40155  -9.699485484  5.516343385
2059.641357  623.870728  -6.722254546  5.462584402
888.38916  424.942291  -8.811794429  5.082731165
1093.690796  104.929413  -8.44684434  4.538744974
1139.47168  207.073013  -8.370361369  4.715034738
1257.112549  1295.871094  -8.189808798  6.636344073
1837.245728  244.993134  -7.137084964  4.788449871
2155.429199  639.028687  -6.539467005  5.493253103
1734.897095  637.790771  -7.320601494  5.47784519
841.558411  469.376862  -8.894779312  5.157661937
841.558411  469.376862  -8.894779312  5.157661937
1838.757568  346.310547  -7.134486999  4.965908207
1542.061401  615.935486  -7.669282802  5.433359279
1278.304932  540.451843  -8.136259519  5.29378193
1737.168579  486.881683  -7.316870545  5.211229051
1198.462646  583.699524  -8.277428619  5.366708808
1287.200684  642.345825  -8.122279707  5.472528067
1236.065918  1283.908081  -8.227488291  6.613311931
1184.619873  208.731461  -8.291974424  4.718718598
1825.245972  564.669189  -7.156887697  5.350336283
449.074371  536.559387  -9.583387046  5.261479268
313.018158  545.710022  -9.820613854  5.271982397
1342.509644  72.313972  -8.013306173  4.486093793
1342.509644  72.313972  -8.013306173  4.486093793
759.036133  217.205063  -9.028330515  4.722856408
759.036133  217.205063  -9.028330515  4.722856408
2160.377197  767.2453  -6.529321142  5.724160953
2111.141846  484.721069  -6.63051478  5.212443866
2111.141846  484.721069  -6.63051478  5.212443866
1410.307739  433.147644  -7.901785674  5.110833624
2224.659424  819.460938  -6.408401769  5.821074335
1026.276611  463.873657  -8.574321624  5.153604247
1581.788696  339.291199  -7.595509795  4.950025996
1873.545776  239.383362  -7.072173837  4.779151147
661.114258  409.039886  -9.206237121  5.048536275
1093.627563  329.445953  -8.45353625  4.924257563
96.925873  300.663788  -10.18382597  4.842126036
1495.0802  1088.455444  -7.756343631  6.274869987
1495.0802  1088.455444  -7.756343631  6.274869987
1448.882568  545.543518  -7.834832575  5.30725441
1448.882568  545.543518  -7.834832575  5.30725441
1848.969727  1338.30603  -7.105691386  6.75121383
1871.22522  665.416321  -7.067749897  5.532515376
1622.733521  491.023163  -7.524252754  5.21569949
2060.493896  687.631348  -6.712970671  5.577066762
2096.133301  645.832397  -6.652464485  5.503335162
1576.678833  506.058167  -7.605964654  5.241340081
1954.42395  49.579025  -6.926408799  4.448493696
1247.165894  283.870544  -8.185384858  4.84949634
1247.165894  283.870544  -8.185384858  4.84949634
1435.045654  230.898071  -7.855138302  4.760576468
1255.861694  478.318573  -8.17404401  5.185459273
1683.64917  89.849724  -7.412813254  4.518623065
1260.788452  486.47995  -8.165089131  5.200158771
2014.025146  178.155762  -6.815980284  4.672684955
1140.212891  350.430115  -8.373491327  4.961417919
1630.710571  336.785858  -7.508152971  4.946899705
1570.734985  27.567106  -7.611597579  4.410286109
1896.677368  639.694885  -7.023425493  5.486321797
1083.381348  420.631836  -8.473796977  5.080647708
2023.017334  463.436737  -6.794463574  5.175153713
1207.765747  513.193115  -8.259948855  5.244155146
1207.765747  513.193115  -8.259948855  5.244155146
2028.185547  810.577942  -6.776631814  5.797956697
1000.930481  266.115967  -8.612378112  4.813321011
1063.456421  501.121124  -8.510877478  5.218770454
1111.15686  355.096619  -8.423507654  4.968748868
1752.521851  635.216492  -7.288333929  5.473648179
1653.735352  395.971161  -7.467695515  5.050311113
2198.003174  552.531982  -6.46407202  5.338457181
1040.154907  477.753174  -8.551128936  5.177900134
2166.549316  98.111099  -6.539887  4.533249793
1159.313721  1167.919067  -8.362013481  6.399218466
1179.884644  776.271851  -8.314677118  5.704076434
131.625717  295.020844  -10.12131481  4.833683789
22.080147  200.122833  -10.3078643  4.667352722
1810.282471  504.121429  -7.184232329  5.243519936
765.96106  94.319664  -9.012201732  4.512827356
1792.897095  558.211365  -7.215182913  5.338263157
1038.37146  208.970215  -8.545828008  4.716047391
1138.322876  266.446594  -8.373927321  4.816964845
86.208244  309.800049  -10.20203072  4.857551195
190.985916  67.150383  -10.00912132  4.445964628
190.985916  67.150383  -10.00912132  4.445964628
52.451454  322.844971  -10.26142992  4.878700539
1307.175537  504.134033  -8.084474216  5.231677225
1307.175537  504.134033  -8.084474216  5.231677225
103.158936  71.969765  -10.1588793  4.451589986
436.525879  278.519196  -9.588104983  4.817060828
662.875854  218.846344  -9.194710276  4.722665322
1776.667236  1100.472412  -7.24066757  6.311837746
1898.928833  603.048401  -7.023171497  5.420029028
1882.623535  340.206299  -7.056060054  4.95548828
1806.999878  431.605713  -7.191392233  5.115007064
2126.672607  409.274841  -6.605418118  5.080567234
1621.623169  473.891266  -7.525744734  5.185997975
428.656372  431.740448  -9.613279644  5.079577712
1322.471313  779.879333  -8.061610523  5.716725367
29.817375  360.88736  -10.30342736  4.943209003
270.865875  711.823547  -9.905971706  5.558484339
1227.530762  289.210419  -8.219669397  4.857992595
1226.728638  533.747375  -8.226917299  5.28047801
1886.164551  368.996155  -7.04742417  5.00659233
115.345291  374.898834  -10.15565035  4.97019533
2024.108276  193.49614  -6.798559519  4.699127377
1248.971802  756.034363  -8.192060768  5.670817185
726.373901  526.394714  -9.097518584  5.25244495
1597.379883  1415.128052  -7.570953126  6.877658345
2207.795654  301.118225  -6.457489108  4.889966614
49.430412  258.352509  -10.2633539  4.767920502
1110.596191  395.05423  -8.426073619  5.037386947
902.341431  499.17276  -8.79087271  5.211110653
2001.740112  969.910522  -6.823214187  6.085676013
2001.740112  969.910522  -6.823214187  6.085676013
1115.966553  620.365295  -8.422975661  5.428008204
1220.120605  1074.827759  -8.251009975  6.235001427
1123.757446  717.002808  -8.412232805  5.597473679
2090.983398  763.510315  -6.660153381  5.715033538
1890.420898  33.644623  -7.042838232  4.422429874
468.278381  229.962585  -9.533123723  4.735121106
1212.049194  835.272888  -8.259343863  5.809376701
2185.960205  1079.797974  -6.473827888  6.296609537
736.196899  684.876221  -9.089285695  5.528488977
2054.004883  1485.127441  -6.714858645  7.041361649
2174.809082  1051.855469  -6.494700608  6.245195256
1753.186646  305.105865  -7.288822922  4.892843086
1832.498413  1406.850464  -7.137454959  6.874547396
2033.947144  162.321976  -6.780048768  4.644737656
384.536682  63.01659  -9.670560873  4.446342114
1869.53833  662.571838  -7.073756816  5.526057036
1598.074463  59.307583  -7.56395122  4.465408596
1701.210205  79.046539  -7.38035869  4.499538695
1177.45166  381.766663  -8.309372189  5.01616066
1095.404907  275.004517  -8.448738314  4.830764777
2176.124756  412.57132  -6.511516381  5.087149158
1814.477905  515.778687  -7.176955427  5.263728454
1561.883667  536.521057  -7.633156289  5.29451613
1561.883667  536.521057  -7.633156289  5.29451613
1623.16394  1094.016968  -7.523183768  6.291341889
1093.152466  434.666779  -8.457477197  5.10498409
1090.176392  98.493599  -8.452652262  4.527742823
1090.176392  98.493599  -8.452652262  4.527742823
1535.754639  875.287964  -7.681523638  5.893536848
1562.736084  553.991272  -7.63157731  5.325202562
2106.87085  841.779968  -6.627449821  5.858106152
1170.587891  265.375153  -8.317999073  4.815818137
1051.162476  415.226227  -8.529553227  5.07058445
1678.85791  1157.378174  -7.421474137  6.409077536
1039.431274  446.084564  -8.550735942  5.123357677
1114.456055  211.319962  -8.413815784  4.721704609
1525.037842  1015.455994  -7.700892377  6.145345038
1524.647339  1096.406494  -7.702348358  6.291352438
452.000671  530.806274  -9.574651164  5.251017671
1012.624878  653.272949  -8.604877213  5.482416066
1577.132568  605.482239  -7.606122652  5.415313355
1250.463379  103.531517  -8.174351006  4.538507132
1261.609985  795.002136  -8.170430059  5.739935697
1174.192505  350.442017  -8.314251124  4.962217163
1718.47522  470.823608  -7.351111084  5.182574517
166.191635  656.235352  -10.08782326  5.458743176
1432.895874  1293.558105  -7.872432069  6.640513054
1748.729736  744.872742  -7.293065865  5.669959735
457.672668  461.117584  -9.564246304  5.130614637
1159.284424  166.365433  -8.334827847  4.645403341
1620.683838  572.546753  -7.527750707  5.3591734
1790.139526  99.372971  -7.221681825  4.534777627
1562.994019  1077.354004  -7.632233301  6.258717261
2177.232422  752.525818  -6.498494557  5.698275374
1712.535889  359.788635  -7.361586943  4.987918574
1977.948486  202.980026  -6.882869384  4.715876101
1887.699463  87.130928  -7.047138174  4.51425823
1654.82373  1041.894043  -7.46438856  6.199566914
1654.82373  1041.894043  -7.46438856  6.199566914
1920.834717  383.6008  -6.985318006  5.032303401
1920.834717  383.6008  -6.985318006  5.032303401
1279.053467  775.163574  -8.139024482  5.705621895
318.728119  714.762207  -9.820641854  5.564639727
1320.772095  1425.720581  -8.077811305  6.875731935
1436.010742  779.311523  -7.859493243  5.719384569
373.884308  702.426208  -9.723920155  5.545648593
1887.458496  410.52066  -7.045812192  5.079430171
1721.412964  1480.187134  -7.341351215  7.006787244
1280.179321  304.021973  -8.128517623  4.884556476
1457.230591  561.984924  -7.820265771  5.336154547
2202.765625  346.859528  -6.465290003  4.970992905
1781.780762  220.003983  -7.236517626  4.744494174
1782.387695  425.647614  -7.235375641  5.104694202
1509.032104  723.258423  -7.728486006  5.622740903
1541.20752  1196.366699  -7.674267735  6.470687265
162.200851  708.174622  -10.09886211  5.548804512
1248.187622  462.241516  -8.187692827  5.156885085
77.841881  243.94516  -10.21333757  4.744584189
77.841881  243.94516  -10.21333757  4.744584189
1721.11084  330.570282  -7.34616015  4.937033814
1721.11084  330.570282  -7.34616015  4.937033814
1061.351929  668.484314  -8.519960356  5.510495077
1777.177368  443.983307  -7.24514151  5.136396933
1777.907227  280.083008  -7.244773515  4.849703672
1638.621704  33.638638  -7.491379196  4.421080283
1813.990845  334.60434  -7.180227383  4.9450984
2035.161499  1343.810303  -6.753087131  6.776777322
2035.161499  1343.810303  -6.753087131  6.776777322
1199.26355  419.445007  -8.272483686  5.081569661
1764.078003  1134.534912  -7.264085255  6.372706156
1764.078003  1134.534912  -7.264085255  6.372706156
2114.498291  346.526733  -6.628851802  4.969286757
2114.498291  346.526733  -6.628851802  4.969286757
2064.299316  1315.03064  -6.697519878  6.726290782
1580.747437  120.664413  -7.596119787  4.571265161
1557.901611  807.453369  -7.642144168  5.772452871
118.9375  419.847443  -10.15324538  5.047544681
164.859482  587.279175  -10.08537029  5.338909517
2131.099609  25.584425  -6.60528712  4.406703045
1813.125732  288.449554  -7.181381368  4.864159118
1851.854858  236.07637  -7.110795317  4.7731065
1672.407104  511.278442  -7.433622974  5.252433905
1812.563843  500.299805  -7.180753376  5.236439197
1296.287109  732.224731  -8.107701903  5.630790683
1082.042603  400.168579  -8.475521954  5.045553336
1854.337646  1312.527588  -7.097008503  6.702474884
1183.512573  317.422211  -8.297169354  4.905642506
1102.026611  261.730743  -8.436859474  4.808113742
2026.457153  1482.423584  -6.767170941  7.035334107
1866.815796  807.058228  -7.075201796  5.786008358
1078.314087  265.629486  -8.478090919  4.814260785
1674.618408  335.479828  -7.429748026  4.945159927
2210.13208  365.667908  -6.449689213  5.004683015
20.748405  277.628723  -10.31359222  4.800076066
1169.178711  212.521118  -8.318782063  4.72487728
1611.166992  390.146759  -7.544672479  5.039411411
23.200518  359.594116  -10.31578419  4.940384063
1546.094482  691.641235  -7.662690891  5.566771337
1252.922607  338.27359  -8.176668975  4.942700508
1154.464722  361.203247  -8.348900658  4.980266215
1377.167969  274.737  -7.958243914  4.83550269
1380.45813  1370.754883  -7.968311779  6.778354449
661.596558  508.035217  -9.209548077  5.218723155
2083.837402  869.191223  -6.670874237  5.906540265
1191.446289  527.853882  -8.288319473  5.269158346
1108.480225  372.059662  -8.429096578  4.99782259
527.101929  259.023102  -9.429440118  4.786881257
1589.028198  790.199158  -7.585588929  5.743298742
1683.587646  202.799805  -7.412635256  4.713968925
1824.388306  513.977356  -7.159610661  5.260637391
1322.002563  707.525391  -8.061582524  5.588195019
1613.134888  434.50296  -7.541087527  5.117117489
1843.0979  372.348389  -7.126255109  5.011616871
1615.077881  1335.394043  -7.539170553  6.730067913
1204.418579  376.550293  -8.262363822  5.007828251
1286.140259  479.567993  -8.121259721  5.188385561
1286.140259  479.567993  -8.121259721  5.188385561
2091.307861  71.325645  -6.677070154  4.486054391
1579.412842  350.075958  -7.60031773  4.969094956
1646.072144  1299.505127  -7.482659314  6.665664229
1182.985596  179.915741  -8.294156394  4.669005596
1695.595459  8.27445  -7.390369556  4.377484872
2082.000977  855.153992  -6.674517188  5.88077174
2151.473633  1169.226685  -6.536766042  6.460306246
2151.473633  1169.226685  -6.536766042  6.460306246
1679.140503  1121.069824  -7.42053415  6.343555906
280.671143  702.816467  -9.887981948  5.542947835
1735.983032  195.546936  -7.31867852  4.701816324
1636.22937  95.539726  -7.496615126  4.527854608
474.689545  467.428497  -9.532822727  5.142409185
2152.281738  1041.284424  -6.537368033  6.224918657
2152.281738  1041.284424  -6.537368033  6.224918657
705.18396  496.232208  -9.132700111  5.199521868
47.324245  554.213318  -10.29132652  5.277698141
1091.664185  209.017303  -8.452814259  4.717462579
1955.169556  523.620789  -6.91812891  5.281055509
2055.547607  564.828796  -6.729304451  5.356876387
485.704102  206.709366  -9.500231165  4.695832457
1594.722412  656.314331  -7.576723048  5.504179615
1198.741333  523.683777  -8.274837654  5.262491424
1263.99585  1487.724365  -8.181638908  6.989906907
2065.819092  987.206604  -6.702779808  6.120753808
1619.983276  585.575562  -7.528830692  5.38221322
1348.38208  662.329956  -8.01430316  5.50914916
2145.141846  1007.031555  -6.551199847  6.161575419
1822.641113  404.093475  -7.163703606  5.067057337
1192.431641  329.902954  -8.281718562  4.927290059
935.864685  638.191101  -8.738306418  5.453736057
935.864685  638.191101  -8.738306418  5.453736057
482.005219  629.258301  -9.531956738  5.424509106
75.415489  265.451691  -10.21788451  4.781138378
2034.192627  492.415161  -6.772273873  5.227222555
1120.216309  102.952148  -8.40077096  4.535810512
1556.008667  550.19574  -7.643632148  5.318427431
1293.434326  1182.785034  -8.121822713  6.434088708
1278.375  1189.866943  -8.149052347  6.445936826
1522.179565  1372.410522  -7.710924242  6.790087132
994.495239  214.139236  -8.620242006  4.723735949
2084.371582  542.457214  -6.675572174  5.317704774
2001.970581  205.516418  -6.838870976  4.720618692
1847.218384  427.863098  -7.119211204  5.109201379
1295.27417  873.254517  -8.112641837  5.87940115
1228.809692  604.216675  -8.224519331  5.40344925
180.981949  711.279175  -10.07213447  5.557540489
1837.542969  1436.236816  -7.12845608  6.928486867
1060.128174  325.091156  -8.511521469  4.91596837
1555.448975  380.197845  -7.643817145  5.021090075
1873.95105  365.042755  -7.071300849  4.999202102
1580.144287  1490.749146  -7.603058694  7.016999644
2132.603271  336.311707  -6.597009231  4.951436494
1184.43103  570.385193  -8.301540295  5.34310269
74.111183  567.984375  -10.24413916  5.302255816
1238.329224  247.550903  -8.199685665  4.786428335
1611.93103  602.580994  -7.543791491  5.41171925
1157.94104  285.909393  -8.34051677  4.850860442
1265.89209  508.530609  -8.157420234  5.237820004
1618.670532  323.988007  -7.52902669  4.924197606
60.627373  136.744354  -10.23704725  4.560466507
1675.283813  1264.645996  -7.428977036  6.6031904
210.012497  36.240555  -9.976057763  4.394459023
210.012497  36.240555  -9.976057763  4.394459023
764.245972  197.584366  -9.018631646  4.689417807
1749.01062  320.267914  -7.296555818  4.919293759
770.778076  272.561249  -9.010685753  4.817942774
1923.46167  977.386292  -6.968554231  6.096491297
1523.942993  881.02887  -7.701966363  5.904148914
1609.894531  780.766785  -7.547702438  5.727413362
1203.218262  755.609375  -8.27292168  5.668612063
1813.406128  1493.955078  -7.171434502  7.036174631
1165.032471  152.021622  -8.324638984  4.620924226
1708.900513  298.879242  -7.36848185  4.881546788
292.085724  735.881104  -9.870814179  5.601897142
1539.260986  744.465149  -7.674632731  5.660710959
1331.248047  7.473136  -8.031126934  4.374176029
1808.704956  516.08551  -7.187460286  5.264162319
1808.704956  516.08551  -7.187460286  5.264162319
1170.015869  269.8573  -8.320778036  4.823673541
1843.708984  696.069641  -7.119953194  5.585527502
1843.708984  696.069641  -7.119809196  5.585499356
1309.795898  304.020325  -8.077079315  4.884999305
1079.367432  327.311096  -8.478264917  4.920229193
1378.00293  787.578552  -7.962664855  5.731931217
1818.096069  414.184753  -7.171506501  5.084748701
1173.721313  135.824692  -8.308741198  4.59307352
2137.212158  668.888977  -6.573053553  5.546583328
1290.982666  1371.781372  -8.130641594  6.775574415
1073.623291  385.977509  -8.489787762  5.020973427
1667.864502  478.601898  -7.442631852  5.195210241
1665.168457  248.42598  -7.446309803  4.793658094
1534.783325  856.892212  -7.68282362  5.860926773
1127.91687  451.6362  -8.397527003  5.135381033
1034.355469  660.588318  -8.566975723  5.495903316
956.914368  533.130859  -8.697429968  5.271408659
1024.796509  291.231842  -8.571839658  4.856983203
1272.165894  491.905457  -8.146069387  5.209165955
763.548645  657.358765  -9.039434366  5.480693968
2124.778809  1424.253418  -6.581325442  6.933280849
2124.778809  1424.253418  -6.581325442  6.933280849
150.403168  47.404598  -10.07812539  4.410621474
1255.632324  525.592529  -8.176136982  5.267034616
1203.974365  266.225159  -8.260067853  4.817881612
1203.974365  266.225159  -8.260067853  4.817881612
1143.496216  127.311768  -8.361064494  4.578079357
1851.759521  1117.802002  -7.101929437  6.346947049
581.850891  210.15271  -9.33492439  4.704939248
1361.089355  251.555084  -7.985705545  4.795472204
809.457275  434.956604  -8.949346578  5.097482182
1819.881958  1487.587402  -7.159165667  7.025740112
1106.456177  306.789734  -8.43048956  4.885623179
495.932495  584.96344  -9.50062116  5.345566932
495.932495  584.96344  -9.50062116  5.345566932
1061.804932  373.208405  -8.510307486  4.999141443
68.480919  86.824982  -10.22216345  4.475534212
1883.919678  361.056549  -7.051195119  4.992335687
1143.69751  489.896729  -8.371227357  5.201790909
1143.69751  489.896729  -8.371227357  5.201790909
402.326569  204.002014  -9.645034217  4.688473934
235.059464  277.59613  -9.940316244  4.807903149
1769.232056  585.233459  -7.258450331  5.385805598
2195.095215  535.556763  -6.469924941  5.30785681
1501.019775  856.26001  -7.743250807  5.858839565
1782.388062  387.641205  -7.235912634  5.037643457
500.745544  334.331207  -9.481082423  4.914814873
1193.917847  119.11866  -8.273298675  4.564535498
1554.622681  85.437881  -7.640639188  4.510108367
1540.001465  756.404175  -7.673411747  5.681738207
1523.555664  739.572815  -7.703132347  5.651324444
1283.727051  1025.234741  -8.135796525  6.150678302
1237.172363  897.337463  -8.216099445  5.920533207
1625.37561  429.72641  -7.519205822  5.108725211
1160.747803  22.116144  -8.328324934  4.397388195
489.168121  382.933472  -9.503821117  4.997705455
1637.959839  597.507507  -7.496462128  5.403846063
1352.375244  623.71167  -8.006704262  5.441570891
1352.375244  623.71167  -8.006704262  5.441570891
1156.602051  317.665039  -8.343688728  4.905516154
1007.369385  128.463303  -8.596711323  4.577315634
748.831482  209.276993  -9.046015277  4.709063243
1756.861694  688.568787  -7.279718044  5.569106415
1756.861694  688.568787  -7.279718044  5.569106415
669.51178  122.241829  -9.177298511  4.557605138
1826.756348  1492.785522  -7.146903832  7.034568139
1826.756348  1492.785522  -7.146903832  7.034568139
691.866577  445.97699  -9.154605816  5.113307046
1514.429932  284.223724  -7.715703178  4.853930341
1134.57251  191.429947  -8.378496259  4.688123802
1236.584106  880.515076  -8.216529439  5.89056375
1802.884033  1288.0979  -7.192738215  6.654389987
1147.549927  278.515686  -8.358209532  4.837962082
1927.525269  275.599609  -6.974347154  4.842830504
1234.184448  353.946533  -8.209987527  4.969571474
1234.184448  353.946533  -8.209987527  4.969571474
2217.03418  355.240326  -6.437169382  4.985931923
1109.469604  317.41452  -8.425412628  4.90395212
1147.810303  322.035919  -8.359326517  4.912794403
1087.754639  335.580658  -8.463816111  4.934659061
995.053162  78.34816  -8.616748053  4.490890732
1394.228149  507.478577  -7.931927268  5.239193422
1712.166504  370.513702  -7.36330692  5.006559351
418.374695  302.06189  -9.620863542  4.856844027
1102.029663  528.488892  -8.444646369  5.267642946
1620.884644  130.495239  -7.523906759  4.588491873
1806.364746  609.158447  -7.19084024  5.429200232
2137.195313  96.876396  -6.593930272  4.530975951
1643.833862  1037.626465  -7.48443929  6.191421345
1222.355957  1142.826294  -8.248433009  6.358281654
594.333496  246.592758  -9.314418666  4.767686653
1587.449585  471.474762  -7.587449904  5.181036185
1212.200928  567.348267  -8.252938949  5.338666026
661.077515  63.630352  -9.191771316  4.457051412
581.645264  264.427643  -9.337792351  4.797539417
2048.924316  85.867752  -6.754485112  4.511557351
2048.924316  85.867752  -6.754485112  4.511557351
1335.655518  254.800354  -8.030330944  4.800716242
1632.038452  1020.229492  -7.50670999  6.158635743
1632.038452  1020.229492  -7.50670999  6.158635743
2047.509399  631.701599  -6.743333262  5.476526853
1271.626709  14.78519  -8.135230533  4.386281943
1844.126465  1317.772949  -7.116227244  6.710862978
1177.252441  327.285004  -8.308236205  4.922465698
1177.252441  327.285004  -8.308236205  4.922465698
1602.954712  345.04248  -7.558149298  4.960660188
1268.820313  291.039886  -8.147728365  4.862031412
584.622681  139.898773  -9.327415491  4.584921199
962.854309  678.490234  -8.693644019  5.525910475
1351.976318  104.308746  -7.997771382  4.541453139
1351.976318  104.308746  -7.997771382  4.541453139
1752.349731  15.662054  -7.289026919  4.389936848
1684.200073  1028.753784  -7.410797281  6.177108831
34.944157  463.001038  -10.30401635  5.119049101
1300.948486  505.724243  -8.095682065  5.233945646
1923.715088  113.84642  -6.980652069  4.56033678
1340.555664  641.118896  -8.027733979  5.472163919
962.981079  556.236328  -8.687683099  5.311531464
962.981079  556.236328  -8.687683099  5.311531464
1528.901855  1073.303345  -7.694418464  6.249655463
1512.802856  1293.973267  -7.726605031  6.64736029
1512.802856  1293.973267  -7.726605031  6.64736029
2047.624512  660.206238  -6.739590312  5.528722104
2214.174805  1039.389771  -6.423673563  6.221848105
1176.320923  92.818665  -8.302933276  4.519220162
1931.241089  289.57959  -6.967218249  4.867338362
1137.665039  455.126068  -8.380586231  5.141594724
1181.303223  214.525604  -8.297867344  4.728458371
596.155823  263.048126  -9.312760688  4.795847757
2153.237549  1094.561157  -6.535764055  6.32187898
1099.537964  236.612488  -8.440405426  4.7648055
1099.537964  236.612488  -8.440405426  4.7648055
1857.090698  301.024963  -7.102157434  4.886777063
1698.47229  932.336304  -7.384934629  6.003618918
2200.981445  891.982727  -6.448105235  5.954017757
1582.870972  396.183136  -7.594850804  5.049446745
1090.135254  262.140961  -8.457838192  4.808565163
1374.717896  1348.986084  -7.978949636  6.738578411
1525.761963  703.768982  -7.698871404  5.587505879
354.145142  600.142151  -9.750599796  5.367041761
1069.970581  739.964539  -8.507486524  5.636054499
74.791405  374.77887  -10.22648039  4.968545619
1041.962158  508.350708  -8.549145963  5.231536427
1141.481079  284.536407  -8.369226384  4.848184631
397.123016  250.747574  -9.656051069  4.768433279
417.896118  249.489349  -9.619653558  4.766926112
1753.283691  344.586029  -7.288472927  4.96183138
1892.706665  268.165283  -7.036600316  4.829475072
216.857101  122.967484  -9.965417906  4.542277527
976.280884  700.798523  -8.670032336  5.564281109
1082.114136  89.873917  -8.466300078  4.512615868
969.691589  261.181427  -8.665865393  4.803806096
962.61676  627.699402  -8.69132505  5.43634751
1114.303101  371.417755  -8.418865716  4.99686249
1114.303101  371.417755  -8.418865716  4.99686249
1796.862915  245.841858  -7.21019298  4.789786498
1221.073975  553.508118  -8.237206161  5.315330096
1860.338013  536.617188  -7.094345539  5.301554045
1144.087036  420.870758  -8.368248397  5.082705343
1500.673706  700.251892  -7.743827799  5.5806124
1113.538574  198.360367  -8.415169766  4.699561772
1113.538574  198.360367  -8.415169766  4.699561772
1125.429077  147.18956  -8.393209061  4.612002056
1628.610596  558.211975  -7.513331901  5.334258401
1060.117188  355.037048  -8.51148447  4.967396837
1256.098267  628.413025  -8.176906972  5.446519398
1954.421509  1259.55542  -6.908026046  6.613830344
1177.914185  276.631042  -8.30563524  4.835330512
1654.200806  1018.106934  -7.465498545  6.156766619
1094.068604  525.176147  -8.458403184  5.261558984
1563.913452  234.959961  -7.626945372  4.769067332
2206.331543  208.302505  -6.465153005  4.726497145
2127.251221  750.225952  -6.591277308  5.692758482
2127.251221  750.225952  -6.591277308  5.692758482
1143.94812  115.674583  -8.359987508  4.558052829
1143.94812  115.674583  -8.359987508  4.558052829
1289.605713  1194.458862  -8.128920618  6.455247826
1256.654663  746.061218  -8.178408952  5.652966971
1281.827148  878.81488  -8.136484516  5.889043914
1104.244995  93.971741  -8.428323589  4.520056541
1177.087036  54.983315  -8.300692306  4.45402248
1568.869385  739.006653  -7.622212436  5.651438281
2167.052246  324.344482  -6.533798082  4.930990947
1124.419312  257.195587  -8.397809999  4.800885586
603.363892  199.869919  -9.2969879  4.688139618
1104.576782  246.904129  -8.432271536  4.782553517
2051.580811  208.352676  -6.747542205  4.725456828
1271.037354  108.02285  -8.138676486  4.546368136
2143.243164  613.2276  -6.564499668  5.446322742
1077.281738  255.265472  -8.478829909  4.796504131
74.833374  499.687927  -10.23768524  5.184040313
1114.313843  677.774414  -8.427637598  5.528313742
60.441372  191.33432  -10.2405212  4.653618759
965.905823  214.089584  -8.671031323  4.723234365
1763.743774  414.700287  -7.269408183  5.084989225
1086.818115  390.037231  -8.467398063  5.028252255
1637.488281  1323.466553  -7.498123106  6.70923972
1585.852417  632.819641  -7.590816858  5.464306469
1261.901855  227.293503  -8.157935227  4.751937824
619.29425  204.051468  -9.269780266  4.696062309
1214.488525  70.752701  -8.235946177  4.48165101
1796.871338  331.13681  -7.209853985  4.938841252
1200.33313  1347.668091  -8.293344405  6.728448307
1735.404419  300.02536  -7.320867491  4.883805199
1145.493042  518.412964  -8.368670392  5.251409073
470.01416  390.086731  -9.537506664  5.009291291
1857.61792  568.404175  -7.098373485  5.357724076
1225.774292  1182.537598  -8.243295079  6.430338932
1620.94751  482.662018  -7.528055703  5.201170596
196.739441  189.910812  -10.0033174  4.655908941
196.739441  189.910812  -10.0033174  4.655908941
977.909241  303.280457  -8.653119564  4.876502467
1088.822144  247.466095  -8.459159174  4.783222983
630.116028  244.356796  -9.252799495  4.765013576
1150.997437  338.050262  -8.354223586  4.940386301
2062.216553  731.872681  -6.714162655  5.657216772
1236.456055  321.281219  -8.204944595  4.913333461
648.212769  386.214905  -9.227248839  5.008798003
1670.578613  911.317749  -7.435989942  5.964576522
1826.091675  117.336853  -7.156320705  4.565890562
1795.015015  11.51425  -7.213118941  4.38288019
139.478333  63.211216  -10.09807812  4.437217401
1123.870972  217.215057  -8.397684001  4.7319949
1158.231934  588.057617  -8.348394664  5.372594349
196.543686  171.717789  -10.00157542  4.625364209
1066.785522  268.296936  -8.497460659  4.818315072
1723.213257  1153.269287  -7.339887235  6.404898828
1382.072876  1015.500854  -7.959049903  6.138521958
1877.455444  608.775574  -7.061325983  5.429975815
43.604095  334.894836  -10.27848569  4.898993981
1757.987427  1369.327148  -7.275843097  6.80073309
448.964172  709.863037  -9.592835919  5.561389712
1835.415771  494.551331  -7.139439932  5.226314174
1783.965454  737.452576  -7.229021727  5.657785686
1152.415039  209.626602  -8.34800967  4.719672726
642.581055  239.608826  -9.232227772  4.757247352
1938.650146  125.536385  -6.954818416  4.580711011
1164.775757  13.908023  -8.320862035  4.383280602
76.7313  149.936401  -10.20983062  4.583546118
1763.458618  274.925049  -7.270144173  4.84029926
1709.439087  542.821228  -7.366793873  5.309257197
1152.165161  432.431091  -8.354845578  5.102796871
1120.486084  249.690475  -8.402708934  4.787564697
1155.372925  544.645142  -8.352076615  5.297177799
1155.372925  544.645142  -8.352076615  5.297177799
2188.513184  355.046875  -6.491111656  4.985205992
652.037109  530.834473  -9.226639847  5.257259491
1624.465698  90.811569  -7.517323847  4.519612578
1772.129028  431.199036  -7.25400839  5.113989186
148.40773  102.955605  -10.0844233  4.505482497
1288.352051  865.656982  -8.124501677  5.86623
1288.352051  865.656982  -8.124501677  5.86623
1316.99646  616.49469  -8.069161422  5.427990545
2111.139648  84.167427  -6.641564631  4.508738444
2222.667969  333.400848  -6.428530498  4.94725579
198.967926  77.704369  -9.994611513  4.464208287
469.294891  467.976288  -9.542018603  5.143142791
469.294891  467.976288  -9.542018603  5.143142791
954.004028  535.00415  -8.702570899  5.274420016
954.004028  535.00415  -8.702570899  5.274420016
1825.65564  1031.366333  -7.150473784  6.188737805
575.193665  319.245667  -9.352326156  4.891546645
575.193665  319.245667  -9.352326156  4.891546645
1298.911987  156.413376  -8.091438122  4.630302715
2190.100098  380.859161  -6.486886713  5.031091702
1687.925659  1008.07782  -7.403808375  6.140237277
1079.409424  116.937683  -8.471803004  4.559161114
1687.935547  903.062439  -7.403823374  5.951091234
1178.329956  375.276184  -8.307743211  5.005004634
1350.342041  32.798409  -7.998608371  4.417988746
1266.053345  650.748352  -8.159775202  5.486651663
1137.818481  110.206352  -8.370556366  4.548639822
1141.12915  196.120972  -8.367416408  4.696206781
1135.715454  218.413635  -8.37698728  4.734435783
1735.7323  292.99527  -7.320249499  4.871498394
1735.7323  292.99527  -7.320249499  4.871498394
1471.138794  1449.335083  -7.804177987  6.929472754
149.067978  550.300049  -10.11073095  5.274219976
2129.364014  282.918182  -6.603234147  4.857125753
1245.037354  766.689636  -8.199185672  5.68962768
1608.812256  602.013123  -7.549371416  5.410743999
1640.895752  736.275452  -7.490809204  5.650066961
1607.178101  725.836304  -7.552206378  5.630130104
1598.300293  472.374176  -7.566812181  5.183038129
1982.222046  983.649536  -6.859967693  6.109482729
102.878395  459.165222  -10.18557794  5.114948242
1146.723999  213.746292  -8.357826537  4.726642683
1074.72644  620.0047  -8.494918693  5.426031494
1074.72644  620.0047  -8.494918693  5.426031494
1242.577026  431.690674  -8.197707692  5.103873934
1909.928467  614.060852  -7.000862797  5.440500695
2122.419678  1025.066284  -6.593842274  6.193725742
773.858459  674.168579  -9.018811643  5.504209794
2062.150635  557.599487  -6.718474597  5.343960104
1853.492065  138.030151  -7.107241365  4.601604339
66.479767  511.00116  -10.25311603  5.203097574
1421.78894  458.999023  -7.879109979  5.15613418
1142.001587  337.109711  -8.369778377  4.938566304
1152.953247  515.401855  -8.35538957  5.246428232
1952.535278  333.334839  -6.928367772  4.944427586
1661.819458  1105.902222  -7.452115725  6.31531499
1244.036987  1220.190918  -8.211434507  6.499076043
1117.858887  510.723297  -8.416558747  5.23726265
1569.546143  340.167267  -7.617096505  4.951700071
2241.628662  345.198578  -6.39788791  4.967758937
1024.74231  318.435394  -8.57238165  4.903664471
49.934528  76.289429  -10.25376803  4.456539037
49.934528  76.289429  -10.25376803  4.456539037
1398.113281  71.983025  -7.916256479  4.486376015
1764.616211  762.766235  -7.264236253  5.702404525
1526.948853  695.042542  -7.696708433  5.572663195
1669.364746  237.903137  -7.439717892  4.775467624
2126.90332  95.434624  -6.612334025  4.528309455
1462.803711  735.19104  -7.810851898  5.642169168
1655.072021  739.26123  -7.465009551  5.655550406
637.215271  133.261795  -9.235497728  4.575383986
1041.130005  80.159721  -8.537188124  4.495098459
998.202698  540.616699  -8.62593493  5.285660133
2119.920654  93.301559  -6.625894842  4.524773808
1099.543091  468.177643  -8.447053337  5.163103076
1414.507446  1253.998535  -7.905158629  6.567939697
1078.636108  107.73024  -8.473039987  4.543168185
1176.228027  152.890839  -8.304811251  4.622462325
1176.228027  152.890839  -8.304811251  4.622462325
1168.281616  95.198357  -8.317188084  4.52326206
1168.281616  95.198357  -8.317188084  4.52326206
1162.949463  375.951569  -8.334504851  5.005811882
1686.78418  55.582489  -7.406229342  4.459025884
1131.732788  119.174202  -8.381207223  4.563950765
2119.294434  268.525818  -6.621982895  4.831678179
1640.83606  1004.433899  -7.490287211  6.131061982
1857.938721  447.744934  -7.099223473  5.144414935
2056.317627  868.888672  -6.722958536  5.904668248
1122.565552  505.228546  -8.408413857  5.227968909
1598.885986  547.794617  -7.56689818  5.315202819
1157.505615  331.265381  -8.342580743  4.928867595
1076.373291  360.30307  -8.484248836  4.976841838
1334.073486  572.735779  -8.038444835  5.351723167
1177.223511  301.802429  -8.307289218  4.878586939
1296.874268  140.564163  -8.094636079  4.603020518
1130.90625  319.978149  -8.388531124  4.908863589
696.940308  506.194519  -9.147685909  5.216546221
99.365326  108.390968  -10.16915316  4.513229787
1114.506714  361.783936  -8.418243725  4.980318123
2030.457031  185.894913  -6.786755678  4.686163711
1228.080078  1119.307739  -8.237755153  6.315688865
2132.638672  1184.30188  -6.571458575  6.487279244
1269.646362  437.593384  -8.14952634  5.115008015
2178.01709  1118.225342  -6.487556704  6.3673658
1388.018677  281.98877  -7.939501166  4.848209875
24.935623  210.444214  -10.30239537  4.685031431
1727.686768  636.015259  -7.333683318  5.474721379
583.734741  671.697327  -9.354480127  5.499709594
1656.017578  295.404877  -7.462761581  4.874894431
1656.017578  295.404877  -7.462761581  4.874894431
1172.348267  196.323181  -8.312969141  4.697153929
463.423248  274.88623  -9.542162601  4.811696066
1823.010498  909.303894  -7.155664714  5.968085054
1090.050537  283.219879  -8.458593182  4.844807974
1171.28186  458.307892  -8.32194802  5.147980281
1020.934998  392.26123  -8.581689525  5.030407099
1189.668335  1060.273926  -8.305011248  6.206930235
2094.303223  145.651657  -6.670958236  4.616078185
2094.303223  145.651657  -6.670958236  4.616078185
1086.910034  322.401794  -8.464961096  4.911990814
1086.910034  322.401794  -8.464961096  4.911990814
1076.263428  404.386688  -8.485809815  5.052605952
1853.045166  413.603607  -7.108929343  5.084149225
1312.329224  513.827209  -8.075824332  5.248334777
89.350922  68.00853  -10.18534095  4.443758285
1888.619141  135.096649  -7.044024216  4.59704125
770.638794  248.479156  -9.009502769  4.776876365
1759.901978  1080.539551  -7.271410156  6.274935357
1802.50769  1412.05603  -7.193605203  6.88155376
2118.821289  412.517914  -6.619097934  5.086251699
1638.245117  129.191147  -7.492981175  4.586101927
1211.794434  832.274902  -8.259784857  5.803589406
865.918396  503.565582  -8.854454855  5.217374483
1151.723755  202.142776  -8.349265653  4.706808708
1087.749023  255.262573  -8.461765139  4.796769831
1087.749023  255.262573  -8.461765139  4.796769831
1584.786621  806.99176  -7.593895817  5.772368766
1213.859131  374.26886  -8.245902044  5.004114671
1773.465576  1090.690186  -7.246660489  6.293749629
1049.43335  351.81662  -8.53077321  4.96156831
1666.061279  243.835602  -7.444570826  4.785421684
1792.769775  784.041931  -7.212652947  5.741463098
1856.151611  100.956093  -7.103332418  4.537453147
1332.970825  84.602074  -8.030236946  4.507130127
436.679382  30.039034  -9.580038091  4.391444376
1864.355835  413.831879  -7.087986624  5.084706018
1150.0896  114.246071  -8.349350652  4.555751332
1203.075073  1012.928589  -8.279800587  6.123075322
1741.626465  341.696838  -7.309817639  4.956647551
1220.720337  458.511169  -8.235718181  5.149839018
1181.948486  258.792633  -8.298080341  4.804707077
1709.918701  319.194672  -7.366561876  4.917226109
1636.092041  243.867661  -7.498212104  4.785059469
1822.555542  318.356354  -7.163523608  4.916776803
1100.186646  343.780792  -8.442639396  4.949044867
1173.223022  203.23027  -8.311703158  4.708995724
1099.803955  123.905617  -8.436695476  4.571473623
1099.803955  123.905617  -8.436695476  4.571473623
690.791382  735.597046  -9.170980596  5.614942306
1403.762695  509.902313  -7.914468503  5.243819098
1131.394409  259.400482  -8.385801161  4.804818848
571.627197  417.835785  -9.362290021  5.060543401
1283.040039  525.187805  -8.127608635  5.267380045
1609.6604  65.689896  -7.542918503  4.476684176
1539.48999  700.77417  -7.674317735  5.583015896
401.305664  342.399689  -9.652731113  4.92537985
966.139343  57.06126  -8.665856393  4.453881374
1176.357666  310.397552  -8.309384189  4.893382297
2199.13623  122.736565  -6.480178803  4.576359991
2199.13623  122.736565  -6.480178803  4.576359991
1253.655518  1077.779907  -8.190954783  6.242703956
2235.053223  247.129257  -6.411965721  4.794932746
1325.081299  198.667068  -8.047193717  4.703598514
1325.081299  198.667068  -8.047193717  4.703598514
729.825684  466.785797  -9.088407707  5.149755836
1034.613892  321.862  -8.555672875  4.90979604
1038.007568  84.660156  -8.542839048  4.502722313
1611.52063  488.431671  -7.543971489  5.211362372
1188.243652  331.606628  -8.289312459  4.930135406
997.598145  229.227341  -8.616707054  4.749759893
1886.46814  140.979904  -7.047683167  4.607341701
1223.013916  1092.406128  -8.24616704  6.267257666
1223.013916  1092.406128  -8.24616704  6.267257666
2082.527832  598.429321  -6.678272137  5.41829695
1647.117188  247.345047  -7.47921436  4.791304209
993.491577  321.61441  -8.62667492  4.908352344
1570.237183  729.882019  -7.619337475  5.635398637
1350.144165  624.095825  -8.010691209  5.442193709
1353.141602  336.46814  -8.001521332  4.941808396
2124.64624  720.046875  -6.59560725  5.638664774
1883.066772  242.980133  -7.054181079  4.785556322
1213.168457  221.099854  -8.242767086  4.740612547
1331.86145  740.209961  -8.044551753  5.646647994
1841.617188  1471.369629  -7.120030193  6.994550732
184.276413  128.925858  -10.02284013  4.551286617
1623.015259  679.045959  -7.524040757  5.547057166
1223.776978  572.069214  -8.23280622  5.347247563
1283.088135  533.770203  -8.127566636  5.282229746
1891.465454  83.344711  -7.039053283  4.507068559
1891.465454  83.344711  -7.039053283  4.507068559
1024.055542  409.689728  -8.576537595  5.060328472
1082.069336  403.986145  -8.475740951  5.052100476
2092.939697  214.058151  -6.671850224  4.73596144
1251.795898  82.965363  -8.171533044  4.503161089
770.642639  699.101379  -9.029172504  5.553750395
1602.536987  715.897949  -7.560731263  5.61188632
1171.553955  275.075043  -8.316696091  4.832451587
1171.553955  275.075043  -8.316696091  4.832451587
1117.651245  523.29834  -8.417220738  5.259010818
1042.848389  277.032806  -8.540036086  4.833049803
1612.737183  892.981628  -7.542210512  5.92820905
1064.787109  121.709358  -8.497204662  4.566883875
1879.827271  375.827606  -7.060583993  5.017932921
1894.006226  138.718155  -7.034262347  4.603420294
777.118103  681.112732  -9.016949668  5.522683174
2116.40625  440.450073  -6.622555887  5.135891054
430.491699  445.23114  -9.609060701  5.102524573
1647.470215  1007.332214  -7.478054376  6.136554967
713.408875  109.107162  -9.104049496  4.536769589
1590.110962  715.963562  -7.583298959  5.611542386
1153.549072  1394.308716  -8.378869254  6.811649897
1811.613525  1117.439941  -7.176378435  6.34393288
894.071289  499.220764  -8.805097519  5.210766794
2207.898438  1174.342773  -6.428457499  6.473909032
1239.661499  147.866501  -8.194504735  4.614671494
2211.439697  258.780396  -6.453273165  4.815274647
2130.313477  646.658875  -6.586893367  5.506177797
1096.851929  95.112206  -8.441045418  4.521929276
1873.500977  466.62085  -7.07196684  5.177701959
1103.086548  391.703644  -8.438802448  5.031443513
1568.88208  804.355591  -7.622479432  5.767169027
2178.137451  166.759293  -6.518103293  4.653423556
2168.601318  659.818542  -6.514265344  5.531193052
1215.024292  460.154053  -8.245153054  5.152642559
2064.968262  90.075737  -6.72490251  4.518812951
1312.583008  725.905701  -8.078371298  5.620383774
1211.145874  1017.340088  -8.265716777  6.130907231
1562.836914  1321.878906  -7.635541257  6.700971272
654.354126  401.996185  -9.217265973  5.036067153
2025.128662  482.188843  -6.790594626  5.208579685
983.697205  567.062439  -8.652151577  5.331016903
156.951675  239.004852  -10.07426644  4.738833041
1656.338013  674.511108  -7.463335574  5.540429553
1542.34436  338.393372  -7.666570839  4.948163278
1768.274536  99.994095  -7.2607153  4.535908648
1620.738892  61.0896  -7.523851759  4.468591884
1187.088135  565.333557  -8.296921357  5.334285876
1062.00354  420.714233  -8.511155474  5.080462149
1060.922729  295.963379  -8.509322499  4.865980899
1165.652222  1110.978516  -8.349095655  6.297324753
471.145447  513.580566  -9.540181628  5.221435608
1033.792358  693.737122  -8.569040695  5.553660312
1078.189331  515.013123  -8.485642818  5.243567288
1332.663818  698.375  -8.04257178  5.572459584
1458.079834  222.614075  -7.814510848  4.746714276
1030.870361  721.995239  -8.575017615  5.60301101
1093.421997  87.044838  -8.446616343  4.507984079
1824.061035  130.063293  -7.160340651  4.588352937
1325.703125  866.659119  -8.057487579  5.870412238
1861.090698  604.545715  -7.09130558  5.422059166
1744.011597  87.986275  -7.303549724  4.515461122
1073.636841  416.038879  -8.490974746  5.072498277
1220.898804  887.637085  -8.244891057  5.902211732
2221.312744  507.167511  -6.422225583  5.257388708
1309.994385  477.328125  -8.079221286  5.184654549
1189.965332  295.028809  -8.285169515  4.866919355
1189.965332  295.028809  -8.285169515  4.866919355
992.981873  233.413834  -8.624984943  4.756860747
2120.233154  885.881775  -6.602027163  5.938444412
2120.233154  885.881775  -6.602027163  5.938444412
1062.108887  348.354675  -8.508690507  4.955960968
1246.857422  1343.814819  -8.209547533  6.723058757
1107.201782  204.022461  -8.425832622  4.709120274
1047.488037  124.744919  -8.527572253  4.571774814
1047.488037  124.744919  -8.527572253  4.571774814
1726.940308  351.329254  -7.336034287  4.973320922
1558.932251  518.687988  -7.638405218  5.263087652
2064.688721  867.965332  -6.707483744  5.903213556
2010.874023  1388.568237  -6.798729517  6.857790562
1228.157715  468.338531  -8.222825354  5.166810935
1252.049683  1036.024414  -8.192782758  6.168179547
2184.122803  719.000793  -6.485560731  5.637641621
1826.914429  486.882019  -7.154805725  5.212947031
1578.34021  920.010071  -7.604010681  5.975638288
1913.402954  319.729706  -6.999679813  4.920066181
1730.06604  522.35376  -7.329587373  5.27376659
1694.81311  553.990479  -7.393207517  5.328675928
2094.375  1092.95752  -6.645527578  6.316759774
1123.158936  321.448975  -8.40222394  4.911217718
1142.175781  649.930725  -8.377852268  5.480834024
1438.047119  761.22821  -7.855316299  5.687628283
1908.657104  258.034943  -7.008313696  4.811992352
781.157166  352.05365  -8.995359959  4.954442094
739.769958  220.543961  -9.061636067  4.72806803
1356.339355  658.851074  -8.000046352  5.50357585
1747.127686  1074.974243  -7.295353834  6.263839062
1747.127686  1074.974243  -7.295353834  6.263839062
1731.160156  862.2948  -7.322771465  5.88111364
1731.160156  862.2948  -7.322771465  5.88111364
1197.252319  797.409668  -8.284556523  5.741893683
1197.252319  797.409668  -8.284556523  5.741893683
1730.863281  510.687592  -7.328214392  5.253104915
2179.138428  1179.604492  -6.481980779  6.482256071
1086.838501  448.249756  -8.470273024  5.12715518
430.142273  412.525085  -9.60766672  5.046495689
1808.561035  1494.949951  -7.179193397  7.039628164
545.122253  472.233643  -9.409754383  5.153003143
972.668335  282.502991  -8.661422452  4.840664138
972.668335  282.502991  -8.661422452  4.840664138
1802.910889  16.087566  -7.198976131  4.390676608
175.60907  499.139771  -10.06029563  5.186603755
1455.819702  689.085754  -7.823490727  5.559968529
1455.819702  689.085754  -7.823490727  5.559968529
1138.037354  96.32235  -8.369739377  4.524609246
1694.491333  938.603394  -7.392192531  6.014914718
1040.562256  121.882332  -8.539323095  4.566754875
1040.562256  121.882332  -8.539323095  4.566754875
2113.800537  1276.126587  -6.603305146  6.657930896
1660.230225  270.709686  -7.454919687  4.831946804
1933.244385  282.322937  -6.963718297  4.854623531
827.851013  436.149353  -8.917320009  5.100153348
1877.635986  860.097412  -7.054169079  5.882260987
747.256348  739.524719  -9.072457921  5.62397116
1700.960693  1021.761536  -7.380434689  6.164751416
1959.448242  463.054565  -6.91289498  5.173479656
1700.53772  322.757996  -7.383311651  4.922875842
1667.866455  393.74057  -7.442216858  5.046646319
385.09079  21.829956  -9.66935589  4.375617855
385.09079  21.829956  -9.66935589  4.375617855
1739.135864  1153.147095  -7.310309633  6.405123734
1586.894653  556.106384  -7.588724886  5.329636065
596.84845  17.325186  -9.301877834  4.37585696
1003.383606  660.546448  -8.621376991  5.494646051
1003.383606  660.546448  -8.621376991  5.494646051
1473.862061  1407.363281  -7.798653062  6.852935142
168.645325  545.451599  -10.07588542  5.266605222
1668.312134  345.965027  -7.440703878  4.963108551
1957.816772  1005.864624  -6.903797103  6.149923686
1915.799561  48.723625  -6.996028862  4.446997389
1915.799561  48.723625  -6.996028862  4.446997389
1208.10083  131.796448  -8.249052001  4.586785502
154.916992  106.042648  -10.07295146  4.511045719
565.008728  132.333878  -9.360860041  4.571380064
2139.788574  541.856628  -6.57404254  5.317882363
83.029411  597.882507  -10.22977035  5.354245409
2184.179443  328.696716  -6.500509529  4.938330693
1201.02832  119.154137  -8.260912842  4.564633763
643.283142  159.689713  -9.226992842  4.62072483
2093.693359  372.696472  -6.666540295  5.015380227
1783.107056  257.886749  -7.234840648  4.810740923
1977.16748  179.174927  -6.88390637  4.674251265
513.709473  657.435608  -9.475908493  5.472420487
1944.700684  965.865967  -6.93004475  6.076686916
2049.245361  1294.269287  -6.726738485  6.686324112
1377.373047  1330.423218  -7.973541708  6.704950859
835.786072  418.217255  -8.903641193  5.069629383
1488.471313  221.306793  -7.760972569  4.744636498
