602.395447  1036.648193  -7.156452703  4.866806226
549.146423  1042.358154  -7.250380439  4.875193374
595.344971  1470.106079  -7.201227101  5.65776943
815.000488  1231.242554  -6.79622755  5.223402799
671.83905  1114.871216  -7.039549276  5.007103578
227.556534  1237.082031  -7.825239704  5.209553837
963.93811  1372.229492  -6.539467005  5.493253103
668.229126  1401.080688  -7.067749897  5.532515376
400.652924  1235.708862  -7.524252754  5.21569949
952.417908  840.211792  -6.539887  4.533249793
595.385498  1247.015503  -7.184232329  5.243519936
579.966492  1298.552368  -7.215182913  5.338263157
81.078598  1251.971802  -8.084474216  5.231677225
81.078598  1251.971802  -8.084474216  5.231677225
661.753784  1085.819214  -7.056060054  4.95548828
668.277344  1113.837646  -7.04742417  5.00659233
805.373718  937.310303  -6.798559519  4.699127377
974.848206  1151.243652  -6.511516381  5.087149158
757.125061  948.057617  -6.882869384  4.715876101
670.348816  1154.938232  -7.045812192  5.079430171
42.142719  1058.70874  -8.128517623  4.884556476
563.096558  1170.584229  -7.235375641  5.104694202
342.083679  872.643616  -7.596119787  4.571265161
331.798096  1430.754272  -7.662690891  5.566771337
399.1073  846.333069  -7.496615126  4.527854608
855.381775  1301.327026  -6.729304451  5.356876387
377.823212  1395.408447  -7.576723048  5.504179615
326.831116  1128.909912  -7.643817145  5.021090075
593.815247  1258.300659  -7.187460286  5.264162319
593.815247  1258.300659  -7.187460286  5.264162319
71.435707  1058.615112  -8.077079315  4.884999305
434.679169  998.220581  -7.446309803  4.793658094
44.395378  1240.517944  -8.146069387  5.209165955
1000.910522  1271.42981  -6.469924941  5.30785681
487.172333  1117.512573  -7.36330692  5.006559351
385.029327  881.531006  -7.523906759  4.588491873
921.15863  839.461243  -6.593930272  4.530975951
698.402283  859.993774  -6.980652069  4.56033678
852.465637  1393.789063  -6.739590312  5.528722104
960.489441  1066.017578  -6.533798082  4.930990947
397.684387  1228.689941  -7.528055703  5.201170596
668.730286  1348.027466  -7.061325983  5.429975815
1020.542542  1072.795044  -6.428530498  4.94725579
861.236633  1294.957886  -6.718474597  5.343960104
625.962585  884.348816  -7.107241365  4.601604339
812.109863  929.966858  -6.786755678  4.686163711
483.462982  1067.206177  -7.366561876  4.917226109
178.640198  1256.475952  -7.914468503  5.243819098
371.400421  817.540161  -7.542918503  4.476684176
885.202576  1334.760132  -6.678272137  5.41829695
668.167908  885.078796  -7.034262347  4.603420294
1005.105652  999.542542  -6.453273165  4.815274647
978.492737  1392.498291  -6.514265344  5.531193052
311.821808  1088.003784  -7.666570839  4.948163278
595.127197  877.767334  -7.160340651  4.588352937
693.556824  1065.15979  -6.999679813  4.920066181
686.692322  1004.078308  -7.008313696  4.811992352
568.509888  764.364868  -7.198976131  4.390676608
241.177856  1428.314575  -7.823490727  5.559968529
241.177856  1428.314575  -7.823490727  5.559968529
713.012085  1027.759033  -6.963718297  4.854623531
251.203339  974.000916  -7.760972569  4.744636498
1138.774414  1426.615112  -6.226724213  5.604761752
1530.088623  913.383484  -5.523438677  4.681427189
1189.121094  1245.094604  -6.133214472  5.26902103
1192.309448  1030.501099  -6.124976583  4.87900136
1337.011108  1245.593994  -5.868610032  5.276666876
1337.011108  1245.593994  -5.868610032  5.276666876
869.328857  1356.556885  -6.707730741  5.457121015
433.26297  922.769897  -7.442659852  4.661800257
1015.596497  1211.932129  -6.442545309  5.201069318
609.208252  1219.180298  -7.157084695  5.191894997
770.01532  1193.055298  -6.872486524  5.149560107
770.01532  1193.055298  -6.872486524  5.149560107
1003.321167  1096.13855  -6.459520081  4.988683769
1006.342346  1469.091919  -6.468140965  5.675181158
1469.340332  1237.692871  -5.628500263  5.272087516
1171.858276  1186.185181  -6.163386066  5.160303043
435.186676  1274.02771  -7.468668502  5.289256263
982.938416  1158.794067  -6.497408571  5.100561238
341.040009  1448.192383  -7.651299044  5.602433528
1155.884399  955.739624  -6.186744751  4.74570916
1155.884399  955.739624  -6.186744751  4.74570916
1110.260742  1300.112061  -6.275776553  5.36465146
587.383484  852.670593  -7.17225349  4.54461273
928.380859  1213.688599  -6.596063244  5.197773581
1194.605225  789.688782  -6.117526683  4.451089342
1194.605225  789.688782  -6.117526683  4.451089342
1084.12085  1119.52063  -6.31765099  5.035210778
1002.606201  1133.439819  -6.461999048  5.056223954
1243.44165  1390.072021  -6.037963753  5.54076546
1750.232788  1263.406006  -5.110700231  5.336375517
1095.821899  1007.63501  -6.294311304  4.833849643
1613.269775  1110.264771  -5.365114807  5.045419832
877.116577  1314.933838  -6.691410961  5.382949504
674.609619  1304.499023  -7.048454156  5.351516022
1168.76709  1294.539307  -6.170687968  5.360248698
903.896362  1336.159302  -6.645758575  5.421314575
903.896362  1336.159302  -6.645758575  5.421314575
200.501816  1459.918823  -7.900109696  5.618429481
1770.233276  1347.738037  -5.068676796  5.496772343
1770.233276  1347.738037  -5.068676796  5.496772343
885.297607  1420.737183  -6.682172085  5.577682841
46.058708  1029.494263  -8.120525731  4.834347447
46.058708  1029.494263  -8.120525731  4.834347447
447.868103  820.857483  -7.411165276  4.485041741
746.798279  794.793396  -6.893760238  4.448724824
691.429138  1377.573364  -7.024001485  5.486764628
1341.50415  1273.158447  -5.860174146  5.328430954
645.475403  1455.107666  -7.111054314  5.629686033
898.889526  817.440552  -6.631723764  4.492376051
1566.531738  1289.10376  -5.449484672  5.372210233
1566.531738  1289.10376  -5.449484672  5.372210233
308.255859  1017.157471  -7.664661865  4.821236371
1207.539551  1424.993042  -6.103006878  5.604935935
1183.626953  977.2276  -6.139679385  4.782494426
921.897583  1149.703369  -6.604612129  5.08067925
1466.116699  1451.015381  -5.632198213  5.668781051
1137.297241  775.396301  -6.21732534  4.424807703
139.344147  1048.725098  -7.962727854  4.873128539
1346.858643  1207.812134  -5.850808272  5.207669016
1346.858643  1207.812134  -5.850808272  5.207669016
380.378937  1219.174927  -7.559381281  5.185392857
1081.40979  1131.929443  -6.323110917  5.055776569
84.062279  1461.411133  -8.103027966  5.613342369
1686.029541  1143.611938  -5.236153543  5.106814322
1574.066528  1273.373047  -5.43625485  5.343618439
723.429749  1030.577148  -6.945689539  4.860104362
1132.49707  1016.059814  -6.230061169  4.850863062
958.659363  838.510925  -6.528140158  4.530447307
1521.397461  1040.851807  -5.538262477  4.911643048
1097.47644  885.444824  -6.288822378  4.616649964
497.465851  979.585754  -7.33654628  4.763989968
1516.672729  1014.402161  -5.54844234  4.861712197
1440.132935  1282.084229  -5.680594562  5.350189784
1106.494263  1047.967896  -6.276649542  4.906663156
1055.39624  1318.438477  -6.374291228  5.398296055
1248.550293  865.429382  -6.02408294  4.585851119
862.63678  1331.88562  -6.717746606  5.412546401
1109.011597  898.86554  -6.269016644  4.640206331
1247.16687  1036.49231  -6.02779789  4.890854091
666.125061  1391.619141  -7.068876882  5.50981848
666.125061  1391.619141  -7.068876882  5.50981848
967.135742  1215.608032  -6.527594165  5.202012915
1153.472534  1268.122314  -6.197761603  5.311310353
1063.192505  1118.805542  -6.354671492  5.032716385
1063.192505  1118.805542  -6.354671492  5.032716385
906.649109  1106.873535  -6.629277797  5.002330303
590.552002  1061.506958  -7.179241396  4.910553212
197.662781  1456.84314  -7.904663635  5.612181087
927.23114  872.909119  -6.584501399  4.589520154
889.381836  835.12146  -6.649182529  4.523018454
889.381836  835.12146  -6.649182529  4.523018454
647.294861  1247.521362  -7.092732561  5.246388683
1510.445801  1143.5896  -5.556084238  5.097681978
1063.273438  841.969055  -6.347580587  4.53889719
1135.933105  1280.645752  -6.229705173  5.330874385
1663.672852  870.960815  -5.286311868  4.609844106
1214.533813  1429.927979  -6.090343049  5.614395223
1154.582275  1001.160156  -6.191146692  4.824750356
1088.69104  805.892151  -6.302514194  4.476141274
1077.756104  1138.139282  -6.329643829  5.068543202
235.282684  1306.63855  -7.820530767  5.336614844
608.758484  1237.196411  -7.159788658  5.226588032
608.758484  1237.196411  -7.159788658  5.226588032
1448.380371  1261.56189  -5.664808775  5.3164032
1075.609253  930.838806  -6.328152849  4.69588563
1075.609253  930.838806  -6.328152849  4.69588563
641.961121  1117.453247  -7.093424551  5.011903413
1070.591309  1018.306641  -6.338715707  4.85213153
1011.945557  950.071045  -6.439454351  4.728212585
129.509491  1319.943115  -8.010730208  5.360380536
1186.037842  1192.669067  -6.138357403  5.172030653
1458.666138  768.032471  -5.655080905  4.420619882
700.933289  1340.518677  -7.004050754  5.417956076
700.933289  1340.518677  -7.004050754  5.417956076
1109.80957  875.963013  -6.267297668  4.599940409
1109.80957  875.963013  -6.267297668  4.599940409
1541.93396  1263.527466  -5.495614051  5.323551104
1439.050659  1397.186157  -5.681963544  5.566358536
1596.273682  1230.692627  -5.395668396  5.266451222
677.098694  853.850647  -7.017378574  4.549259339
570.407593  1350.945068  -7.236994619  5.434801519
925.198303  1078.187134  -6.595693249  4.951734049
639.798828  1431.542725  -7.119629199  5.585369112
1111.102661  1136.817871  -6.270571623  5.06782679
286.646576  1265.932129  -7.72444206  5.263632767
1735.987549  758.601929  -5.157306604  4.413247999
38.630184  1275.980957  -8.157853228  5.271061034
38.630184  1275.980957  -8.157853228  5.271061034
867.834961  1297.901855  -6.70705575  5.349148306
867.834961  1297.901855  -6.70705575  5.349148306
953.708679  1249.632202  -6.552841825  5.264105497
576.51001  1256.008911  -7.222135819  5.264521988
481.683228  1046.706299  -7.36845685  4.881622767
1524.084473  893.008911  -5.535363516  4.644684796
1608.534912  1059.782349  -5.380266603  4.949324444
1555.313354  854.888733  -5.482440229  4.577111591
512.981995  1041.260864  -7.313428591  4.872709867
1610.681763  773.116821  -5.382706571  4.435307083
1027.948608  879.392334  -6.409728751  4.603724161
1039.469482  878.173584  -6.38973802  4.601908859
1039.469482  878.173584  -6.38973802  4.601908859
1123.940674  1048.799805  -6.246067953  4.909053892
1093.965332  985.706909  -6.297708258  4.794550184
1257.350098  1022.874146  -6.009797132  4.867942285
962.799438  1411.333496  -6.543124956  5.564242282
335.682343  837.974182  -7.605789657  4.510703655
892.785706  1309.997681  -6.663385338  5.373104706
1702.248169  782.166626  -5.218910775  4.45342009
1716.276245  1075.969482  -5.182509264  4.984738071
963.339111  1146.437134  -6.531759109  5.077385051
1065.021606  938.218506  -6.346934596  4.708105222
988.615417  1039.108154  -6.48338076  4.885351012
1137.28186  816.076172  -6.218197328  4.495520074
1619.344727  1099.692139  -5.35898989  5.023483583
1631.335327  1003.254272  -5.341207129  4.846669591
768.897644  1265.57373  -6.879627428  5.283854961
680.045166  843.710144  -7.011180658  4.531435981
121.987549  1382.791382  -8.028619967  5.47248951
410.563324  1301.13916  -7.512896907  5.334170922
1188.697021  1010.700806  -6.131025501  4.843901987
478.028778  908.153687  -7.365261893  4.638576175
300.370728  1400.774414  -7.714319196  5.509140192
924.615295  831.584839  -6.587527359  4.517113424
1170.975586  836.166931  -6.159912113  4.531879881
633.190674  1470.732178  -7.133880007  5.658004088
1045.018799  847.462036  -6.379441159  4.548016964
859.528687  846.272949  -6.70115883  4.541365338
1672.929077  759.380249  -5.271204071  4.412903146
392.257751  1205.389893  -7.536376591  5.160373173
1746.075684  916.249268  -5.134880905  4.694945344
171.280579  1270.18689  -7.928978308  5.268558528
1691.955566  1030.365356  -5.229318635  4.899604528
1691.955566  1030.365356  -5.229318635  4.899604528
1108.618164  819.398438  -6.268191656  4.500480885
1110.662354  977.487305  -6.268048657  4.778489034
1546.351929  856.340881  -5.496705037  4.580436361
1492.368774  1048.859619  -5.590933769  4.923550503
532.216003  1057.693726  -7.279952041  4.90116693
1717.524658  1455.722534  -5.165216497  5.696030886
1566.421143  1037.188965  -5.457467565  4.905851276
1148.867065  967.911804  -6.200457567  4.764905126
1751.992798  1216.016968  -5.111256223  5.245623376
1720.216919  1207.987183  -5.169761436  5.229279935
1065.718262  915.498474  -6.347025595  4.673391022
1054.700195  1075.865845  -6.368373307  4.955320563
1187.676758  1456.595581  -6.139202391  5.663112461
721.026917  799.713257  -6.939330625  4.45656123
1459.372681  1039.34436  -5.650967961  4.904545901
1120.431763  1041.616089  -6.251876875  4.896008984
1552.22644  1079.079346  -5.482045234  4.981665898
1162.58374  1155.748901  -6.179293852  5.104937076
1102.257202  840.326721  -6.279262507  4.53742404
1356.903442  1218.186523  -5.832650516  5.227213036
1110.330688  1006.99884  -6.269040644  4.832945021
1154.049072  1005.978821  -6.191899682  4.833472788
1748.731445  1442.432617  -5.105793297  5.675066429
923.955872  865.454041  -6.590208322  4.575601776
843.242432  1405.963013  -6.756331087  5.549593596
1102.103149  816.833374  -6.279357505  4.495860412
167.920578  1230.417725  -7.9295463  5.195008141
1721.883667  911.591797  -5.179582304  4.685207374
411.307251  1187.305054  -7.501151065  5.128599195
623.538696  1228.805664  -7.132055031  5.209886354
623.538696  1228.805664  -7.132055031  5.209886354
1723.353516  1275.740845  -5.161649545  5.355644213
426.534973  1208.859131  -7.477210387  5.168568775
988.348328  965.066589  -6.481350787  4.753413127
1727.25769  1002.834106  -5.164940501  4.851408834
415.975098  997.055237  -7.478927364  4.791727947
1171.135376  1071.287964  -6.162928072  4.951750688
1376.643188  1288.81543  -5.796449003  5.360753659
910.669983  1098.696289  -6.622267891  4.988688393
1203.235718  1436.885376  -6.111218768  5.625545375
912.487  950.131531  -6.613039015  4.724840705
1088.887817  833.485657  -6.302713191  4.524791553
116.972633  1089.651123  -8.002468319  4.941954591
1644.02356  1056.067383  -5.315169479  4.945185929
1629.482178  1060.783447  -5.342023118  4.952113556
1468.265259  1351.129883  -5.628828259  5.482111022
325.857483  1439.621582  -7.674175737  5.583067174
966.126465  908.872314  -6.518105293  4.653730691
1100.087402  954.70813  -6.286229413  4.737703372
1700.40271  1107.698242  -5.210428889  5.042216592
1514.210449  913.373657  -5.553329275  4.683784325
1578.348267  1156.950439  -5.432051907  5.126585434
378.035187  1453.77356  -7.583580956  5.6116813
1088.853638  907.040527  -6.304311169  4.654295368
1007.30542  1461.852539  -6.465065006  5.659580697
1076.878662  941.985779  -6.32583688  4.716368749
65.118927  1049.634155  -8.087829171  4.869252489
485.227448  882.927673  -7.350877087  4.594548846
1555.37207  1113.817993  -5.474962329  5.046254595
900.650879  1151.002686  -6.64170463  5.081163693
912.532654  1180.135742  -6.622517888  5.136018398
877.78418  1481.029907  -6.697826874  5.688081853
927.386414  1378.898804  -6.605136122  5.503891171
1049.211182  1089.912109  -6.378432172  4.97975384
1138.006348  1008.112122  -6.220692295  4.836926294
1507.095215  907.517151  -5.566522097  4.669970123
947.263855  1275.837036  -6.565205659  5.312953154
536.097168  848.426025  -7.260482303  4.535749251
1118.453857  1110.852661  -6.256855808  5.021138697
1080.209229  1043.190918  -6.323534911  4.895795643
1046.08313  1465.382446  -6.395105948  5.668131626
333.345581  1247.769409  -7.643170154  5.234205455
656.247742  1473.889648  -7.094055543  5.666734383
29.444157  1215.554688  -8.168994078  5.163672752
656.906311  1191.677979  -7.071330849  5.144397242
1240.123901  1457.199707  -6.044517665  5.666552814
990.942017  1205.912476  -6.485248735  5.189188872
1651.962646  1127.087524  -5.298399705  5.075545205
39.768051  1064.658936  -8.13544253  4.896371471
755.75647  905.271973  -6.883486376  4.641299885
659.647461  852.53064  -7.047034175  4.546320461
1473.047363  764.294189  -5.628657261  4.414754328
1575.990112  1372.851563  -5.431274917  5.528393356
1575.990112  1372.851563  -5.431274917  5.528393356
1714.982056  1447.761597  -5.170771422  5.680051752
331.721924  1012.972473  -7.626649376  4.817300255
1016.492249  1017.240051  -6.434025424  4.846701526
789.298584  1224.872559  -6.841542941  5.21128906
789.298584  1224.872559  -6.841542941  5.21128906
1111.111206  886.850159  -6.265250695  4.619409769
1701.227905  1193.705933  -5.205731952  5.200637924
442.931366  1294.763184  -7.454870688  5.32315854
1729.967041  1113.236206  -5.154942635  5.055223963
1808.064453  963.840759  -5.019060464  4.78388069
1744.265137  1294.415771  -5.119573111  5.394696195
1128.039185  1243.599976  -6.242708998  5.264705617
1128.039185  1243.599976  -6.242708998  5.264705617
1180.25647  1004.408081  -6.145787303  4.832151522
2173.854248  1317.841919  -4.293893222  5.478441911
1726.035889  847.236572  -5.172993392  4.570936672
2202.8125  1123.022827  -4.260898666  5.104451593
2202.8125  1123.022827  -4.260898666  5.104451593
1692.795044  1164.164795  -5.220837749  5.148460438
2051.263916  886.690186  -4.568741523  4.655377977
1150.75769  1038.134033  -6.198421594  4.890385242
1633.68396  1287.536987  -5.327104319  5.373323398
2204.823486  881.287659  -4.274902477  4.653697678
1125.348267  1149.184937  -6.245742958  5.091238496
1551.532471  1098.032715  -5.482748224  5.016267376
2179.253662  918.209045  -4.322157841  4.719422981
1142.39978  1314.536987  -6.218456325  5.394711074
2201.937988  1281.203491  -4.241714924  5.408282005
1837.427734  808.166016  -4.972222094  4.504977633
1120.219238  1281.529175  -6.257559799  5.333597212
1251.714111  1391.765747  -6.022851957  5.545167139
1145.925781  922.894165  -6.205505499  4.682240761
1145.925781  922.894165  -6.205505499  4.682240761
1850.176025  1204.192627  -4.925285726  5.234713352
1451.224365  1087.588867  -5.664356781  4.992128439
1206.289185  1455.775146  -6.10582384  5.661541345
1710.641968  1144.895264  -5.191201147  5.109842224
1121.052734  1102.783325  -6.253044859  5.003121636
1614.945557  1034.346558  -5.370048741  4.903121766
1233.121704  1453.024536  -6.057316493  5.658488308
1233.121704  1453.024536  -6.057316493  5.658488308
1530.995239  910.312866  -5.524190667  4.675904308
1759.553833  1224.599854  -5.095005442  5.264212969
1445.965454  1016.314087  -5.674337646  4.863006081
1780.838379  873.033264  -5.070500772  4.61849638
1175.283081  1238.840332  -6.158184136  5.256827797
1139.113892  994.580322  -6.219181315  4.811564105
1446.781372  1358.277466  -5.667609737  5.495664246
1753.866943  897.430298  -5.121353087  4.661353627
1753.866943  897.430298  -5.121353087  4.661353627
1350.747192  1283.266235  -5.843211374  5.347916089
2188.483643  985.413574  -4.299522146  4.844406588
1904.650146  1221.127075  -4.820538135  5.270168455
1237.081177  903.231689  -6.045161657  4.652076046
1189.226074  920.401794  -6.128514535  4.681383213
1189.226074  920.401794  -6.128514535  4.681383213
2031.592163  847.045776  -4.606452016  4.583475304
1179.374146  1274.271973  -6.151514226  5.322109281
1675.917847  827.875732  -5.265135153  4.533598625
2066.953857  988.901917  -4.531035031  4.844797844
2066.953857  988.901917  -4.531035031  4.844797844
1659.582397  1034.333984  -5.288274841  4.904940828
1204.751221  1330.900391  -6.107122823  5.428811554
1490.45752  777.822815  -5.598687664  4.438656697
1639.856689  952.92218  -5.327106319  4.756022565
1639.856689  952.92218  -5.327106319  4.756022565
1677.011108  1133.736206  -5.252255326  5.088791507
1164.899536  1019.029968  -6.172952937  4.858113977
1706.710205  1129.402832  -5.197600061  5.083209414
1706.710205  1129.402832  -5.197600061  5.083209414
1244.383423  1397.650024  -6.036029779  5.55539143
1990.196045  779.985352  -4.688836907  4.460004341
1990.196045  779.985352  -4.688836907  4.460004341
1148.124634  1183.049072  -6.205660497  5.154144701
1425.036255  1426.514404  -5.707439201  5.620409592
1250.679321  1385.854004  -6.025051927  5.532556936
2244.096436  1142.017456  -4.175178819  5.143511398
1624.820068  1113.669556  -5.34854703  5.049526273
1837.149902  1443.708252  -4.937290564  5.686426301
1797.088745  966.869995  -5.039241192  4.789087596
1130.531494  919.939392  -6.232013142  4.678172639
1543.946533  893.076843  -5.501209976  4.645397791
1759.60791  1294.166626  -5.091048495  5.396226101
1103.897827  983.016724  -6.279925498  4.789820253
1122.897583  886.15332  -6.244578973  4.61832718
1157.95874  1267.079102  -6.189906709  5.308400413
2237.196045  1008.267883  -4.204274427  4.889423338
2244.55542  949.436462  -4.195616544  4.779805116
1864.119995  1248.171631  -4.896571112  5.317085336
2203.686035  1315.788574  -4.235565006  5.47488132
1129.387451  1311.502808  -6.241901009  5.389000712
2223.984863  1163.380249  -4.212766313  5.182738155
1763.778442  1337.484131  -5.081520623  5.477396317
2064.47876  1487.907471  -4.495341511  5.794490424
1214.577515  1324.748413  -6.089325062  5.417604396
2014.523926  1305.603394  -4.606180019  5.436180147
1372.960815  1249.354614  -5.803318911  5.285654
1508.20166  1149.245605  -5.560212182  5.108768465
2216.724121  999.846069  -4.244363888  4.872563936
1240.123901  1457.199707  -6.044580664  5.666958463
1764.226929  1359.783691  -5.079319653  5.520657881
2224.753418  1114.128906  -4.21595527  5.089099873
1740.196289  1317.47583  -5.127472005  5.436077156
1741.42041  892.288208  -5.144000783  4.651660623
1383.158325  1290.032837  -5.784595163  5.362972032
1330.814697  1320.88208  -5.879511886  5.416675625
2223.878418  993.443176  -4.231388063  4.859812992
1735.003784  1166.754028  -5.144298779  5.153486508
1042.856934  741.095032  -6.379659156  4.373076485
562.068115  1127.976685  -7.233619665  5.028964422
938.699524  688.47229  -6.558319752  4.269705809
84.928238  601.875732  -8.021966057  4.09855361
378.25705  1027.923096  -7.546735451  4.844697865
872.826904  783.274658  -6.675542174  4.432236607
356.594849  650.078613  -7.557571306  4.189102152
356.594849  650.078613  -7.557571306  4.189102152
400.302032  651.838684  -7.483399304  4.192111798
524.919678  1480.839966  -7.327181406  5.671983076
524.919678  1480.839966  -7.327181406  5.671983076
645.097595  280.014008  -7.044711207  3.568985684
909.899902  748.614014  -6.610351051  4.373202356
672.241028  737.527832  -7.01917955  4.347148649
63.047935  277.220123  -8.035290878  3.549716613
958.385254  780.146118  -6.527687164  4.429792441
519.459167  91.59906  -7.250472438  3.250444554
970.033691  253.28598  -6.492073643  3.529857508
436.244812  755.416016  -7.427306059  4.372134464
1043.314209  1003.744385  -6.386567063  4.823374999
136.051208  1044.193481  -7.965046823  4.862692627
50.207268  496.488129  -8.07224338  3.919135791
50.207268  496.488129  -8.07224338  3.919135791
57.032806  438.870911  -8.056498592  3.821822821
364.744141  773.007629  -7.550311403  4.399488184
386.460449  1233.207031  -7.549135419  5.211331432
386.460449  1233.207031  -7.549135419  5.211331432
434.937134  456.478668  -7.411084277  3.861479223
83.491051  1092.350708  -8.059087557  4.944058324
945.100586  1067.098389  -6.56067972  4.933604556
76.922127  839.886047  -8.054319621  4.508163364
740.922974  823.132629  -6.905193084  4.497453625
589.555603  740.525391  -7.161228639  4.350136848
737.18927  481.383087  -6.895973208  3.910136795
901.005249  1367.453003  -6.651432499  5.480066972
778.85498  980.14386  -6.846567873  4.772762467
351.630707  918.762939  -7.564781209  4.636081129
629.645752  1064.735229  -7.111027314  4.917074785
284.768311  1274.077515  -7.729274995  5.27870619
24.343884  701.511841  -8.132719567  4.268087577
117.107834  584.948975  -7.965306819  4.070994897
117.107834  584.948975  -7.965306819  4.070994897
554.980164  1277.772827  -7.257253347  5.298329131
544.907349  1149.49231  -7.265404237  5.066495631
934.900574  1400.988892  -6.59260629  5.545656859
407.754852  735.14325  -7.474395425  4.33588268
611.880188  729.701111  -7.122362162  4.331931586
417.104279  1184.883789  -7.491552194  5.124949758
702.384583  555.652405  -6.958301369  4.035631452
477.116058  337.82077  -7.33352732  3.662110923
561.125  270.647552  -7.186566298  3.551134351
355.839966  1258.825806  -7.603364689  5.253721953
644.573669  714.221436  -7.065472927  4.306450103
536.407043  1001.879761  -7.269746179  4.803829532
484.586945  754.872498  -7.343363188  4.372150439
484.586945  754.872498  -7.343363188  4.372150439
246.540543  1217.9823  -7.791925152  5.177378783
400.08548  711.956726  -7.486543261  4.296091921
1035.846069  790.779846  -6.393659967  4.448542296
1045.609741  973.532593  -6.381687128  4.770618691
96.655426  957.86554  -8.027590981  4.711541645
52.76223  1288.545166  -8.136777512  5.295483757
1019.930115  711.022095  -6.418979627  4.310389311
523.604919  1376.862427  -7.320463496  5.478039115
695.254639  324.309509  -6.961097332  3.644561295
320.594116  525.49115  -7.611937574  3.975669983
319.61908  1281.629395  -7.67023179  5.295211052
324.739563  1376.748535  -7.669544799  5.46699284
394.209656  38.568333  -7.45841664  3.160636909
447.115356  309.763702  -7.382836657  3.614219057
357.296722  39.390198  -7.522100783  3.159864674
694.361023  345.480896  -6.963112305  3.68021985
64.141602  1180.912354  -8.106402921  5.104172778
120.166519  251.341324  -7.936508207  3.507803323
497.109772  225.744888  -7.293628857  3.474620873
1020.061462  661.109985  -6.417397648  4.223641237
69.583534  1317.075806  -8.111107857  5.348319664
245.993942  1290.511841  -7.800535036  5.308289429
400.313049  1437.072144  -7.542559508  5.581740306
776.373352  923.01062  -6.849177838  4.673975001
1012.500488  25.97613  -6.414319689  3.147664213
36.110416  389.928162  -8.088428162  3.738349853
355.890259  1269.644775  -7.606429648  5.275674055
118.950378  1064.6604  -7.997460387  4.897817771
118.950378  1064.6604  -7.997460387  4.897817771
640.421021  92.221771  -7.045886191  3.25414059
939.535706  529.438538  -6.551860838  3.997908699
606.301453  315.767822  -7.112188299  3.628399661
642.215149  247.825134  -7.048977149  3.515846042
1057.1698  660.949036  -6.353565507  4.223717479
342.25238  758.756226  -7.588799885  4.374858834
101.574669  557.610596  -7.9889955  4.024051685
428.380371  1285.928711  -7.48144233  5.308900556
182.533875  521.575195  -7.847605403  3.964715417
597.879272  1226.373291  -7.177713417  5.205909209
696.221924  766.101807  -6.978823093  4.396470096
671.857422  1307.78186  -7.052323104  5.354368247
455.825256  755.626404  -7.39298252  4.372805198
608.233826  1176.193726  -7.156518702  5.116341664
608.233826  1176.193726  -7.156518702  5.116341664
939.166992  630.538208  -6.555728786  4.170240433
453.844727  914.644958  -7.40710433  4.648794438
970.933228  19.711794  -6.484680742  3.137134792
670.505554  1342.640503  -7.05783103  5.420069669
485.283783  1133.374878  -7.367914858  5.03475464
815.476379  924.75415  -6.780685759  4.677269393
318.802032  791.743835  -7.631805307  4.430808151
663.834717  1464.322388  -7.079565738  5.648789177
609.893005  1299.438965  -7.161701632  5.340440597
377.842804  811.186829  -7.530316672  4.465784915
659.219177  761.359436  -7.042547236  4.387866051
15.324651  1273.925903  -8.201055647  5.268493611
912.345947  266.695007  -6.59041932  3.552769246
912.345947  266.695007  -6.59041932  3.552769246
465.846832  829.089294  -7.380297691  4.499837835
692.345093  64.909645  -6.957111385  3.209425923
692.345093  64.909645  -6.957111385  3.209425923
506.625122  737.849731  -7.304081717  4.343182956
342.628845  1297.691284  -7.632357299  5.325878397
84.67337  690.830505  -8.028343971  4.251142261
341.03775  1280.827148  -7.633208288  5.29478913
341.03775  1280.827148  -7.633208288  5.29478913
893.753296  699.908936  -6.636265703  4.288524647
672.884521  692.736023  -7.015424601  4.269946989
672.884521  692.736023  -7.015424601  4.269946989
50.431606  467.7565  -8.07004841  3.870404817
70.706558  746.583679  -8.057105584  4.346628968
70.706558  746.583679  -8.057105584  4.346628968
1074.316406  1239.577393  -6.338270713  5.253815707
648.77124  691.246399  -7.056974042  4.266891955
378.264771  706.299744  -7.52383476  4.285811587
890.515564  717.454041  -6.642589618  4.318643962
103.699181  723.565857  -7.998278376  4.308373123
65.889893  733.20752  -8.064193489  4.323235783
1012.349854  269.497375  -6.420408607  3.558412301
1084.117432  873.635071  -6.312120064  4.594293462
14.58529  749.880432  -8.152953294  4.350370956
399.727539  784.66687  -7.491558194  4.421274877
399.727539  784.66687  -7.491558194  4.421274877
120.846878  686.358582  -7.965824812  4.244517094
581.839661  1301.452881  -7.210570975  5.340441809
368.07843  490.101654  -7.528015703  3.916699761
916.88623  701.388245  -6.596480238  4.291715029
44.37466  397.899719  -8.075016343  3.752258144
925.932373  712.522644  -6.581239443  4.311038049
1012.312195  242.799484  -6.419854615  3.513063149
913.278137  687.300659  -6.602238161  4.267521872
639.517578  834.308228  -7.080609724  4.513660148
703.968872  1127.817017  -6.985269007  5.032241207
703.968872  1127.817017  -6.985269007  5.032241207
402.880951  1314.902466  -7.527416711  5.358795339
926.537476  747.559143  -6.581520439  4.371907483
1018.886902  383.423859  -6.412125719  3.750461041
127.669701  305.446533  -7.926219345  3.598362139
989.289551  1483.668701  -6.498169561  5.69830693
573.561035  693.298218  -7.186351301  4.268616237
573.561035  693.298218  -7.186351301  4.268616237
883.527222  806.064148  -6.657900412  4.47207711
883.527222  806.064148  -6.657900412  4.47207711
73.512909  761.361023  -8.053083638  4.37192615
1049.205444  1106.907837  -6.379092163  5.010152285
552.198975  1311.136963  -7.265024242  5.358904242
444.986115  705.062988  -7.408307314  4.285233085
444.986115  705.062988  -7.408307314  4.285233085
454.945099  738.644653  -7.39304152  4.34313835
454.945099  738.644653  -7.39304152  4.34313835
341.227295  1005.098999  -7.608471621  4.802408013
596.914185  1243.022461  -7.180712377  5.236033102
356.521759  710.887268  -7.560466267  4.292322587
428.483521  1083.294434  -7.463662569  4.944407725
101.935043  1470.289185  -8.073837359  5.631920247
437.298706  686.808411  -7.420625148  4.253909417
959.626892  732.957886  -6.523744217  4.347009145
959.626892  732.957886  -6.523744217  4.347009145
110.482483  797.35614  -7.991679464  4.434764277
1008.994019  1104.922852  -6.449873211  5.004793476
236.893982  1497.574951  -7.837143544  5.685915905
991.19928  727.886169  -6.469080952  4.338956464
544.283752  607.915161  -7.231619692  4.121446228
452.277954  951.981628  -7.412749254  4.714038241
691.242676  752.02356  -6.986954984  4.372650202
1009.075012  813.09491  -6.440678335  4.487387935
92.164932  520.937744  -8.002706316  3.96166426
56.949665  691.117371  -8.07598733  4.250795562
862.42749  1098.248047  -6.706869753  4.986544776
396.665771  428.251953  -7.475084416  3.812718234
1088.919067  1036.650757  -6.307514126  4.884109695
990.713867  1173.394287  -6.484403746  5.127691273
228.932343  517.003235  -7.768720464  3.958858795
956.785889  1206.115234  -6.545498924  5.185249615
878.796814  1333.082642  -6.68920699  5.41489148
100.467247  995.656677  -8.022615048  4.776504595
100.467247  995.656677  -8.022615048  4.776504595
523.446594  1067.530884  -7.296012825  4.918284747
71.812843  182.58107  -8.013854166  3.391511669
71.812843  182.58107  -8.013854166  3.391511669
420.200104  750.680237  -7.454379694  4.363526988
994.301208  562.620667  -6.458917089  4.054841962
536.596497  981.821167  -7.268265199  4.76888199
950.004639  488.471313  -6.532733096  3.927557789
35.756554  722.219727  -8.115094804  4.303593689
1028.316162  366.220032  -6.395592941  3.721926529
361.285034  401.250244  -7.534522616  3.765549668
335.726959  1294.008911  -7.64349415  5.318228725
390.302307  698.919067  -7.503315036  4.273638337
86.499908  762.028625  -8.03066494  4.373366816
327.938995  711.49115  -7.611186584  4.293142382
327.938995  711.49115  -7.611186584  4.293142382
1013.339478  310.005493  -6.419760616  3.626356416
1013.339478  310.005493  -6.419760616  3.626356416
1073.61377  752.5672  -6.32728386  4.383387913
694.242981  363.403381  -6.96420429  3.710539938
706.513062  695.461853  -6.957785376  4.275455096
342.627747  687.309631  -7.583817953  4.252252587
395.337555  1344.107788  -7.543484495  5.411964202
675.141235  834.509094  -7.019549545  4.5167104
580.132507  823.212097  -7.182836348  4.49320623
632.729919  1445.828125  -7.132754022  5.61047561
107.159264  1446.459839  -8.061572524  5.587954007
946.933411  449.723114  -6.53687204  3.861815953
483.605286  1408.608032  -7.393945507  5.534505566
519.402344  986.081604  -7.298536791  4.775974802
621.989258  1490.891846  -7.155520716  5.696161948
678.307312  717.122559  -7.007564707  4.31233413
678.307312  717.122559  -7.007564707  4.31233413
539.014099  305.811462  -7.226133765  3.609822536
442.44873  1036.675781  -7.435134953  4.86206879
442.44873  1036.675781  -7.435134953  4.86206879
347.568268  1481.490967  -7.640111195  5.661371312
289.498322  18.077457  -7.634197275  3.123574591
577.321655  840.583679  -7.188271275  4.522642956
122.329323  1006.057617  -7.985716545  4.795481959
747.530457  262.891327  -6.870231554  3.542523009
356.95462  243.432648  -7.532554642  3.500361988
45.688808  701.899719  -8.096833049  4.269361875
1054.886108  1238.074585  -6.372813248  5.249698895
1067.893799  992.6698  -6.343307645  4.80441154
1068.081543  1038.299072  -6.344013635  4.887499475
995.20752  1055.682129  -6.472559906  4.917496559
328.744934  217.944931  -7.579368012  3.457292158
1032.953979  1055.62561  -6.406230798  4.915677364
694.726135  718.60144  -6.979277087  4.315205197
706.916748  224.237579  -6.937990643  3.476617105
327.243835  969.916199  -7.630197328  4.740725612
903.203064  495.503418  -6.613014016  3.93886343
706.624451  1021.171143  -6.974447152  4.842769967
622.210754  1279.910278  -7.138668942  5.303942677
528.823425  793.67926  -7.269779178  4.440298581
949.479065  729.746643  -6.541166982  4.341112389
1072.091064  789.680847  -6.330834813  4.447811874
95.541748  347.765076  -7.984201565  3.669047267
534.647949  356.942261  -7.235502639  3.695610186
374.618164  1093.40332  -7.558161298  4.960462993
828.120789  829.682251  -6.75466111  4.511557944
828.120789  829.682251  -6.75466111  4.511557944
297.966156  592.832275  -7.654499001  4.089678514
297.966156  592.832275  -7.654499001  4.089678514
378.815521  268.554169  -7.496682125  3.542958183
753.377991  1201.474487  -6.902837116  5.166337274
900.971191  726.304016  -6.625029854  4.335151641
1060.729736  565.004761  -6.344944623  4.060029998
411.313477  1293.57666  -7.51117693  5.320884142
449.399994  1144.403442  -7.431830998  5.05377245
12.40027  538.816467  -8.141032455  3.98997057
1032.953613  107.331696  -6.381474131  3.284675351
510.679626  115.931656  -7.266305225  3.290952264
355.916016  1144.138062  -7.594605807  5.049349748
516.050537  764.85791  -7.289248916  4.389727855
112.968193  782.994019  -7.985807543  4.409575804
112.968193  782.994019  -7.985807543  4.409575804
484.898956  984.705261  -7.358504984  4.772623132
63.469746  737.604187  -8.069238421  4.331167242
45.584114  386.886597  -8.072361379  3.733648459
316.541656  1313.795288  -7.678879673  5.353040962
1082.099609  867.263794  -6.315304022  4.583793299
669.793152  1492.272339  -7.070429861  5.699903226
11.267282  592.421204  -8.14730837  4.081227096
1071.547974  831.444092  -6.332796786  4.520621075
454.250427  1214.228516  -7.429041035  5.179086534
664.349304  1385.322998  -7.072140838  5.499697859
510.042084  1091.411255  -7.32241647  4.961911941
584.200745  537.572144  -7.159073668  4.00238823
97.005043  748.569275  -8.011917192  4.350785496
913.907593  1130.410522  -6.617756952  5.045111332
1041.5896  347.811401  -6.372441253  3.690453673
575.083374  574.08374  -7.17677843  4.064430604
452.134613  694.424316  -7.395156491  4.267004808
680.045166  843.710144  -7.011333656  4.531792931
95.310822  768.600098  -8.016001137  4.384981698
512.506531  518.062622  -7.280902029  3.967587583
376.371399  1468.532104  -7.5877399  5.638495657
985.327209  1094.744873  -6.491117656  4.984676647
356.324585  62.91478  -7.524075756  3.199162642
620.142334  1237.078979  -7.139426932  5.226163306
510.609314  1131.553833  -7.324466442  5.033887004
689.869751  739.075562  -6.989096955  4.350916324
706.457886  272.96167  -6.940353611  3.558477754
670.550049  513.294312  -7.010518667  3.963781453
552.93219  700.669373  -7.222185819  4.280419388
560.493713  601.709656  -7.203728067  4.111612903
946.235413  1075.264282  -6.558992743  4.948146962
550.814697  722.824097  -7.226940755  4.318292426
550.814697  722.824097  -7.226940755  4.318292426
196.773361  1306.965942  -7.888026859  5.335576286
1053.187256  715.616455  -6.361696397  4.318901146
630.18335  227.064301  -7.068069892  3.48015825
98.622543  1009.027771  -8.026715993  4.799711736
137.966141  267.450531  -7.906993604  3.53527606
754.429565  517.778992  -6.868114583  3.973937964
508.634827  1047.245605  -7.320989489  4.882859689
97.553543  636.612061  -8.002091324  4.158768993
521.898071  157.620651  -7.248741461  3.36113988
57.653088  702.441589  -8.076161328  4.270499267
940.095459  732.438049  -6.557539762  4.346384857
615.812744  490.82428  -7.10316342  3.923790919
1000.96167  35.153248  -6.434119423  3.163161513
87.410995  832.986084  -8.034271891  4.495630419
970.120544  1137.096191  -6.519399275  5.060994653
662.12561  688.395691  -7.033847353  4.262332318
460.872467  817.250732  -7.388349583  4.479474624
1082.094849  919.154053  -6.316485006  4.675708312
1082.094849  919.154053  -6.316485006  4.675708312
536.145264  226.698685  -7.227681745  3.4770034
969.380737  1405.503662  -6.530996119  5.554343216
615.599304  240.760666  -7.093330552  3.502968766
330.305695  726.758423  -7.607641632  4.3195856
59.118  750.466064  -8.076329325  4.353043761
785.852356  1168.834717  -6.8445329  5.109923626
1076.561646  976.039795  -6.327568857  4.776100311
45.218384  722.557007  -8.098725024  4.304065403
602.98645  796.917603  -7.141551904  4.448127053
350.986847  739.554932  -7.572949099  4.342272915
982.526245  730.976501  -6.48413675  4.343862879
925.801941  24.544819  -6.561279712  3.144697276
958.02356  727.928589  -6.526361182  4.33844242
73.848793  522.781067  -8.033719899  3.96415205
358.523834  1467.224121  -7.619088478  5.635125623
599.908936  1138.20166  -7.168036547  5.047252867
381.519623  529.96228  -7.507559979  3.985112361
1036.564575  499.57663  -6.384804086  3.947757088
89.861916  839.625427  -8.030232946  4.506798456
49.83527  82.494888  -8.042391782  3.225134829
360.40979  706.431274  -7.554530347  4.285587887
12.578272  727.21637  -8.155144265  4.311438381
86.315376  1261.178589  -8.075839332  5.248354723
426.018433  1120.724487  -7.471002471  5.011015099
648.610657  205.650879  -7.03553133  3.444233887
393.169098  1065.483887  -7.524423752  4.913280632
953.082581  737.030273  -6.535207063  4.354052766
919.367126  572.594971  -6.587758355  4.070117162
9.418059  707.812805  -8.15848122  4.27794732
922.201416  1031.772949  -6.599389199  4.870464147
101.599709  743.563599  -8.003265308  4.341864796
101.599709  743.563599  -8.003265308  4.341864796
322.814301  718.410217  -7.620097464  4.305013172
111.645752  1317.74585  -8.038025841  5.351561869
389.44104  1233.519775  -7.544007488  5.211383725
57.242828  1272.463867  -8.127545636  5.267376383
55.184143  1307.138794  -8.134601541  5.329710656
320.986328  1422.786987  -7.681489638  5.552242297
228.347397  572.686157  -7.773614399  4.054067853
65.483047  561.232544  -8.05073767  4.028962919
508.05246  477.970978  -7.286534953  3.899436247
722.885071  824.903748  -6.936368665  4.500227391
400.291901  704.002502  -7.485700273  4.282539554
348.391144  501.753479  -7.562017246  3.936133223
231.592407  509.217072  -7.762889543  3.945417673
381.268494  627.135498  -7.513619897  4.150336727
382.975372  1044.394775  -7.539913543  4.874036865
1016.168701  349.853821  -6.415925668  3.693583448
220.052841  522.248535  -7.78391426  3.967333148
220.052841  522.248535  -7.78391426  3.967333148
939.812256  710.58728  -6.557229766  4.307912357
119.426254  1070.935303  -7.995188417  4.908031865
716.974854  549.728699  -6.933206707  4.02631418
929.47876  738.201294  -6.576029513  4.35563124
484.23999  593.63623  -7.334159312  4.095645929
57.003513  722.474243  -8.0781813  4.304022478
606.931763  1068.300659  -7.151284773  4.923615085
394.003082  726.051208  -7.497881109  4.320303572
643.666321  542.948608  -7.057660032  4.012946013
510.106812  410.798553  -7.280238037  3.786095822
512.221436  370.011444  -7.274935109  3.717219276
517.452576  226.097229  -7.259827312  3.475355452
517.452576  226.097229  -7.259827312  3.475355452
516.291687  134.545868  -7.257505343  3.322213429
954.264282  297.659149  -6.520019267  3.60451208
350.104126  751.008606  -7.57506107  4.361926038
952.009827  261.23877  -6.522926228  3.542927272
476.512238  347.624664  -7.334791303  3.67921325
827.550415  485.51355  -6.741927281  3.920002752
427.994934  353.009979  -7.417696188  3.686571244
427.994934  353.009979  -7.417696188  3.686571244
48.04985  727.684021  -8.094127086  4.313024497
623.522034  1202.501221  -7.131066045  5.163734263
112.994324  283.981232  -7.951814001  3.562784446
440.590515  736.906494  -7.417921185  4.339792359
527.469604  371.97467  -7.249113456  3.720852146
898.19281  1032.978394  -6.64164763  4.872863748
491.821259  445.814209  -7.313062596  3.844690044
324.932861  529.119995  -7.604584673  3.981873014
994.082458  17.923525  -6.445378271  3.134486218
978.645386  950.902832  -6.497882565  4.727975882
1009.431091  1063.097534  -6.447749239  4.929380817
498.115295  189.900452  -7.290587898  3.414251073
967.167786  738.837769  -6.510935389  4.357541944
546.071655  833.847046  -7.242385547  4.510857485
463.832489  1413.074219  -7.428559042  5.54092785
109.678627  213.705643  -7.951927999  3.444620577
109.678627  213.705643  -7.951927999  3.444620577
139.253342  1399.887817  -7.999936353  5.503760138
353.951904  481.037048  -7.551804383  3.901018251
817.457153  907.490051  -6.776696813  4.647720897
395.321686  326.137543  -7.471624462  3.640446151
516.179626  231.423065  -7.26220328  3.484235084
171.793152  821.482361  -7.886941874  4.477725702
1080.258789  761.702087  -6.315990012  4.399270501
317.573853  1459.058716  -7.690972511  5.618714388
1047.108276  947.559998  -6.378359173  4.724454624
1047.108276  947.559998  -6.378359173  4.724454624
201.525787  134.871399  -7.790858167  3.315381574
204.59288  522.722168  -7.810332905  3.967569297
1198.860962  124.539474  -6.098691936  3.314766395
2118.769531  581.031677  -4.457895015  4.107824607
2123.249268  373.890564  -4.46047398  3.743066295
2123.249268  373.890564  -4.46047398  3.743066295
2015.443604  274.217987  -4.662019268  3.568557454
2015.443604  274.217987  -4.662019268  3.568557454
886.167603  248.424408  -6.634435727  3.520458302
1553.681519  912.802734  -5.484410202  4.679867611
2181.915283  744.822754  -4.328053762  4.404060653
880.444458  55.20541  -6.639533659  3.195602565
1051.369263  302.370972  -6.354637492  3.61384
1666.241821  1309.375  -5.26683413  5.414642915
1874.692383  34.409985  -4.918680814  3.156831177
1671.134399  721.837402  -5.275480013  4.346371403
2025.5177  1060.196899  -4.602910063  4.975090399
1878.700684  288.39682  -4.906762975  3.593412062
1936.261353  720.290283  -4.792045518  4.35114728
1724.350342  273.934113  -5.180334294  3.568584351
1516.158203  1028.953125  -5.548033346  4.889244437
1556.594482  293.457001  -5.479919262  3.602232051
1136.011963  302.668365  -6.20990144  3.615450684
1662.910889  1096.120972  -5.279969953  5.01822076
1616.791382  287.686401  -5.3730937  3.592522239
1313.370361  252.358353  -5.903861558  3.531598622
1746.855103  1412.69519  -5.11147122  5.61665989
2049.94458  576.338379  -4.58680828  4.098207594
63.047935  277.220123  -8.035546874  3.549734754
1464.75061  590.284363  -5.642917069  4.112473208
1260.524048  153.777664  -5.993672349  3.364847398
2039.08252  663.083862  -4.601160087  4.252730561
2014.775879  1144.008789  -4.615017901  5.134493019
1224.030151  548.7771  -6.064303399  4.035951126
2035.19458  541.42334  -4.61430591  4.036532688
1100.635132  299.328522  -6.269866633  3.609327798
1257.792603  553.678955  -6.004819199  4.044143214
1798.307251  302.605194  -5.051100033  3.618360966
366.391541  638.663147  -7.541953516  4.170212023
643.738342  513.011597  -7.057172039  3.963160268
643.738342  513.011597  -7.056201052  3.961980652
889.563232  630.311462  -6.641010639  4.168480823
1478.762451  990.374817  -5.616947419  4.81630254
1478.762451  990.374817  -5.616947419  4.81630254
1516.505737  1066.418701  -5.546902361  4.956868461
1100.955811  182.040756  -6.267432666  3.411118132
956.339111  450.339264  -6.520380262  3.863012123
1519.577271  1173.571777  -5.538204478  5.154450284
1243.47168  515.944092  -6.029353869  3.979523581
1243.47168  515.944092  -6.029353869  3.979523581
1190.806641  1065.620361  -6.127932543  4.942670755
565.652039  342.097809  -7.182252356  3.671608784
1636.482788  851.963501  -5.335985199  4.574632186
67.869926  311.184082  -8.029760952  3.607010038
1672.858765  224.568268  -5.274474027  3.484171959
1563.477783  1105.369629  -5.459800533  5.03302263
1563.477783  1105.369629  -5.459800533  5.03302263
1648.446411  369.845123  -5.318679432  3.734091744
1028.648804  185.617783  -6.390677007  3.416623247
1481.20813  657.755493  -5.614283454  4.229247345
1119.31897  109.115028  -6.23444411  3.288318539
1554.990356  1400.875244  -5.469415404  5.579419178
2056.338867  434.248657  -4.582252341  3.847944594
2056.338867  434.248657  -4.582104343  3.847482322
1456.261841  976.73877  -5.657207877  4.790959542
1453.534546  1459.291138  -5.654217917  5.685749248
1453.534546  1459.291138  -5.654217917  5.685749248
261.857452  479.59491  -7.707828284  3.895995783
2134.759521  376.629913  -4.442264225  3.74655114
2134.759521  376.629913  -4.442264225  3.74655114
504.791992  626.612244  -7.300505765  4.152285673
2178.633789  107.698311  -4.374856132  3.280079946
2124.372314  1051.0354  -4.417292561  4.963035433
1518.188721  686.365295  -5.548875335  4.28020825
1789.909424  696.546936  -5.061357895  4.305320777
1602.397217  367.158813  -5.399426346  3.729054748
1602.397217  367.158813  -5.399426346  3.729054748
1693.866455  748.363159  -5.234652563  4.393258977
1693.866455  748.363159  -5.234652563  4.393258977
1714.039795  770.011414  -5.197863058  4.432272533
1760.733276  466.006348  -5.11818613  3.900947957
1780.97644  604.467712  -5.077249681  4.143710725
1576.736694  389.917572  -5.444824735  3.768162723
1223.977295  1446.635498  -6.073823271  5.645599711
2152.400635  1447.956177  -4.325078802  5.726634649
2158.13501  1056.111572  -4.351786443  4.974550285
1233.588623  988.983337  -6.051919566  4.804435899
408.665527  411.181641  -7.453597705  3.784130287
1435.359863  1038.960083  -5.693013395  4.90315085
939.548767  431.678253  -6.548547883  3.830366205
1683.178833  356.557892  -5.25642427  3.711304346
1475.826172  811.974365  -5.624353319  4.498188227
655.515564  401.368073  -7.031381386  3.773553202
254.315323  435.11203  -7.715662178  3.820609177
1160.702637  60.188328  -6.165172042  3.207634093
1576.739502  1285.437012  -5.432411902  5.364065046
1576.739502  1285.437012  -5.432411902  5.364065046
1537.996704  68.254242  -5.51206683  3.218274319
119.335175  621.638245  -7.963549843  4.134001584
100.708267  621.197632  -7.992164458  4.131489237
1253.577026  297.463776  -6.008200154  3.607826139
1253.577026  297.463776  -6.008024156  3.607928845
2126.565674  434.868256  -4.451785097  3.849148334
1546.918335  410.491699  -5.498559012  3.80324405
1004.051331  467.841705  -6.438957358  3.893856091
1004.051331  467.841705  -6.438957358  3.893856091
1688.169189  885.34314  -5.240918478  4.637113267
2070.184082  519.936646  -4.550588767  3.99920486
2142.946533  669.529968  -4.405933714  4.266964922
1476.203125  556.945129  -5.624111322  4.053823582
1607.728638  122.905769  -5.390518465  3.3109016
329.704987  302.420959  -7.582254974  3.598940607
1780.429688  736.304321  -5.077245681  4.375034334
1780.429688  736.304321  -5.077245681  4.375034334
1613.240845  847.318054  -5.378397629  4.565362782
1476.144409  536.767578  -5.624115322  4.019554472
2210.276367  1331.828979  -4.221725193  5.506293815
1135.796997  621.991089  -6.216929345  4.159210639
1204.817139  31.306232  -6.087568086  3.15750353
1716.383301  634.564026  -5.194381105  4.194610272
534.890991  247.624115  -7.230559706  3.512047717
1127.6073  532.433044  -6.229324179  4.005767765
1658.736694  749.207642  -5.293094776  4.399023643
1658.736694  749.207642  -5.293094776  4.399023643
1255.349731  609.148926  -6.01001213  4.139761775
1255.349731  609.148926  -6.01001213  4.139761775
2199.132568  250.165817  -4.330773725  3.526162188
785.310913  538.650024  -6.816435278  4.0096931
785.310913  538.650024  -6.816435278  4.0096931
1437.122192  793.835327  -5.692837397  4.466117724
1778.233154  488.981476  -5.085238573  3.941249737
1255.091187  708.76123  -6.011295112  4.312566815
1608.083984  1241.360352  -5.375275671  5.284688914
1516.093262  729.870605  -5.552972279  4.355842806
1075.700195  235.926743  -6.310770083  3.502581539
1075.700195  235.926743  -6.310770083  3.502581539
1622.577393  763.836182  -5.36191785  4.419123297
1663.473877  371.905975  -5.291409799  3.737450567
2068.484131  752.899536  -4.541856885  4.415103594
1708.753418  516.096436  -5.207935922  3.988742566
443.040527  537.796448  -7.401478406  3.999040399
1958.517456  536.910889  -4.751225068  4.027078633
1506.269409  187.271912  -5.56779908  3.421023491
481.453705  562.468018  -7.337030273  4.042308895
1757.402832  737.028137  -5.119896107  4.375385895
686.799316  611.632751  -6.987862972  4.131347584
122.475952  345.185852  -7.939001173  3.665423927
1644.219971  751.646729  -5.327618312  4.393337527
1644.219971  751.646729  -5.327618312  4.393337527
920.088684  590.252441  -6.586414374  4.099591633
1287.169678  356.596649  -5.950944924  3.708630935
915.634766  319.203064  -6.586362374  3.640287192
578.515625  372.558716  -7.161982629  3.723631605
566.245667  105.483528  -7.171841496  3.274761422
1510.124634  1234.006958  -5.554865254  5.264456309
1115.663574  207.85434  -6.242839997  3.454852318
659.365112  73.236191  -7.014851608  3.224169527
1036.663574  333.349274  -6.380304147  3.666111971
1072.54541  204.409271  -6.31614001  3.448635855
1072.54541  204.409271  -6.31614001  3.448635855
1072.54541  204.409271  -6.31614001  3.448635855
1949.859497  438.396973  -4.776108733  3.854364278
1147.981079  255.144302  -6.188529727  3.535109358
1325.151733  1301.057373  -5.889465752  5.380345436
839.015076  133.08812  -6.711487691  3.325462281
58.279465  110.226242  -8.030732939  3.271085625
2139.147949  412.863068  -4.431234374  3.810721378
1729.254395  368.4104  -5.174347374  3.73178646
514.747681  177.982925  -7.261981283  3.394889246
1806.650269  683.78772  -5.031490297  4.282619911
1806.650269  683.78772  -5.031490297  4.282619911
1105.97937  355.116516  -6.262484732  3.703959668
1452.555908  1421.651855  -5.657243876  5.612675268
1158.897583  686.8573  -6.178238866  4.271629965
2110.541992  467.701721  -4.48054571  3.906488771
1504.541626  243.760117  -5.570718041  3.517416957
689.247925  56.258068  -6.962015319  3.194719714
1397.861328  535.984619  -5.761099479  4.016976966
304.862549  593.85553  -7.64348015  4.091673729
304.862549  593.85553  -7.640772186  4.091350275
116.229095  544.129883  -7.967856785  4.002669123
1579.03772  877.911987  -5.330995266  4.724173861
1797.890381  1056.664551  -5.034356258  4.952008466
1479.919067  224.209122  -5.613337467  3.483796786
1479.919067  224.209122  -5.613337467  3.483796786
1717.185181  1047.991089  -5.182424266  4.932517883
1009.415771  73.818581  -6.420764602  3.228461468
1382.905151  501.327698  -5.786658135  3.957112489
1382.905151  501.327698  -5.786658135  3.957112489
1155.247437  634.923767  -6.183598794  4.18188402
1128.9823  681.094727  -6.230248166  4.260264912
1538.594238  49.691776  -5.510619849  3.186806011
61.727989  61.924568  -8.021965057  3.191089981
1400.669067  500.88208  -5.754959562  3.956937847
1238.392578  217.090546  -6.032838822  3.47167623
2104.828125  282.728058  -4.502343417  3.582600577
2026.252441  432.865692  -4.63365165  3.844965099
1249.345947  740.250122  -6.021082981  4.370285443
1197.341675  769.542908  -6.112865746  4.416150319
1877.295532  524.824097  -4.905537991  4.004996827
1817.403809  586.660217  -5.013500539  4.112398631
1067.935913  264.37439  -6.325280887  3.54976724
1562.890015  718.083496  -5.469469403  4.336816546
1750.844604  803.067322  -5.129884973  4.492480726
1204.962402  488.659363  -6.094970986  3.932634134
1713.257568  703.484253  -5.199867031  4.315015002
1583.695435  68.084747  -5.432286903  3.217871333
86.318604  506.083038  -8.011233201  3.936107184
2044.668335  91.122643  -4.613111926  3.25192773
1936.701294  723.684509  -4.79563647  4.357312223
621.635559  463.868896  -7.091621575  3.878375624
1355.670776  732.637268  -5.836003471  4.356123526
649.006775  291.803772  -7.039188281  3.590135172
1740.715942  697.822144  -5.150996688  4.305220898
1740.715942  697.822144  -5.150996688  4.305220898
1234.172852  695.322144  -6.047783621  4.288117429
2119.07666  1010.840393  -4.429681394  4.888283825
2045.790283  680.903503  -4.588367259  4.284776316
1188.156372  463.115997  -6.123562602  3.88883244
1188.156372  463.115997  -6.123562602  3.88883244
1260.248047  735.151855  -6.002809226  4.358040909
1278.247803  244.316696  -5.964880737  3.51788862
1510.34436  110.800911  -5.560624177  3.29082438
1148.020264  93.264824  -6.185170773  3.261748746
2183.528809  282.624573  -4.354010413  3.582270379
1794.763916  1102.625977  -5.036313232  5.038538563
1158.038574  380.658813  -6.173701927  3.748024996
1773.532104  691.092529  -5.0907125  4.294795579
1841.14502  600.454651  -4.970648115  4.136742669
1545.992798  753.21051  -5.499379001  4.39767975
1161.842529  295.707153  -6.165641035  3.603946043
1058.118896  58.682293  -6.337528723  3.203163658
1158.560913  208.802902  -6.169080989  3.456842354
1260.796021  527.156128  -5.999284274  3.999319053
1219.668945  792.755432  -6.074422263  4.456925638
1021.372742  269.368774  -6.405118813  3.557725439
1093.029419  334.543396  -6.284069442  3.668905811
1010.430664  93.997696  -6.419340622  3.262113711
1215.378174  754.225891  -6.081499168  4.389397205
1018.293823  528.092529  -6.416873655  3.996227542
1348.711182  34.306091  -5.839414425  3.161741121
1144.539429  331.401672  -6.195936628  3.664246833
1816.762085  320.901917  -5.018233475  3.64980434
1789.879395  785.16272  -5.058775929  4.461895856
1796.10791  713.950256  -5.049951048  4.335775943
1291.76416  585.773254  -5.946429985  4.100421024
1778.300781  318.465729  -5.086880551  3.645605254
2101.388672  432.88736  -4.49689749  3.845783794
1546.769775  807.463684  -5.497542025  4.493405344
1008.62561  458.924316  -6.431434459  3.878492282
1107.087402  12.882108  -6.253169858  3.126363404
1796.970215  748.228577  -5.046610093  4.396748862
1474.950439  730.638489  -5.626444291  4.355417819
1474.950439  730.638489  -5.626444291  4.355417819
1575.706055  536.020142  -5.447758695  4.020047185
488.753448  174.069077  -7.305617696  3.387750715
92.108849  267.289917  -7.985539547  3.533687463
92.108849  267.289917  -7.985539547  3.533687463
1786.286255  381.301636  -5.072709742  3.754363595
1150.796021  196.470062  -6.18239881  3.435933088
1569.327393  454.649139  -5.458889545  3.87942567
1259.079712  50.308052  -5.994637336  3.189606137
1772.010498  31.118204  -5.099304384  3.151922969
2009.143555  952.961365  -4.641730541  4.775982057
1889.965088  726.833679  -4.877590367  4.360890346
324.823547  626.78656  -7.610846589  4.148308883
1169.578003  308.034515  -6.152463213  3.624932099
1928.641479  754.161072  -4.806216328  4.410765115
1928.641479  754.161072  -4.806216328  4.410765115
267.708801  473.957947  -7.701822365  3.886940765
1279.789795  110.315796  -5.959222813  3.290652553
1708.990967  668.646667  -5.207976922  4.254019858
1715.233398  193.477753  -5.199839031  3.430778538
1206.44751  386.006042  -6.090613045  3.757761733
690.750732  542.506042  -6.977972105  4.013647244
690.750732  542.506042  -6.977972105  4.013647244
1521.730225  712.446167  -5.543090412  4.325623746
1762.981689  735.736572  -5.107696271  4.374433995
1873.351929  1471.653809  -4.867441504  5.742813025
1111.810181  455.888824  -6.254829835  3.875038205
26.741489  251.597534  -8.095089073  3.505968465
1610.923584  824.169861  -5.382559573  4.52489064
570.018738  238.570053  -7.170891509  3.497593905
1317.804443  110.434662  -5.894546683  3.29119387
1156.883301  320.055176  -6.174588915  3.645163975
2226.047363  163.156662  -4.284853343  3.375300503
1917.432617  1216.08606  -4.796641457  5.261308181
1075.918701  330.871002  -6.313037052  3.662453184
2191.147705  621.605164  -4.321053856  4.180889116
660.479126  333.084778  -7.020444533  3.658626058
660.479126  333.084778  -7.020444533  3.658626058
1746.751709  519.067993  -5.141658814  3.99340284
920.708618  173.627197  -6.573607546  3.395031687
1836.859619  55.89537  -4.984765925  3.193688725
1836.859619  55.89537  -4.984765925  3.193688725
1496.317749  357.16803  -5.586147833  3.711381807
911.397095  245.323471  -6.592086297  3.517274707
1817.919556  610.904663  -5.012887547  4.154588244
1065.949463  190.894196  -6.327261861  3.425840589
1990.242432  1178.31189  -4.657006336  5.198870788
1705.509033  277.377472  -5.216463808  3.574950381
471.543549  61.201206  -7.330758358  3.198236409
1137.491821  205.555969  -6.205369501  3.451329711
1137.491821  205.555969  -6.205369501  3.451329711
1682.490234  124.553268  -5.258032248  3.312686274
1860.02417  13.636991  -4.944350469  3.121007219
558.520996  184.272522  -7.189722255  3.406292465
1964.711548  215.768265  -4.755796006  3.467843614
2138.730957  1234.056885  -4.370936185  5.311691031
1089.483398  545.72168  -6.295158293  4.027986471
1090.062012  305.307159  -6.289307371  3.619299953
1908.024292  1206.276123  -4.815276206  5.24188575
1978.960449  1281.108032  -4.6745211  5.389602931
1697.832153  1469.768433  -5.202098001  5.720634113
94.863243  35.601585  -7.962700854  3.148591642
1106.274658  330.285614  -6.261483746  3.661861068
2185.550293  299.769073  -4.352079439  3.612697954
1469.764893  867.036438  -5.634052188  4.59605505
615.103516  374.197632  -7.099540469  3.726849834
1742.100464  226.806458  -5.15160068  3.487558199
1629.285522  219.799271  -5.352205981  3.476265183
1306.887695  837.781128  -5.921956314  4.539183844
1087.704712  560.55188  -6.298655246  4.053171304
1972.011108  1413.172974  -4.677904054  5.6431236
1727.926514  577.323853  -5.174424373  4.094716267
1048.236938  268.716156  -6.35930143  3.556905515
1028.675781  588.668396  -6.400716872  4.099940987
1233.591431  710.777954  -6.048893606  4.315098454
1079.925171  461.070129  -6.309383101  3.883344063
2182.518311  336.464783  -4.355153397  3.676758125
1242.858276  809.578979  -6.034043806  4.487590482
1638.411499  73.192535  -5.336360194  3.22593928
1581.657593  267.544098  -5.435393862  3.558003566
1080.245117  475.322479  -6.309374101  3.907600345
1738.800415  279.128357  -5.157333603  3.577680418
1391.460327  755.483032  -5.773230316  4.397083547
1391.460327  755.483032  -5.773230316  4.397083547
1210.903687  74.503838  -6.077379223  3.230338468
1082.45874  275.574677  -6.300959215  3.568886421
1304.469604  343.773651  -5.920890329  3.687008067
443.563477  273.702606  -7.387689592  3.553523706
2035.241943  709.986267  -4.607485002  4.336001529
1223.010498  756.666443  -6.068042349  4.394428512
1223.010498  756.666443  -6.068042349  4.394428512
875.495361  610.241638  -6.664474323  4.133933909
63.798122  477.648651  -8.047592712  3.887411417
1049.357788  570.473389  -6.364399361  4.06971208
1592.448242  721.421204  -5.416644114  4.343358957
2150.422119  322.338562  -4.415660583  3.651996698
990.482117  79.112122  -6.45292117  3.236958659
1122.544434  138.118408  -6.229446177  3.337186565
420.354675  417.554535  -7.433778971  3.795228413
1038.95105  275.094757  -6.375231215  3.567576978
2096.848389  614.099365  -4.497346484  4.166111368
1014.611206  485.838776  -6.421979586  3.924304464
1370.028687  465.273346  -5.808537841  3.895263414
1761.209595  115.779015  -5.117570138  3.29667565
1318.332153  1228.152832  -5.901791586  5.243934107
1041.118286  254.968292  -6.371055271  3.53361653
2120.168457  907.832703  -4.435522316  4.697899369
2120.168457  907.832703  -4.435522316  4.697899369
1160.437866  410.461273  -6.169852979  3.798708214
398.308655  69.564301  -7.455085685  3.210624852
378.341553  300.523254  -7.498812096  3.59658737
1134.863525  365.967957  -6.213222395  3.722760569
1235.755005  979.863831  -6.047996618  4.788566455
346.018799  615.37915  -7.573702089  4.129380298
1593.399536  619.724243  -5.415698127  4.165683439
1593.399536  619.724243  -5.415698127  4.165683439
2098.043457  754.247314  -4.486362632  4.418021155
1852.186646  551.195007  -4.951814369  4.050551807
1741.777954  826.262817  -5.145409764  4.533605034
1574.418701  105.718658  -5.449287675  3.282344677
1581.030396  476.134888  -5.438679817  3.916574433
2047.534912  736.878723  -4.582486338  4.384655372
2047.534912  736.878723  -4.582486338  4.384655372
1974.365112  830.488403  -4.715134553  4.550581422
1237.660522  1262.168457  -6.046620637  5.304886793
1679.502563  58.11055  -5.263227178  3.199449711
373.540649  368.035065  -7.511764922  3.710470119
1784.106201  449.519897  -5.076766687  3.872505338
1467.5354  847.77771  -5.638904123  4.561015683
1996.223999  1262.490112  -4.642798527  5.355267986
431.19516  253.491592  -7.407516325  3.519915446
328.723206  544.416809  -7.598204759  4.007872936
2195.720947  1134.406128  -4.269792546  5.125410357
136.586349  614.703369  -7.933062253  4.122335278
1181.08606  359.476776  -6.133626466  3.712348274
1181.08606  359.476776  -6.133626466  3.712348274
136.486603  268.136963  -7.909971564  3.536336735
2113.593018  754.813171  -4.457328022  4.419603163
2113.593018  754.813171  -4.457328022  4.419603163
1646.039429  618.887878  -5.321725391  4.165367384
1803.056396  699.93396  -5.037265219  4.311372107
2152.703613  604.359863  -4.395424855  4.14923965
1482.179932  574.806458  -5.613019471  4.085471876
1048.091309  337.334106  -6.361110405  3.672996632
1048.091309  337.334106  -6.361110405  3.672996632
262.567657  531.602112  -7.71037825  3.984039621
1537.241577  138.854324  -5.513276814  3.33799732
1537.241577  138.854324  -5.513276814  3.33799732
1150.403564  284.895721  -6.184929776  3.585507913
2124.562012  268.159302  -4.463392941  3.556958582
2100.354736  77.729294  -4.512044286  3.227624369
1756.633667  140.67392  -5.12557603  3.33957103
923.012634  573.405884  -6.581696437  4.071793863
1082.441528  343.19693  -6.302210198  3.683421715
1119.423828  269.392487  -6.237522068  3.558915815
2191.196533  1308.859009  -4.260750668  5.460383804
1201.699097  401.676453  -6.099089931  3.784271346
1201.699097  401.676453  -6.099089931  3.784271346
1049.836792  366.524323  -6.358779437  3.72246796
369.387299  381.832245  -7.518670829  3.73362367
2087.612793  339.910156  -4.527600077  3.682782312
1099.854248  142.342056  -6.268138656  3.344157093
1614.385376  98.818977  -5.378228631  3.269634445
1964.330078  1414.411621  -4.692572857  5.645075313
1271.421631  815.480164  -5.984088478  4.49855942
1271.421631  815.480164  -5.984088478  4.49855942
881.02832  226.329239  -6.642697616  3.483176294
1089.911499  526.204773  -6.29383531  3.99439828
1660.89624  1023.869507  -5.28685486  4.885627446
2199.125977  313.847473  -4.32598479  3.637280188
681.608093  197.409912  -6.97983408  3.431064145
1287.539795  864.73053  -5.956140854  4.585982308
1093.812256  332.199677  -6.282630461  3.664937158
1642.766846  1037.666138  -5.318755431  4.910459336
1713.025879  1182.319458  -5.184269241  5.180961068
1965.492676  1320.752197  -4.69754779  5.463985765
1098.94519  122.196922  -6.269541637  3.310182088
1457.969604  596.525574  -5.655774896  4.122591579
49.2141  397.49707  -8.065833467  3.751706467
2075.441162  738.078674  -4.529847047  4.388166745
1031.549072  203.158051  -6.386310066  3.446285897
356.859833  641.335938  -7.557922301  4.174594212
720.112305  235.912842  -6.91590194  3.496444668
1918.880371  688.027466  -4.822473109  4.294213928
1141.978149  127.042305  -6.196180624  3.318663237
1355.606323  755.13678  -5.836151469  4.395361474
2001.664307  818.490234  -4.663787244  4.530585549
726.94635  486.045654  -6.913053978  3.91809319
1679.568604  1107.980347  -5.248195381  5.042610793
1800.355713  1054.339844  -5.028496337  4.949255783
2122.937988  341.039612  -4.463956933  3.684407195
127.980591  297.826965  -7.926218345  3.585966099
2187.302246  1272.879272  -4.271645521  5.390923007
1828.18103  30.132347  -5.000354715  3.149736311
1828.18103  30.132347  -5.000354715  3.149736311
1565.358032  1397.905884  -5.450303661  5.575037251
1420.858887  1333.682495  -5.715566092  5.4468638
1541.733154  723.620544  -5.507099897  4.345921544
108.424294  221.847794  -7.955463952  3.457195718
1486.475342  12.006763  -5.60051164  3.123048426
2006.597778  1255.200684  -4.622968794  5.342908204
1867.347046  31.293217  -4.930778652  3.151352711
1867.347046  31.293217  -4.930778652  3.151352711
1119.353882  281.663208  -6.237949062  3.579672376
2096.385986  981.910706  -4.475828773  4.833034748
2184.529785  1072.30957  -4.300358135  5.005825634
1956.382813  1033.711792  -4.736731263  4.921160294
1302.221313  300.638947  -5.924419281  3.613616209
1710.763916  1234.911255  -5.186306213  5.278894947
1133.172119  22.181978  -6.208963452  3.141928874
2186.858887  1039.632568  -4.298341162  4.945037915
1397.140625  177.546387  -5.758268517  3.404839578
590.257141  481.12915  -7.145629849  3.90677023
1089.996948  352.676056  -6.289728366  3.699594554
1711.809448  1467.831909  -5.175127364  5.719355384
1126.26123  356.7341  -6.227797199  3.706976718
1126.26123  356.7341  -6.227797199  3.706976718
367.53244  398.074982  -7.523179768  3.760986988
1817.262451  754.247375  -5.009461593  4.408059819
2062.774414  294.641357  -4.575901427  3.603877759
1911.024536  765.482666  -4.83654292  4.431246587
1569.358521  755.720093  -5.457356566  4.402982687
967.322815  264.92807  -6.496954577  3.549594007
2024.706055  664.970276  -4.628514719  4.25564626
1138.281982  136.22789  -6.202649537  3.334099149
2134.091309  44.800629  -4.453654072  3.171327627
1204.131348  456.167511  -6.095875974  3.877169369
1730.999756  740.57605  -5.167497466  4.380693126
1653.469604  1059.096069  -5.298542703  4.950113655
684.048706  308.702026  -6.979400086  3.618108983
2052.224609  281.633514  -4.59421318  3.581252235
2144.750732  235.654907  -4.429963391  3.501191563
1900.698975  720.589294  -4.857226641  4.350843309
1015.505615  94.959656  -6.410788737  3.26379304
2232.719727  271.962219  -4.265423605  3.563925291
2232.719727  271.962219  -4.265423605  3.563925291
379.655182  379.218231  -7.501067066  3.729308503
988.4021  311.801392  -6.462286044  3.62893515
1363.71582  747.837158  -5.821815662  4.383008856
965.217041  125.56826  -6.497107575  3.31450156
1108.331543  318.716614  -6.257731796  3.642273677
2218.975342  467.442535  -4.279245419  3.907226815
2096.509766  437.201202  -4.506882356  3.853170548
1205.87793  343.9505  -6.090735043  3.686392763
1935.083252  184.685715  -4.808741294  3.414176773
713.749084  264.643097  -6.926822793  3.544369934
1939.063599  194.879974  -4.802070384  3.43183509
1939.063599  194.879974  -4.802070384  3.43183509
1226.900391  1003.909119  -6.063617408  4.832094207
1135.289551  646.454956  -6.218474325  4.201022965
1101.495605  111.752556  -6.2649177  3.29261433
2218.205322  211.795517  -4.296537186  3.459530408
1919.506836  518.137573  -4.828266031  3.993728324
1502.629639  715.028748  -5.577037956  4.329418512
42.694153  520.670166  -8.08787117  3.960108699
1657.09375  153.788055  -5.303345638  3.363115165
1460.878906  1064.748413  -5.647103013  4.951236753
1143.598267  242.896027  -6.195366635  3.514329797
1916.774902  176.626465  -4.841460854  3.400128182
1758.223877  231.42865  -5.122746069  3.495636136
1520.59082  134.212723  -5.542744417  3.330601327
1520.59082  134.212723  -5.542744417  3.330601327
1307.72998  95.868896  -5.911394457  3.266241795
2194.018799  1069.969849  -4.278964422  5.004357171
986.255432  381.388794  -6.46774497  3.746586877
1707.299194  45.425102  -5.213259851  3.178024212
928.153015  505.244843  -6.570800584  3.955747054
928.153015  505.244843  -6.570800584  3.955747054
1118.897095  314.452667  -6.239323044  3.635202345
1129.013672  212.259674  -6.219937305  3.462426397
1129.013672  212.259674  -6.219937305  3.462426397
2065.266846  738.378906  -4.54890679  4.388270867
425.65625  491.868164  -7.428474043  3.920373516
1828.624268  719.921875  -4.99039085  4.347525002
1696.337402  958.912048  -5.224153704  4.769731661
1696.337402  958.912048  -5.224153704  4.769731661
1773.856201  726.215759  -5.089779512  4.357012069
1260.494385  238.87587  -5.99509033  3.508657591
1129.872437  347.087799  -6.221273287  3.690662956
1129.10083  278.724945  -6.221146289  3.574828255
1910.188721  519.375061  -4.845522799  3.995909299
1910.188721  519.375061  -4.845522799  3.995909299
1454.413696  655.856934  -5.662101811  4.225271556
1198.713013  733.823242  -6.109981784  4.354064399
1239.572021  557.133667  -6.036362775  4.050274375
1073.953979  108.919449  -6.31172707  3.287613385
1073.953979  108.919449  -6.31172707  3.287613385
2126.115479  404.963562  -4.454868056  3.796618537
1583.88916  728.911072  -5.432004907  4.356317283
1201.794556  300.58905  -6.097054958  3.612650054
405.792694  102.402252  -7.442385856  3.266127823
405.792694  102.402252  -7.442385856  3.266127823
1668.663696  278.407867  -5.282881914  3.57691217
2003.809326  962.411377  -4.652118401  4.792451367
2104.169434  549.296814  -4.486806626  4.051555807
2077.146973  748.055664  -4.526782088  4.407008222
1147.708984  370.693604  -6.191224691  3.730952115
1615.17981  902.555481  -5.373493695  4.664501285
997.748718  368.425293  -6.447913237  3.724817262
997.748718  368.425293  -6.447913237  3.724817262
2154.669189  771.424805  -4.381465043  4.449780247
1225.998047  355.23172  -6.056357506  3.705672347
1668.258179  1447.184814  -5.258000249  5.675381226
368.192902  102.395607  -7.506455993  3.265200475
1441.268188  880.614929  -5.684403511  4.61958368
1448.369507  576.117981  -5.671898679  4.087503437
1766.095703  216.831787  -5.109202251  3.469775381
1564.890137  506.392548  -5.467873425  3.968416423
1660.68335  895.915161  -5.291172802  4.654540836
1828.379639  525.990356  -4.996441768  4.005946896
2197.492676  1101.118896  -4.271879518  5.061467529
2197.492676  1101.118896  -4.271879518  5.061467529
1835.774902  219.72731  -4.983973936  3.474629894
955.061768  24.869883  -6.511212385  3.145653922
2023.008301  757.365417  -4.627750729  4.420832162
1515.942383  199.766235  -5.551704297  3.442755758
1704.572266  122.008392  -5.218957774  3.308284085
1732.449707  1275.552124  -5.144271779  5.356569562
900.426392  563.489624  -6.619993922  4.054483689
1807.180176  481.802856  -5.036540229  3.928497779
2087.777832  434.483307  -4.52361913  3.849298256
166.491394  18.787104  -7.841818481  3.121931374
1552.765015  654.249817  -5.487759157  4.225080278
2003.219238  560.060425  -4.672939121  4.068893585
1078.243896  268.503113  -6.307824122  3.556927506
1078.243896  268.503113  -6.307824122  3.556927506
1268.490234  612.069214  -5.986867441  4.145557968
2160.401123  275.975128  -4.397087833  3.570410938
1820.785522  733.59436  -5.003876668  4.371066933
1104.306763  225.088181  -6.262503732  3.48387685
1847.081909  212.349304  -4.963728208  3.461889218
2071.327393  279.979828  -4.560369636  3.578714119
2145.567627  320.958099  -4.423830473  3.6496748
1349.878784  1201.951782  -5.845329346  5.197004913
2223.950684  1332.300537  -4.195250549  5.507663399
1581.182861  366.200317  -5.43702984  3.727372879
1223.782715  1473.395386  -6.074485262  5.695913998
2205.544189  367.037445  -4.311573984  3.730126043
1288.079712  1249.057495  -5.956350852  5.281190191
1165.571899  401.270721  -6.161181095  3.783103192
1724.138184  564.576538  -5.181882273  4.072173334
1532.668945  899.129089  -5.521278706  4.65575414
1884.401978  1470.832764  -4.844762809  5.7447553
1884.401978  1470.832764  -4.844762809  5.7447553
1806.392334  377.39801  -5.036957223  3.747591833
584.412109  522.541565  -7.158046682  3.976866184
1774.206909  118.209274  -5.094333451  3.300756898
1408.434204  1380.488281  -5.737884791  5.533444571
1408.434204  1380.488281  -5.737884791  5.533444571
1663.254517  205.814178  -5.291260801  3.451725619
2227.015625  730.727417  -4.244657884  4.379197957
1692.484131  94.516563  -5.240265487  3.261315875
1189.454346  97.31131  -6.114456724  3.268850145
1189.454346  97.31131  -6.114456724  3.268850145
1468.865356  885.832336  -5.635373171  4.62950398
1098.939453  206.251877  -6.271028617  3.451964142
1159.263672  14.040904  -6.164961045  3.12809911
1837.891113  333.975311  -4.980522982  3.672431222
588.107666  528.994629  -7.152521756  3.987903573
1346.933228  1227.060791  -5.850323278  5.244279522
2011.205933  725.495056  -4.653020389  4.362788267
28.924492  500.551971  -8.109788875  3.925409508
234.483932  473.589478  -7.756307631  3.885259674
1062.685791  131.07019  -6.331529803  3.324894104
1737.408813  1461.461792  -5.127157009  5.709582211
2104.085693  1312.083618  -4.430602382  5.459532948
2067.000732  341.945068  -4.564811576  3.686226153
1714.831177  343.095428  -5.199724033  3.688127339
1714.831177  343.095428  -5.199724033  3.688127339
1664.930176  756.689392  -5.286261868  4.407532102
1752.932251  256.020538  -5.132222941  3.537906065
1424.498047  1452.471558  -5.708339189  5.669324578
2071.561035  496.852753  -4.549722779  3.958142502
454.963959  149.460373  -7.361502944  3.345900962
2146.360107  772.134705  -4.394705865  4.451846535
559.044556  201.019073  -7.188752268  3.434291524
676.509644  58.225876  -6.983482031  3.197973065
989.906372  593.423401  -6.467403975  4.107352042
2138.227051  343.622986  -4.438141281  3.688870478
1232.069702  752.472046  -6.052132563  4.387537857
1102.284668  215.922256  -6.266008685  3.468465151
1678.331909  738.401672  -5.262544187  4.375529412
1088.010498  187.192566  -6.289900363  3.419661519
1083.316528  57.790966  -6.294536301  3.201567439
2200.828857  357.245697  -4.320665861  3.713031178
1076.154419  141.343643  -6.308863108  3.342319148
1731.985474  231.061981  -5.169596438  3.495279074
1448.574951  1258.708496  -5.666059758  5.307410462
1544.343994  320.799316  -5.501553971  3.64922352
1520.026978  716.155334  -5.546172371  4.332147116
1976.988892  1390.807007  -4.669681165  5.600333679
447.635559  439.531006  -7.388044587  3.833003915
1740.564819  739.622192  -5.150183699  4.37936056
1740.564819  739.622192  -5.150183699  4.37936056
1740.564819  739.622192  -5.150183699  4.37936056
253.075012  158.899628  -7.704946323  3.356524439
70.782944  80.02964  -8.007950245  3.221165723
1191.350586  326.289703  -6.115223714  3.656126263
50.280083  502.509918  -8.068845426  3.928768815
1877.445435  729.312134  -4.899779069  4.365851412
1659.970581  126.401909  -5.298153708  3.316314096
1082.749023  299.216888  -6.30055622  3.608954001
1627.338501  101.734802  -5.354586949  3.274846414
341.294006  85.923721  -7.550780397  3.237249078
1207.125244  33.696255  -6.082925148  3.161450907
1803.224976  969.837891  -5.027897345  4.794288951
1803.224976  969.837891  -5.027897345  4.794288951
1608.070435  1229.368042  -5.375364669  5.262966633
1746.587524  733.46521  -5.139240847  4.368938042
1188.153931  742.246643  -6.128379537  4.368347398
361.174011  56.107834  -7.515256875  3.188304698
1683.573975  374.261902  -5.257540255  3.74021666
1064.550415  628.929443  -6.33992669  4.16968753
1544.140869  287.615417  -5.50165497  3.592153832
1389.839966  766.312866  -5.776025278  4.415734691
2114.365967  1078.424561  -4.433896338  5.013571345
1673.533325  456.197174  -5.272967047  3.883396372
2162.664063  318.31076  -4.393176886  3.644945858
1127.282715  94.182182  -6.220479298  3.26319303
1463.432739  570.129089  -5.645688032  4.077328125
1700.324097  733.823975  -5.223118718  4.36803755
1503.848755  1063.83606  -5.569877052  4.951180232
1118.867432  472.684845  -6.243401989  3.903832384
1362.694702  451.101532  -5.82120567  3.870883087
1858.109253  1275.715698  -4.904278008  5.37051276
1128.682495  509.56308  -6.227552202  3.966545126
1144.787476  328.341492  -6.195327636  3.659059066
1722.36084  353.092957  -5.184862233  3.705309139
1210.341064  487.534302  -6.08577211  3.930696474
1210.341064  487.534302  -6.08577211  3.930696474
1161.67749  578.849915  -6.171416958  4.085882408
407.518677  281.350769  -7.448944767  3.565673109
1525.469727  721.579651  -5.536353503  4.341514714
1254.126831  758.966187  -6.013737079  4.399399662
1535.990601  68.007736  -5.515466784  3.218068421
902.008545  298.73407  -6.608908071  3.605543039
1271.410278  30.94627  -5.972483635  3.156454415
1233.956543  218.697586  -6.040571718  3.474142484
1603.326294  1310.774658  -5.382132578  5.414481353
1603.326294  1310.774658  -5.382132578  5.414481353
1718.664063  606.068176  -5.191897138  4.14488555
2096.560547  729.057678  -4.490469576  4.372646416
1547.585205  1148.084961  -5.488023153  5.10909351
2106.691406  536.313904  -4.484676654  4.027998051
1156.962646  570.269836  -6.179284852  4.071220129
1121.825928  286.335876  -6.233482123  3.587414841
1140.865112  283.050415  -6.201129558  3.582254313
1713.764771  677.978149  -5.200148027  4.270225116
1102.50354  131.859421  -6.263548718  3.326491935
2229.920654  219.910645  -4.273612494  3.473470181
2098.689941  248.211151  -4.511850289  3.5230582
1571.8479  466.996613  -5.454484605  3.901148161
2005.79187  581.122559  -4.66782419  4.106104015
1921.387939  735.088989  -4.818923157  4.377071085
1709.915527  738.156067  -5.205483955  4.37608102
1675.960938  188.442612  -5.269570093  3.422124269
549.185852  157.195801  -7.202606082  3.360708775
549.185852  157.195801  -7.202606082  3.360708775
672.618286  650.249268  -7.013870622  4.197120249
1170.793701  489.023682  -6.153865194  3.932655773
2131.977295  892.226257  -4.413198616  4.670362527
1123.842529  220.246414  -6.229109181  3.475848073
1574.689575  722.113708  -5.448373687  4.344196203
1085.425903  507.053009  -6.301154212  3.961799618
1085.425903  507.053009  -6.301154212  3.961799618
1326.144531  742.852051  -5.887601777  4.373421131
1103.80603  528.189087  -6.269926632  3.998240273
267.103424  26.551657  -7.672278762  3.137220133
1729.850586  887.464783  -5.165186497  4.642539364
1657.655762  877.91571  -5.297227721  4.62248872
1160.298096  409.753693  -6.170566969  3.797439747
1804.078247  94.948563  -5.042220152  3.260783181
2192.179199  293.159271  -4.340294597  3.601133431
140.14859  471.805359  -7.917899457  3.880157301
694.358826  49.601398  -6.953232438  3.183896042
1236.066162  758.426392  -6.045234656  4.397985665
2069.485107  1106.0625  -4.516802222  5.062907708
2069.485107  1106.0625  -4.516802222  5.062907708
1702.838379  150.679367  -5.221901734  3.357430683
2152.658691  872.941956  -4.375130128  4.635921194
1505.789429  79.931541  -5.567989077  3.238499721
2075.132324  351.459198  -4.549801778  3.702848522
1245.444092  584.284912  -6.026722905  4.096911733
1245.444092  584.284912  -6.026722905  4.096911733
674.999329  540.483276  -7.004527747  4.00975601
1201.780762  726.687561  -6.104423859  4.342132264
1109.11792  276.631317  -6.255262829  3.571029161
1109.11792  276.631317  -6.255262829  3.571029161
1671.051147  471.696991  -5.277538986  3.909966838
2131.630615  555.347717  -4.437952283  4.062162379
16.259687  402.968628  -8.123631689  3.760043468
390.05484  91.044403  -7.469057497  3.246780926
439.143341  112.404427  -7.387130599  3.283412325
439.143341  112.404427  -7.387130599  3.283412325
2124.033447  906.504211  -4.430222387  4.694594616
1224.279419  725.997253  -6.065323385  4.3413157
1188.922363  1413.502075  -6.136688425  5.581639691
2227.285645  982.713196  -4.22636413  4.840957676
1068.702637  616.500488  -6.332635788  4.148461424
1586.509155  333.218506  -5.427379969  3.670714621
600.824646  528.600647  -7.130498052  3.987758973
1526.897095  668.759399  -5.533716539  4.249722017
2211.478516  1228.141602  -4.229406089  5.306346094
2211.478516  1228.141602  -4.229406089  5.306346094
1696.020508  1023.859924  -5.222327729  4.887769317
1688.716553  361.686401  -5.246480404  3.719990093
1643.795288  738.775085  -5.324551353  4.375416128
1806.794434  231.434219  -5.035753239  3.494883478
1586.512329  25.28071  -5.427417969  3.144948989
2197.921631  1245.30542  -4.25458875  5.338268208
1954.575684  890.290833  -4.748529104  4.65830525
281.234802  31.181429  -7.64868608  3.145205429
1539.04541  738.963013  -5.51206483  4.372627134
1136.041504  533.450256  -6.214743375  4.007823039
1167.021118  509.384491  -6.160789101  3.967419183
1167.021118  509.384491  -6.160789101  3.967419183
247.447479  420.864044  -7.729524992  3.796254963
1913.319214  729.079773  -4.833297963  4.366861732
2190.851807  1320.535889  -4.260147676  5.482745131
1879.261963  718.745239  -4.896638111  4.3472184
1176.69873  590.769043  -6.145819302  4.106622175
2136.522949  550.141968  -4.427519424  4.053059497
1336.05603  27.479338  -5.860901136  3.149981899
1206.806641  746.779419  -6.096104971  4.376666971
1520.003052  87.233025  -5.543323409  3.251145116
455.463959  356.752167  -7.370971817  3.693580816
2069.654053  142.719513  -4.567647538  3.340713967
1211.947998  82.913139  -6.075700246  3.244578825
1134.117798  514.20166  -6.217780334  3.974706642
1148.933838  201.097229  -6.185765765  3.443760597
1926.267944  1217.519653  -4.779793683  5.264198266
957.825195  502.163696  -6.51982727  3.950899441
957.825195  502.163696  -6.51982727  3.950899441
1746.470581  466.868652  -5.142173807  3.902465687
1620.071411  1024.217041  -5.360975863  4.884352363
203.061035  448.360565  -7.807952937  3.841637835
1169.850952  558.132446  -6.15714315  4.050658278
1491.991211  1454.851807  -5.584348857  5.678149442
1491.991211  1454.851807  -5.584348857  5.678149442
1151.112305  266.276855  -6.183245799  3.554004846
1588.756592  516.153381  -5.424793004  3.985804315
430.911774  289.949646  -7.409280301  3.580580765
1111.433838  616.165588  -6.259070778  4.14850995
1229.70105  747.038696  -6.056341506  4.377759646
1009.792236  252.766235  -6.424425553  3.529598152
1196.085205  228.815445  -6.105709842  3.490947609
43.164524  189.409454  -8.062640509  3.402390919
43.164524  189.409454  -8.062640509  3.402390919
1101.05542  475.043365  -6.273756581  3.907554609
1411.984863  1370.833252  -5.73128488  5.516460347
1252.794189  740.357971  -6.015971049  4.366945501
1331.182617  732.630188  -5.878721896  4.355805377
1088.885254  285.28949  -6.290336358  3.585387722
1201.858154  925.149902  -6.107089823  4.690062902
968.562012  470.564636  -6.500295532  3.897549185
2125.028809  605.656372  -4.444923189  4.151846771
1851.770752  229.83606  -4.955709316  3.492354802
868.428162  33.410179  -6.658568403  3.15901576
1496.140991  583.009094  -5.588427802  4.099666077
1253.804565  482.496979  -6.010803119  3.922712005
1721.908936  347.16272  -5.187160202  3.695103782
938.696899  541.117554  -6.553547816  4.016843562
938.696899  541.117554  -6.553547816  4.016843562
1470.43689  1416.277222  -5.623335333  5.60648879
1158.947388  510.676544  -6.174824912  3.969310145
264.408508  22.092863  -7.676557705  3.129720482
1934.829468  225.052948  -4.808356299  3.48375712
1784.119751  108.491318  -5.076773687  3.28391408
131.204132  44.438442  -7.902990658  3.163653601
131.204132  44.438442  -7.902990658  3.163653601
2149.055664  299.252594  -4.419126536  3.611744274
512.074097  235.944809  -7.269171186  3.491916138
1228.817749  708.511841  -6.057159495  4.310996008
1239.017822  322.842804  -6.033430814  3.650893708
1745.540649  374.889832  -5.144851771  3.743087906
796.562378  142.981567  -6.783483722  3.341730309
1159.007935  603.9729  -6.176351891  4.129257063
1795.614258  246.016953  -5.055540973  3.520510926
2089.21582  728.458435  -4.503927395  4.371494646
2089.21582  728.458435  -4.503927395  4.371494646
944.920776  533.680664  -6.542960958  4.004702452
1546.551758  705.605103  -5.499003006  4.31415376
1546.551758  705.605103  -5.499003006  4.31415376
2099.026367  506.678802  -4.49983645  3.975544738
2099.026367  506.678802  -4.499171459  3.975836542
2191.401855  1244.800049  -4.267299579  5.336519542
1404.58667  529.543457  -5.748809644  4.005873544
1404.58667  529.543457  -5.748809644  4.005873544
1776.326416  225.618073  -5.090755499  3.485601518
1841.662354  295.954498  -4.973501077  3.606736441
2123.353271  318.207581  -4.465476913  3.644831906
1158.533203  22.537722  -6.165743034  3.142378813
1905.319092  15.056726  -4.865178534  3.123891545
1695.169556  684.806519  -5.23333658  4.28172857
1729.755249  587.563721  -5.171959406  4.112355184
1729.755249  587.563721  -5.171959406  4.112355184
1498.553711  1071.185913  -5.579251926  4.964583833
1872.598511  1241.172974  -4.880783324  5.304496952
2213.693359  1293.551514  -4.218302239  5.432676596
46.772045  200.192154  -8.057320581  3.420525458
914.338257  663.548279  -6.599625196  4.226408059
1165.74353  208.449692  -6.157297148  3.456318465
1535.005737  732.420959  -5.519393731  4.360928636
2038.215698  510.832916  -4.610964955  3.982361018
1107.86499  293.867462  -6.257691797  3.600184455
1107.86499  293.867462  -6.257691797  3.600184455
1772.636108  130.569931  -5.09887139  3.322319266
1844.743896  564.945251  -4.963687209  4.074977167
1060.809448  83.278923  -6.333528776  3.244394463
2185.658203  925.657349  -4.308614023  4.734375422
1111.694092  319.702972  -6.251646878  3.643998631
1103.889893  25.826807  -6.258901781  3.147997996
1093.210815  224.707687  -6.281291479  3.483126012
1299.895874  579.504639  -5.932478173  4.089602116
1745.190063  771.528931  -5.140888824  4.436283811
1406.817383  502.573547  -5.7446527  3.959691445
1879.56897  11.588348  -4.910218928  3.117801843
2065.463135  729.245728  -4.549252785  4.371780136
905.853088  653.500793  -6.61340201  4.208756637
2135.294922  500.217926  -4.433167348  3.964609446
2175.192627  377.575104  -4.366018251  3.748654051
1134.239136  67.405869  -6.208044465  3.21810389
365.420929  643.069153  -7.543479495  4.177654664
1102.649536  365.340912  -6.268273654  3.721243751
1847.009155  1220.269165  -4.930579654  5.263023304
1512.594116  715.896729  -5.559269195  4.331247333
1089.384033  635.708862  -6.297361263  4.181576581
617.311584  134.218063  -7.08685064  3.323696576
989.634033  223.358612  -6.4580751  3.479779059
1185.017334  255.331436  -6.124940583  3.535817498
1499.809448  269.564301  -5.579805918  3.56133619
1107.315918  631.72998  -6.266562677  4.175041529
2109.8125  413.761017  -4.483741667  3.811949461
2075.875  269.129669  -4.554641713  3.559624188
1086.492676  336.017395  -6.295621286  3.671308818
103.995789  231.985886  -7.962929851  3.474943949
1841.095337  271.635345  -4.97475806  3.564427114
687.941223  585.229309  -6.984788013  4.086573644
1238.922852  686.412292  -6.039322735  4.273025703
909.125671  660.35321  -6.608018083  4.220757597
1743.871094  478.102722  -5.147706733  3.921911973
1052.877075  28.706573  -6.34589561  3.152855455
508.09082  245.97818  -7.277242078  3.508467847
893.014771  656.765503  -6.636118705  4.214318143
1138.558472  212.040283  -6.203599525  3.462022253
458.161346  277.013306  -7.361233948  3.559575271
1994.339722  1413.110962  -4.635473625  5.644365764
1393.408447  475.239349  -5.767456393  3.91285437
670.742249  42.6436  -6.992559908  3.172333671
1637.164429  742.507202  -5.336324195  4.381649832
2082.17041  252.944962  -4.542541876  3.531703813
1845.269165  577.40155  -4.962569224  4.096691339
1150.178589  355.592926  -6.186562754  3.705361107
1677.634521  478.086304  -5.265629146  3.92124966
1604.073486  829.3974  -5.394801408  4.533977677
2115.309082  435.753784  -4.471483832  3.85019287
989.050537  14.681377  -6.453933156  3.129023211
1583.718384  754.767456  -5.431747911  4.401877741
434.673859  208.715912  -7.399190437  3.444371005
2137.207764  1012.712769  -4.395416855  4.89226674
377.164124  383.179565  -7.505732003  3.736216847
1502.998047  305.593933  -5.574071996  3.623058924
2022.616211  1030.30249  -4.611000955  4.919557284
988.452637  204.967407  -6.459434082  3.448859189
2125.9021  378.109619  -4.456706031  3.749501291
2125.9021  378.109619  -4.456706031  3.749501291
224.742447  537.178223  -7.777272349  3.992986375
2100.887939  86.501663  -4.513664264  3.243452413
1145.027344  86.784157  -6.190078707  3.250851703
1711.785156  1015.927185  -5.193846112  4.873591757
912.808716  238.189133  -6.589021338  3.50367601
372.573639  445.022064  -7.517544844  3.840394134
939.624268  260.595032  -6.544013944  3.541833287
1071.86438  65.106316  -6.314344034  3.213927142
248.461563  566.920837  -7.738271874  4.044104978
2188.308105  1153.56311  -4.283413363  5.160916964
1500.426392  286.814514  -5.578747933  3.590996654
1868.342407  207.763779  -4.926492709  3.454239847
1248.412354  653.714966  -6.022739958  4.216313917
996.335144  272.49823  -6.447764239  3.562734394
1378.631226  751.396179  -5.795756013  4.389511935
336.434265  517.062988  -7.583847952  3.961703877
2216.98877  1064.394409  -4.238002974  4.993232819
756.85553  498.313324  -6.862947652  3.9400259
1145.074585  79.617119  -6.189916709  3.238812092
1748.153564  922.550781  -5.130326967  4.706712484
1285.018188  244.056961  -5.953017896  3.518177539
1285.018188  244.056961  -5.953017896  3.518177539
1835.937378  690.176636  -4.977394024  4.294819816
1683.199219  92.616898  -5.255957276  3.258051145
1683.199219  92.616898  -5.255957276  3.258051145
1167.434204  300.080261  -6.155843167  3.611594817
1683.30603  532.961731  -5.255289285  4.016685774
471.969208  249.108017  -7.338121259  3.512942155
1232.479492  145.257294  -6.041625704  3.349769999
584.204041  584.825439  -7.162167626  4.082887849
1238.116089  973.614685  -6.043982672  4.777058698
2075.042969  1336.71814  -4.484535656  5.504693841
2075.042969  1336.71814  -4.484535656  5.504693841
1769.292114  1216.284546  -5.077984671  5.248011972
1950.777222  738.751282  -4.765258879  4.384278766
8.131559  92.11158  -8.114435813  3.239871929
1231.827637  307.130402  -6.04566865  3.624038637
493.288849  253.02594  -7.301638749  3.520127687
270.608612  514.403564  -7.696736433  3.955453237
67.313492  629.963928  -8.051827655  4.146169864
67.313492  629.963928  -8.051827655  4.146169864
660.90686  223.71666  -7.015859595  3.474792786
341.625763  12.356536  -7.545291471  3.11561181
1771.061401  515.002808  -5.098478395  3.986321214
1192.964355  982.49469  -6.123284605  4.792362272
1767.291138  731.273682  -5.101428355  4.365917619
1681.672485  1153.906616  -5.243267447  5.126331149
1605.249146  750.621216  -5.392566438  4.395801786
331.222931  187.130524  -7.57356909  3.405762856
902.24353  246.925873  -6.607041096  3.518168696
2059.776611  404.011871  -4.57569643  3.794693172
2059.776611  404.011871  -4.57569643  3.794693172
1690.700806  532.456543  -5.24231446  4.016028572
2079.973389  317.790527  -4.543381864  3.644127672
1191.203369  485.719757  -6.118629668  3.927351
2192.686035  1297.799683  -4.258839693  5.439270241
1047.855835  25.734795  -6.354109499  3.147725624
528.612061  119.006905  -7.236063632  3.296439676
1907.018799  189.7108  -4.858314627  3.42296459
657.379333  512.248901  -7.03332236  3.961316091
657.379333  512.248901  -7.03332236  3.961316091
1093.217285  322.487457  -6.28344745  3.648475794
1775.067261  98.697075  -5.093366464  3.267681661
902.800049  614.17572  -6.617938949  4.141411151
902.800049  614.17572  -6.617938949  4.141411151
1985.839966  612.75  -4.703267713  4.161797149
2049.259766  1038.990112  -4.55929965  4.937139884
1075.845459  274.925964  -6.312077065  3.567755644
1708.491943  59.165031  -5.211517874  3.200396353
122.264427  184.580673  -7.928711312  3.39615312
400.19812  396.784088  -7.466829527  3.75952915
575.159851  641.434937  -7.180325382  4.179291139
309.032288  554.852417  -7.633354286  4.025212544
309.032288  554.852417  -7.633354286  4.025212544
1732.749878  599.728882  -5.165267496  4.133963354
2197.856201  594.603271  -4.308335027  4.133528127
1516.021729  499.018494  -5.553367274  3.955152934
133.774872  334.76474  -7.918820445  3.648191048
2223.984863  1163.380249  -4.21298431  5.182545369
1017.977356  325.110748  -6.412264717  3.65187483
2053.776123  617.490845  -4.57715041  4.171167744
1024.754272  411.962646  -6.402595847  3.799032288
1526.563721  799.44043  -5.533561541  4.478605393
1021.726074  549.678101  -6.411572726  4.033137003
1725.771362  674.018433  -5.178267321  4.263081749
1725.771362  674.018433  -5.178267321  4.263081749
1582.014038  262.359467  -5.435962854  3.549252114
1136.287598  107.025635  -6.205073505  3.284877021
1136.287598  107.025635  -6.205073505  3.284877021
1631.646484  194.550125  -5.347781041  3.432653665
1086.907227  421.368958  -6.296605273  3.816062132
174.198639  18.306351  -7.828674658  3.121376992
1245.799561  716.669739  -6.027760891  4.325762286
1507.038208  476.049377  -5.569067063  3.915564078
1576.185181  331.802521  -5.445673723  3.668248677
1135.98938  101.760933  -6.205114504  3.27582167
1634.602295  711.933838  -5.341366127  4.327875241
1258.430298  576.727234  -6.004154208  4.08426011
989.468079  522.978882  -6.46626999  3.987130203
1490.354248  348.687469  -5.596600692  3.696837782
1203.442261  732.215698  -6.101755895  4.351370405
936.97821  572.461792  -6.557507762  4.070854221
1141.897827  255.775558  -6.198616592  3.536118862
559.217957  480.576935  -7.198549137  3.905009429
2040.515625  727.369324  -4.596690147  4.367598741
2135.093506  534.0271  -4.430490384  4.024558656
113.029488  8.959755  -7.930548287  3.104860144
2039.801025  1178.705078  -4.568585525  5.196404595
1957.504395  736.051941  -4.753072043  4.37957541
2219.867432  1197.934326  -4.216094268  5.249159996
933.107239  316.243225  -6.556604775  3.635592439
1178.432983  309.937378  -6.137431415  3.628277477
1586.090942  1312.717285  -5.413678154  5.416958971
2036.784302  238.065063  -4.625741756  3.505881177
1312.556885  492.095154  -5.909004489  3.9402293
2170.23877  500.970673  -4.368247221  3.966391207
1129.826416  220.245636  -6.218747321  3.475921269
2150.052979  390.114655  -4.412100631  3.770611677
1518.567505  889.967041  -5.546554366  4.638746187
1536.765259  768.756714  -5.515812779  4.424700734
1017.679688  604.66217  -6.419988613  4.127069919
1492.247803  77.806854  -5.591338763  3.235023479
2197.835449  123.777115  -4.336566647  3.306968664
1759.957764  5.600229  -5.120775095  3.108585358
1559.587891  273.133759  -5.475756318  3.567023453
476.9021  206.199097  -7.327558401  3.441295716
2198.561768  338.40097  -4.32596579  3.680186876
2126.323486  978.898621  -4.418270548  4.829225581
1784.575073  119.971916  -5.076113696  3.303682969
335.344879  30.56917  -7.557321309  3.145411566
410.893677  71.918846  -7.433271978  3.215220966
956.526978  216.347107  -6.513744351  3.467529098
1730.401123  97.973419  -5.172019406  3.266499934
1149.741211  614.993408  -6.192925668  4.147390922
111.856339  241.702789  -7.95035702  3.491394079
1926.694214  742.251099  -4.808591296  4.390068769
1215.346313  402.31662  -6.075481249  3.785631705
1696.953857  54.590477  -5.231793601  3.192759415
1507.271973  469.25528  -5.568297073  3.903891469
1507.271973  469.25528  -5.568297073  3.903891469
1546.005859  724.62323  -5.499824995  4.347405133
2179.011963  229.18895  -4.36608025  3.489373366
1284.960571  222.748291  -5.952952897  3.481357857
1600.351196  1072.934082  -5.396381387  4.96864248
1701.875977  127.05024  -5.224217703  3.317030982
1275.792358  324.606689  -5.969974668  3.65413249
1605.20874  988.745728  -5.388844488  4.819341689
319.880676  63.194477  -7.58551293  3.199062029
2179.601318  368.272675  -4.359165343  3.732381456
431.168152  294.937134  -7.4093533  3.588889981
1614.406494  75.6576  -5.378657625  3.230508498
1838.653931  740.445496  -4.971557103  4.383819568
1621.439819  188.980545  -5.366329791  3.423844126
1698.435669  557.670288  -5.228386647  4.059750314
1354.597168  750.709717  -5.837904445  4.38827543
1297.51355  646.716003  -5.936913113  4.206014687
