934.920532  1250.017578  -2.551810663  6.702539746
964.554199  1237.579712  -2.497477394  6.676144437
1138.27832  1064.546997  -2.175947721  6.359674524
841.685547  788.114746  -2.703690619  5.85489449
1136.895142  1101.294556  -2.179199677  6.427282853
1029.048462  1417.121826  -2.385038907  7.010434065
871.900696  758.826355  -2.649255352  5.802658706
633.11908  984.33374  -3.094656358  6.208894372
436.429108  1025.696899  -3.459284452  6.282734453
91.560814  1124.568237  -4.107577729  6.45878806
165.607788  828.726379  -3.950063848  5.917607014
1142.743286  1218.256836  -2.171345782  6.643248606
71.962212  760.247437  -4.121659539  5.792093254
728.838989  729.647644  -2.907067883  5.747452521
95.652885  1363.229492  -4.118574581  6.90424055
1151.417358  923.056396  -2.148766086  6.103368277
641.758423  1406.030884  -3.100929274  6.98968391
63.848427  1348.975586  -4.177481788  6.87758779
504.384399  862.404846  -3.324762262  5.985134716
1024.949463  869.652832  -2.376268025  6.004981612
32.946419  1486.902954  -4.240707937  7.130778475
32.946419  1486.902954  -4.240707937  7.130778475
570.682861  1015.036133  -3.211131791  6.263778683
1148.077637  909.296143  -2.154692007  6.079010204
387.800568  867.10022  -3.541133351  5.991778961
661.324707  1089.879761  -3.047196997  6.401505118
561.549988  890.142578  -3.220291668  6.035524016
626.166565  1413.481445  -3.130291879  7.003144603
1031.713501  870.651428  -2.363605195  6.006300579
278.243469  1118.989868  -3.758799422  6.451648408
1103.61438  851.487366  -2.233411947  5.972673248
1136.914795  848.900391  -2.173456754  5.969329992
1136.914795  848.900391  -2.173456754  5.969329992
538.816772  1203.467651  -3.279860866  6.609663572
936.03009  1155.895874  -2.546469735  6.524609035
462.971771  1284.062378  -3.425681904  6.759427655
379.270599  993.463013  -3.564490036  6.223164996
1168.880615  1136.71167  -2.121874448  6.493013356
625.72168  822.402588  -3.098769303  5.913367915
613.322327  1329.257568  -3.149210624  6.845387022
854.315369  1423.393555  -2.70734457  7.021663914
460.595673  952.435303  -3.410651106  6.149387894
1131.861816  1231.967163  -2.191159516  6.669278578
1189.517578  1296.589722  -2.087249914  6.789687209
471.026611  1039.165161  -3.396886292  6.307887693
982.045715  935.474548  -2.456805941  6.123971587
41.402882  905.5354  -4.187291656  6.056392263
640.471558  879.366333  -3.074615628  6.016312646
1076.279297  1260.031616  -2.293094144  6.719650463
1117.611816  843.462341  -2.208170287  5.959016096
554.834778  1246.378296  -3.252722232  6.689414021
840.352722  1096.598999  -2.719336409  6.415805093
290.355743  1073.392334  -3.733923756  6.368070407
290.488403  1281.562866  -3.747524573  6.753408407
1007.146973  1323.352539  -2.422280406  6.836175053
637.234131  1492.172852  -3.114347093  7.152001501
1133.293335  1299.949829  -2.190258528  6.794497656
1133.293335  1299.949829  -2.190258528  6.794497656
569.105103  1298.672852  -3.229580543  6.787773543
1122.060059  1223.700806  -2.208434283  6.655143115
282.712433  875.476318  -3.733984756  6.004355277
948.095215  1188.435547  -2.525957011  6.586019044
925.872864  1418.291016  -2.574855353  7.011284047
310.674957  1057.94873  -3.694825283  6.339883254
1085.928101  1120.77478  -2.272415422  6.462861908
1085.928101  1120.77478  -2.272415422  6.462861908
1070.006836  1363.496704  -2.308113942  6.911026127
1070.006836  1363.496704  -2.308113942  6.911026127
492.036652  1391.549316  -3.377352555  6.958766286
962.786194  1131.125122  -2.4970084  6.479766461
962.786194  1131.125122  -2.4970084  6.479766461
531.99054  998.017456  -3.281401846  6.233012772
883.179138  1171.313354  -2.643919424  6.552790415
677.887756  829.580261  -3.003592584  5.926265592
1105.300293  1171.866577  -2.238194883  6.557905188
420.292236  1088.845703  -3.49358799  6.398606064
1000.483459  1154.821045  -2.428949316  6.524531815
1210.731567  890.838501  -2.041393531  6.045426573
890.438354  1274.29541  -2.634134555  6.746293717
1120.635742  1097.221558  -2.208533282  6.418754189
282.150085  1463.360229  -3.775833193  7.094469787
1046.932495  1135.330933  -2.343857461  6.489430058
486.248535  1266.876221  -3.381315501  6.727844166
25.469849  1397.357178  -4.25015381  6.964707904
552.846863  1354.052002  -3.262866095  6.890978312
478.876831  1342.536987  -3.398843265  6.867082738
853.242737  1111.88208  -2.69620972  6.443943902
646.705872  1339.314697  -3.088249445  6.865337537
22.210882  1478.702515  -4.26129766  7.116316336
317.199585  1491.071899  -3.712396046  7.147036116
317.199585  1491.071899  -3.712396046  7.147036116
476.461945  1283.650513  -3.40073324  6.758826898
667.445801  843.822266  -3.023358318  5.951889929
41.671959  1287.429932  -4.21452629  6.762221165
1183.294922  871.265442  -2.090299873  6.010145396
310.756287  1333.262817  -3.713948025  6.851638779
1027.86792  727.047058  -2.366903151  5.748295073
912.795288  1324.173706  -2.595603074  6.83715608
311.129669  1049.549072  -3.693490301  6.324226151
856.960266  1408.992676  -2.702477636  6.995258253
1983.329102  1030.635376  -0.625962577  6.318820613
1983.329102  1030.635376  -0.625962577  6.318820613
1684.821045  1150.538452  -1.176850164  6.531400918
1684.821045  1150.538452  -1.176850164  6.531400918
281.033844  841.298645  -3.735737732  5.942570768
562.159546  1461.489746  -3.253470221  7.095572998
1525.125122  1170.339844  -1.47075421  6.563969144
1525.125122  1170.339844  -1.47075421  6.563969144
1475.323486  1138.907837  -1.562316978  6.504623459
1605.625122  1416.966431  -1.320808227  7.026042454
870.074341  1165.39624  -2.667805102  6.541082431
870.074341  1165.39624  -2.667805102  6.541082431
550.000427  791.680298  -3.236364452  5.856916577
550.000427  791.680298  -3.236364452  5.856916577
550.000427  791.680298  -3.236364452  5.856916577
1952.537231  1081.637085  -0.682364818  6.411706649
1952.537231  1081.637085  -0.682364818  6.411706649
359.840607  1052.963623  -3.603750508  6.331806337
321.172791  1269.923584  -3.689599353  6.732736002
1105.115479  1096.514038  -2.236720903  6.418389256
1105.115479  1096.514038  -2.236720903  6.418389256
1143.154053  1329.221313  -2.172872762  6.848415983
1230.266235  1311.889038  -2.012941914  6.819632441
1088.177856  994.141113  -2.265110521  6.231557162
1173.563721  1311.663452  -2.116790517  6.820400866
851.291748  1107.630249  -2.699844671  6.435504682
2068.331787  844.710144  -0.468429697  5.983482777
2068.331787  844.710144  -0.468429697  5.983482777
1932.543579  1209.337891  -0.718392333  6.646543585
1932.543579  1209.337891  -0.718392333  6.646543585
1157.890869  1299.04895  -2.145645128  6.793805259
2041.469116  1193.777588  -0.514948071  6.620987774
2041.469116  1193.777588  -0.514948071  6.620987774
1497.645142  1179.706787  -1.520979534  6.581731541
926.150024  1092.474731  -2.562160524  6.407148287
2137.826172  1323.836548  -0.333509512  6.86398599
364.315399  841.582703  -3.581937802  5.944810921
401.532227  1333.933472  -3.543501319  6.852371875
2067.590576  785.338501  -0.476665586  5.871577515
1991.42981  750.462158  -0.617694688  5.807174493
330.651367  856.985291  -3.644735957  5.9720489
1633.896484  907.25  -1.274211854  6.083615126
1989.445923  1235.905884  -0.61089478  6.697816245
1069.741699  786.676636  -2.293708136  5.855771442
481.566467  1246.82019  -3.388615403  6.690358888
1348.241333  1476.263916  -1.798294802  7.126374533
1941.43811  1273.218262  -0.700158579  6.765043129
1364.054443  1347.209717  -1.767400218  6.887654756
1364.054443  1347.209717  -1.767400218  6.887654756
1581.057739  1437.578003  -1.367729596  7.060423763
1581.057739  1437.578003  -1.367729596  7.060423763
1144.190063  1307.286499  -2.170542793  6.8093067
1140.272949  1268.461426  -2.176645711  6.736046679
1000.545288  1355.163818  -2.435514228  6.89465073
1253.044067  1269.646362  -1.97085148  6.740097852
513.625305  1437.81543  -3.340608049  7.046959297
1873.262573  1429.24585  -0.825408893  7.053909689
1873.262573  1429.24585  -0.825408893  7.053909689
1099.600342  989.506958  -2.244023805  6.223170598
853.128235  1326.727051  -2.704950602  6.83934438
514.503479  1041.279419  -3.316941367  6.312594575
1947.713379  1075.451538  -0.691974689  6.40036333
1743.421753  810.909302  -1.073461556  5.911828607
408.854645  810.878845  -3.499288914  5.890546268
1167.585449  1440.637695  -2.130712329  7.055496135
1299.615601  1346.496948  -1.885930623  6.885081739
1622.399292  898.366089  -1.293149599  6.07061535
874.466003  1289.660522  -2.664613145  6.771870154
338.565186  1478.184692  -3.671611595  7.123261193
1683.347412  1303.530762  -1.178703139  6.814972121
1093.560913  1387.407837  -2.265344518  6.954441185
1215.345703  1067.486328  -2.035727607  6.366042655
1439.859863  799.476807  -1.626004121  5.88511056
475.167084  1155.596191  -3.395031317  6.521213293
1696.22937  1199.107544  -1.155525451  6.621867281
1696.22937  1199.107544  -1.155525451  6.621867281
496.524414  1267.218994  -3.362156759  6.72816203
1725.121338  868.188599  -1.10657111  6.015569645
1182.076904  794.822388  -2.09128586  5.872376091
1984.405273  1209.042114  -0.620831646  6.64750426
2218.5625  1384.681519  -0.179401586  6.9811783
415.1586  1304.892822  -3.518801651  6.801274653
309.921448  1469.183594  -3.711538058  7.086155425
615.850098  917.503052  -3.121905992  6.085776273
1592.917236  1459.839355  -1.344720905  7.105093198
1049.164307  1420.209717  -2.348234402  7.015157337
895.35144  1075.491943  -2.617656777  6.376587624
2131.052246  1092.362305  -0.350712281  6.435897999
829.265259  1080.852661  -2.739523137  6.387363303
829.265259  1080.852661  -2.739523137  6.387363303
1899.280273  1353.591431  -0.777524538  6.913455978
1384.936157  1419.972168  -1.730434715  7.021922873
1709.727295  791.359802  -1.135605719  5.875638313
2125.25  1340.333008  -0.349722294  6.902887746
1005.617371  754.071411  -2.408092597  5.796385206
331.572205  903.580383  -3.646517933  6.057438419
2170.72583  1246.328979  -0.273175324  6.721081425
2170.72583  1246.328979  -0.273175324  6.721081425
1106.587769  1196.442993  -2.236775902  6.603105737
1106.587769  1196.442993  -2.236775902  6.603105737
1970.652954  1297.238647  -0.646645299  6.809357131
876.24939  1288.739258  -2.661023193  6.769928865
876.24939  1288.739258  -2.661023193  6.769928865
425.875397  1152.024902  -3.486675083  6.514568109
469.924042  1057.935669  -3.39994725  6.342264107
664.673218  819.442139  -3.027299265  5.907733859
664.673218  819.442139  -3.027299265  5.907733859
475.345459  1303.796875  -3.403015209  6.795443788
474.419617  1167.142578  -3.397161288  6.543269268
1019.145569  917.426819  -2.388090866  6.091347202
261.632751  1370.796509  -3.80945674  6.921956769
1489.779663  1342.687134  -1.537016318  6.881543932
968.512695  1022.166504  -2.482970589  6.280262101
764.907288  762.203064  -2.84257475  5.806495481
2151.886963  1331.168457  -0.306716873  6.878618923
615.169128  900.883179  -3.121538997  6.055084332
615.169128  900.883179  -3.121538997  6.055084332
1453.552979  1289.082031  -1.602215441  6.782552507
1733.164551  1426.418457  -1.085870389  7.044016726
918.493225  1259.70459  -2.58253225  6.716087837
1240.932983  816.279724  -1.985396285  5.912026376
1641.697632  896.564941  -1.259909047  6.064238692
1641.697632  896.564941  -1.259909047  6.064238692
2077.172607  1163.535156  -0.449916946  6.565191185
2179.728516  1255.912964  -0.25568456  6.739552969
1009.002808  845.570618  -2.404231649  5.960932995
1087.988892  1079.959351  -2.267934483  6.387506023
757.612976  1306.102905  -2.88049224  6.801873715
757.612976  1306.102905  -2.88049224  6.801873715
635.748657  1023.021118  -3.0915994  6.279773974
1483.734863  1164.950806  -1.546662188  6.553226554
1636.037842  919.885193  -1.273299867  6.103452704
312.466614  1163.88269  -3.69874123  6.535705162
1162.341064  765.776062  -2.126047392  5.819693077
1116.950928  1073.612549  -2.214879197  6.375950551
1116.950928  1073.612549  -2.214879197  6.375950551
2035.381104  1426.71167  -0.523858951  7.051659803
894.466797  1196.759033  -2.623849694  6.600105506
1570.497681  769.716919  -1.389594302  5.833709826
1707.136108  1023.42334  -1.139232671  6.29658779
613.668701  1114.191528  -3.1361818  6.445607247
1643.359619  1322.324219  -1.251311162  6.850129822
809.725342  1445.938721  -2.791225441  7.064619314
1062.310059  1063.055298  -2.314007863  6.356337859
935.194031  1374.322998  -2.55573061  6.926805574
909.6875  1234.877441  -2.597780044  6.670530828
909.6875  1234.877441  -2.597780044  6.670530828
805.834717  1349.913452  -2.793707408  6.883882653
747.702332  1342.4375  -2.900850966  6.869974098
1942.643677  751.838684  -0.707575479  5.808982835
1350.18811  843.007935  -1.788549933  5.96211515
1350.18811  843.007935  -1.788549933  5.96211515
560.811707  1441.557617  -3.25280923  7.05468814
2061.755127  1031.57959  -0.481270524  6.321775048
2061.755127  1031.57959  -0.481270524  6.321775048
384.948364  1161.316406  -3.56347205  6.531539374
1009.173523  1148.104004  -2.413177528  6.512279252
1359.528687  1345.107666  -1.7761591  6.882319245
837.853638  1148.731323  -2.726257316  6.511670234
1670.056152  1281.107788  -1.203315808  6.772955801
1670.056152  1281.107788  -1.203315808  6.772955801
1116.933228  852.146912  -2.209547268  5.97492956
1184.669312  985.934814  -2.090010877  6.217417497
1235.84668  982.754456  -1.997501122  6.21146628
886.543396  1418.831299  -2.647659373  7.01272931
1727.370972  1334.27002  -1.097074238  6.872540005
890.898804  1207.327881  -2.631277594  6.619352206
138.373047  836.064941  -4.001861151  5.931146499
2156.837402  1164.157104  -0.300625955  6.568876998
1618.493652  1259.855835  -1.287313678  6.751662702
1179.71167  1017.073059  -2.099789745  6.274102534
900.069702  913.905273  -2.603581966  6.083322724
1636.037842  919.885193  -1.27009791  6.10639016
1069.069946  869.225037  -2.296564098  6.004868997
1723.40918  1444.872437  -1.103505151  7.078710619
936.287476  1329.50354  -2.552938648  6.847495299
1396.927612  884.171936  -1.703684075  6.03753088
448.70285  1133.374756  -3.444104656  6.480949386
856.182922  1016.325134  -2.687606836  6.269494669
2107.13916  1141.874512  -0.395325681  6.525413428
1415.744019  1221.22937  -1.670831517  6.657857455
1125.372314  1272.783325  -2.204109342  6.744442614
1166.586792  755.106201  -2.118353496  5.800413743
581.235718  1252.040405  -3.206378855  6.704914575
1941.550293  1119.62793  -0.702751544  6.481218087
2204.568604  1326.800049  -0.207613206  6.872154728
1897.09668  1333.406616  -0.781495484  6.876514058
2186.279053  802.119202  -0.253469589  5.905202042
286.983978  1035.907349  -3.737232712  6.298825874
938.263184  1398.172729  -2.55131267  6.972796638
1569.976074  1130.381592  -1.388733313  6.491398839
398.996124  1491.702148  -3.559583102  7.149625185
933.15686  838.621948  -2.541140807  5.947749547
1036.808472  1288.434814  -2.366873151  6.770597069
1160.280396  1069.866211  -2.136008258  6.369277514
1826.792969  1259.860718  -0.913880703  6.736911374
1050.488281  1380.445679  -2.344333455  6.941848454
583.161072  920.049194  -3.182017183  6.089852807
949.422424  1145.928345  -2.522497057  6.506394621
833.849243  1280.369629  -2.739154142  6.754253088
1260.515503  948.177429  -1.951857736  6.150584724
1087.954468  842.247437  -2.261288572  5.95715564
920.590393  844.119324  -2.563991499  5.957534666
827.945435  900.3172  -2.733795214  6.058123582
1821.288208  995.281006  -0.928279509  6.249050461
522.110352  903.001404  -3.294982663  6.059457449
381.622955  1202.472778  -3.573016922  6.608290324
1051.215942  1009.962952  -2.332394615  6.259874905
355.603943  1019.906311  -3.60954843  6.27071902
997.496094  942.598999  -2.427772332  6.136687001
1966.460815  1263.876221  -0.654119198  6.748295878
1966.460815  1263.876221  -0.654119198  6.748295878
1706.756958  741.713745  -1.148058552  5.782898395
542.317017  1096.845459  -3.267422034  6.413764082
2030.446777  1129.19873  -0.536984774  6.501127327
644.171875  755.980713  -3.062351793  5.793547401
1887.978271  1413.651978  -0.798601254  7.02389064
1077.720947  1201.815063  -2.289465193  6.613074904
1479.800049  887.293579  -1.553708093  6.044622429
2139.455566  758.799377  -0.342122396  5.825392446
268.870117  901.697327  -3.762601371  6.053286858
2031.489258  1049.537109  -0.537376769  6.354243604
486.915222  1213.747681  -3.377346555  6.62988412
861.436584  1126.508545  -2.682256908  6.470873979
2117.010986  1040.893066  -0.37827391  6.340168232
1714.787598  1032.697632  -1.125287858  6.313474879
873.036011  992.176392  -2.655858263  6.225884238
1574.325317  958.96991  -1.381970404  6.17645839
1574.325317  958.96991  -1.381970404  6.17645839
1057.862549  903.255859  -2.317749812  6.066509804
2192.269531  1080.221802  -0.235709828  6.415209505
1733.362427  917.588074  -1.090420327  6.104714379
297.324524  1031.067505  -3.718631962  6.291307015
917.81012  867.862  -2.570090417  6.000199875
399.137726  1104.83252  -3.534206444  6.42804226
1164.967163  1399.657959  -2.134451279  6.980602527
1570.335205  789.757202  -1.389642301  5.870083922
1119.274658  1489.782104  -2.220694118  7.149265558
1654.943481  1090.821777  -1.233357404  6.419927367
1654.943481  1090.821777  -1.233357404  6.419927367
1182.024292  877.048035  -2.09272384  6.020730719
222.859192  1266.961792  -3.873207882  6.7262524
1093.724243  1046.149536  -2.256851632  6.324565383
1122.490723  1116.403564  -2.205608321  6.455323741
871.146912  1218.845459  -2.667631104  6.639452427
607.866882  863.172974  -3.133621834  5.986711901
1159.067261  1358.78125  -2.144286147  6.904535648
526.282593  843.814575  -3.283170822  5.951226382
496.261841  1052.227905  -3.350755912  6.332067377
454.122589  794.837524  -3.414959048  5.862419586
454.122589  794.837524  -3.414959048  5.862419586
1129.932129  903.07312  -2.187457566  6.067576587
897.878479  1202.033447  -2.617926773  6.611200863
577.548523  850.325012  -3.188689093  5.96306297
1382.099609  1409.768066  -1.735056653  7.00415098
976.109558  1132.529785  -2.472773726  6.482682582
2237.125244  1312.473389  -0.14637103  6.847012036
1221.114868  822.909485  -2.021159803  5.923157449
1511.781128  1083.932251  -1.495851872  6.403803282
2028.290527  745.158997  -0.551021585  5.797829074
935.383911  1122.023315  -2.546241738  6.46161457
493.388214  1270.483887  -3.367746684  6.733519563
888.523926  907.888428  -2.624910679  6.072886023
289.242798  1487.591309  -3.764531345  7.14035988
289.242798  1487.591309  -3.764531345  7.14035988
651.030212  1458.220215  -3.086625467  7.088178604
634.313477  984.717468  -3.09229939  6.209551394
2078.514648  1076.040283  -0.449147956  6.403996839
654.97345  866.117126  -3.047193997  5.992398706
521.637512  782.631653  -3.288943744  5.840412187
936.243408  1070.048096  -2.543279778  6.367493728
296.986145  1358.336304  -3.741181659  6.897461618
1060.817261  1192.086792  -2.320236779  6.593334826
1190.841919  1040.884644  -2.080192009  6.317314518
918.94989  1413.864624  -2.587241186  7.002716156
274.782959  877.039978  -3.749072553  6.007373562
1024.765625  860.184753  -2.376560021  5.987502169
1602.761719  788.778564  -1.330682094  5.868912243
1370.126221  1441.668091  -1.757720348  7.062570192
320.269684  845.113342  -3.663018711  5.950063336
1565.000122  1167.211792  -1.396641207  6.560600886
1103.5354  816.881348  -2.232733956  5.910735007
1147.301147  1115.198486  -2.160762925  6.453267638
339.929016  1242.137085  -3.653923833  6.68244041
476.882843  855.844238  -3.376120571  5.973065958
1047.404297  900.006836  -2.336407561  6.060710233
1047.404297  900.006836  -2.336407561  6.060710233
2204.026123  1112.274292  -0.212920135  6.474698426
833.267151  877.893494  -2.723537352  6.017559845
1082.660156  1186.319946  -2.280114319  6.585069434
1105.554321  1187.650879  -2.238320881  6.586807487
1136.585083  1008.808533  -2.177845695  6.258411122
1085.472168  937.636292  -2.268791471  6.128843448
1380.707886  761.259827  -1.732712685  5.814995717
1216.022095  1152.875244  -2.036405598  6.5247177
1045.662476  1062.364258  -2.343775462  6.353794217
476.438049  986.466675  -3.38359747  6.211197474
476.438049  986.466675  -3.38359747  6.211197474
1103.556519  1225.265869  -2.243044818  6.656587867
639.618896  1432.991333  -3.105614211  7.038748487
910.711182  1084.51416  -2.590918137  6.390360907
1439.9646  742.078125  -1.625783124  5.781731559
1439.9646  742.078125  -1.625783124  5.781731559
626.670105  1449.371338  -3.131503863  7.071021118
613.040771  806.270752  -3.121146002  5.883663888
379.237122  1057.911255  -3.566569008  6.339984822
657.159546  1354.914429  -3.069446698  6.893500413
398.956207  1235.708618  -3.542062338  6.669261717
1416.50354  1421.990112  -1.671431509  7.028982997
708.702026  1313.142822  -2.970930023  6.814213771
838.068115  1152.796265  -2.726053318  6.520216234
436.04599  1270.281738  -3.476658218  6.735378069
1077.182983  800.048706  -2.28002432  5.879800696
1010.828308  1131.831787  -2.409646576  6.482559839
1010.828308  1131.831787  -2.409646576  6.482559839
582.86499  891.989624  -3.181295193  6.038935421
1093.829956  1065.016968  -2.256563636  6.35998107
645.128235  744.921875  -3.059728828  5.773444227
645.128235  744.921875  -3.059728828  5.773444227
328.219116  1358.210815  -3.700924201  6.919347887
194.989532  756.745483  -3.889119668  5.786777464
450.875244  852.944641  -3.423714931  5.967732434
1714.717407  1149.018799  -1.122459896  6.529132314
1101.584961  1064.181396  -2.242434826  6.358872796
1644.218262  1117.822388  -1.252621145  6.470379668
1465.442871  1131.221558  -1.579805742  6.493167182
1555.876587  1107.689819  -1.414841962  6.448967597
2046.933716  1257.36377  -0.505227202  6.739563364
1419.736694  1208.302246  -1.664148607  6.631464598
1712.601807  864.191772  -1.129530801  6.008007262
2058.787842  1125.142578  -0.485447468  6.494162069
1724.736816  829.753784  -1.107629096  5.945548972
1307.832397  973.354675  -1.866512884  6.196803264
2038.846313  903.796997  -0.527776898  6.086318566
2038.846313  903.796997  -0.527776898  6.086318566
1618.723633  1406.004272  -1.297311543  7.004118567
1410.348511  1085.575684  -1.681097379  6.407218821
1410.348511  1085.575684  -1.681097379  6.407218821
2175.068359  1024.750122  -0.270717357  6.31199977
2175.068359  1024.750122  -0.270717357  6.31199977
2018.594849  1220.327637  -0.557912493  6.668731957
1433.411499  1437.526367  -1.640839921  7.057078844
2151.564697  1198.092773  -0.30770386  6.633985756
1566.871948  1078.86145  -1.395175227  6.396086655
2065.870117  1197.521484  -0.47044767  6.62725618
2175.958496  1095.784668  -0.26382545  6.444007838
2122.593994  1343.986694  -0.362031129  6.901139623
1619.68103  882.429443  -1.299736511  6.03837532
1619.68103  882.429443  -1.299736511  6.03837532
1435.850098  1280.389526  -1.634629005  6.764876709
1710.782104  1067.480225  -1.131881769  6.377728948
1999.59729  1293.338623  -0.592524027  6.802971048
1626.42041  1403.956421  -1.282837738  7.001372994
1910.778198  1109.278931  -0.759750777  6.461490866
1966.717163  1284.747437  -0.653811202  6.786436985
2167.28833  1169.115112  -0.281118217  6.578013114
1715.531616  903.638916  -1.124184873  6.079081978
1674.542725  1098.660156  -1.197840882  6.434186524
1436.373169  1091.754395  -1.633754016  6.416807504
1685.295776  1060.212646  -1.178498142  6.363695192
1685.295776  1060.212646  -1.178498142  6.363695192
1599.13269  1205.913818  -1.33397705  6.632729837
1887.978638  1354.349609  -0.799470242  6.913753498
1887.978638  1354.349609  -0.799470242  6.913753498
1388.637939  858.481201  -1.719109868  5.990688886
1599.396118  946.348572  -1.336887011  6.153494465
1599.396118  946.348572  -1.336887011  6.153494465
1548.376221  955.917725  -1.429709762  6.170481755
1548.376221  955.917725  -1.429709762  6.170481755
1355.496948  849.951599  -1.778871064  5.974720767
1539.32251  1079.22998  -1.44548955  6.399885464
1583.756104  818.006287  -1.364358641  5.921779431
1383.349121  1440.457886  -1.733216678  7.060833981
1515.927246  1126.587646  -1.487779981  6.482932289
1713.71875  1126.417603  -1.123462883  6.488064035
1924.886841  1075.405884  -0.73423712  6.399399509
1697.114014  1310.662598  -1.15336148  6.827583115
1494.348511  1035.251587  -1.527736443  6.314324265
1804.32666  1231.108643  -0.955437144  6.683485369
2155.060059  1175.710571  -0.30395391  6.590097906
1821.299194  985.261414  -0.928854501  6.230181993
1818.477295  1243.466553  -0.929252496  6.706723964
1436.727661  954.087708  -1.632538033  6.164891144
1559.730835  1119.871826  -1.408025054  6.47131148
2068.418701  1320.262085  -0.464159754  6.854321203
1792.650024  1282.149414  -0.976671858  6.777665046
1696.989014  948.616089  -1.15862541  6.159673477
1418.155396  1150.56897  -1.666863571  6.525603711
2051.935059  1073.072388  -0.498179297  6.398202887
2144.613281  951.158875  -0.328315582  6.176639603
2144.613281  951.158875  -0.328315582  6.176639603
1501.129883  1198.581055  -1.514394622  6.616407186
1571.99585  1113.484009  -1.385333359  6.459841817
1716.396362  931.171509  -1.122770892  6.12883789
2218.339111  1122.878296  -0.186754487  6.494220103
1650.889282  1294.250244  -1.238389336  6.797433858
2215.290527  835.979248  -0.198108334  5.96762188
1753.832275  1264.232422  -1.04861089  6.743395643
1976.648071  1111.714478  -0.63686543  6.468029115
1429.206299  1389.631836  -1.647777828  6.968830934
1397.658691  854.005005  -1.70260009  5.982724073
1688.223022  932.989502  -1.175322185  6.130753443
1799.009155  1248.889282  -0.965139013  6.716269856
1681.085327  889.666199  -1.187858016  6.052684917
1678.322021  1047.339966  -1.191749964  6.33943308
2030.916016  1061.712769  -0.536412782  6.377353163
1667.397339  817.564453  -1.213130676  5.921846175
2101.87207  1070.799805  -0.405980537  6.394720494
1630.303833  1311.34729  -1.27603783  6.829347569
1369.660156  834.159363  -1.753205409  5.946434294
1432.781372  1308.150635  -1.640768922  6.81680551
1599.255493  1434.134521  -1.333077062  7.057335474
2132.255127  1344.803833  -0.343853373  6.902584726
1573.061768  964.667664  -1.384740367  6.186518358
585.154968  1060.24646  -3.18668212  6.347220399
439.483368  317.609741  -3.411231099  5.004570369
688.165649  295.9776  -2.96228914  4.974010145
682.066895  825.819641  -2.996242683  5.919876636
1048.739258  1092.97876  -2.339325522  6.41161557
266.662262  72.818909  -3.707608111  4.567933645
912.34375  1050.061157  -2.586335198  6.331433683
456.20932  256.327179  -3.377358554  4.89704349
456.20932  256.327179  -3.377358554  4.89704349
92.221825  1001.779785  -4.097373866  6.232658598
356.941589  1142.458496  -3.613114382  6.494063757
504.974823  1239.498169  -3.345235987  6.677020407
670.189331  1081.105347  -3.030546221  6.385496311
600.955322  317.343597  -3.120223014  5.009060029
600.955322  317.343597  -3.120223014  5.009060029
340.823669  372.719086  -3.594606631  5.099155755
1011.489807  1033.532715  -2.405189636  6.301018113
465.111755  1092.592896  -3.410582107  6.4057229
60.210522  1349.141846  -4.184908688  6.877822971
60.210522  1349.141846  -4.184908688  6.877822971
410.696716  528.387939  -3.475117239  5.378827664
1038.042358  316.882324  -2.337939541  5.019687528
1038.042358  316.882324  -2.337939541  5.019687528
356.434387  1085.009033  -3.611532403  6.390317291
603.765076  259.19165  -3.111810128  4.906442652
917.784424  325.554993  -2.552326656  5.031954891
917.784424  325.554993  -2.552326656  5.031954891
388.326111  299.508392  -3.503520857  4.971449174
388.326111  299.508392  -3.503520857  4.971449174
860.27417  587.619812  -2.664041153  5.495337039
71.023476  324.039307  -4.082784062  5.004720302
71.023476  324.039307  -4.082784062  5.004720302
897.605591  1095.406006  -2.614611818  6.41322413
420.857361  605.645691  -3.462825404  5.51863604
493.90155  919.018555  -3.347644954  6.088393903
924.438599  853.511169  -2.557628585  5.974708731
642.029419  558.191833  -3.05735886  5.437633271
517.905701  776.568848  -3.295304659  5.82938127
1028.677124  404.000061  -2.356888286  5.173276219
549.627625  1293.06897  -3.265812055  6.777843473
274.691284  1437.19397  -3.788377024  7.045588543
88.4076  69.873207  -4.028799789  4.556270171
355.223206  93.972534  -3.54936324  4.607973116
506.949341  354.810028  -3.290275726  5.072647635
380.275726  86.386543  -3.50402885  4.595631473
932.080261  527.408386  -2.533230913  5.389821191
385.129913  1179.008789  -3.564134041  6.563649737
103.958557  656.213501  -4.051127488  5.602361912
352.813385  467.877441  -3.576761871  5.268840602
352.813385  467.877441  -3.576761871  5.268840602
369.072968  602.203918  -3.557008137  5.510915282
545.148804  342.236755  -3.221289654  5.051676475
403.178436  1311.1604  -3.538692384  6.809291859
355.055328  53.378483  -3.547370267  4.537129107
636.901794  1061.868652  -3.0915514  6.351450658
620.832825  781.127441  -3.105518212  5.838466713
933.691162  1039.330322  -2.547096726  6.311965155
316.50415  549.196472  -3.649505892  5.414163946
1005.498169  1209.591431  -2.421663414  6.624747383
469.463013  548.616394  -3.371133638  5.417375938
334.352264  449.798065  -3.609879426  5.236446359
832.764282  629.015869  -2.714875469  5.569079799
832.764282  629.015869  -2.714875469  5.569079799
625.040649  823.871033  -3.100760276  5.916171403
362.660522  1215.143188  -3.607798454  6.629945281
362.660522  1215.143188  -3.607798454  6.629945281
863.028076  38.585197  -2.640755466  4.527670574
112.458107  886.384949  -4.054520443  6.023029491
491.024292  258.952576  -3.314905395  4.902527857
978.26062  1010.397705  -2.465156829  6.260555988
832.444092  1294.357422  -2.742565096  6.781726868
882.823242  931.112061  -2.63600253  6.114979097
494.326019  237.79892  -3.308354483  4.865196472
382.378113  547.730591  -3.528702518  5.413112012
1011.092407  371.943756  -2.387454875  5.115440594
448.707397  489.962128  -3.404488189  5.31160228
553.277893  1118.979248  -3.24840929  6.454521378
412.715698  1397.505493  -3.526259551  6.970690633
369.964081  874.041077  -3.574103907  6.004560752
1054.647705  656.634888  -2.316831825  5.620824387
704.401245  47.458942  -2.922329677  4.538826582
551.602722  536.016296  -3.222566637  5.396570222
349.913727  1064.12915  -3.621999263  6.351289202
564.855957  823.181824  -3.210612798  5.913872436
1083.692505  1044.674194  -2.274460395  6.322411416
847.249756  1159.812622  -2.709424542  6.531921946
75.102425  523.943481  -4.09333992  5.36206605
557.740662  252.7966  -3.194519015  4.893598939
283.139099  1171.903442  -3.7529615  6.549069534
898.91748  457.604584  -2.590191147  5.264613719
879.635864  97.961586  -2.613063839  4.631929407
982.519531  922.818115  -2.454418973  6.099700202
508.990723  382.693481  -3.289020743  5.122542446
404.318176  1100.034058  -3.524321577  6.419306959
369.317047  496.776978  -3.549708235  5.321505623
844.363403  700.254639  -2.696496716  5.696460275
859.748291  1202.023804  -2.688275827  6.609903706
213.427612  732.804382  -3.853706145  5.742992102
241.08989  507.923096  -3.785106068  5.337879487
515.722351  1471.848267  -3.338489077  7.110193617
882.630737  1301.102417  -2.650038341  6.792833297
537.431152  806.772522  -3.260702124  5.884336854
381.564972  312.478241  -3.515991689  4.993672815
847.24231  29.779224  -2.66871109  4.511249565
838.639282  678.280701  -2.705936589  5.656795476
1097.97583  1222.631592  -2.253007684  6.651354847
282.59491  263.591736  -3.693329303  4.904258972
836.12439  1356.009521  -2.738244154  6.895851785
1026.556396  1120.352051  -2.380466969  6.460914759
418.948639  867.876038  -3.483624125  5.994255363
350.956879  498.534515  -3.582921788  5.324133761
1012.969177  407.577087  -2.384998908  5.178913635
1017.806091  278.735046  -2.372856071  4.951950502
75.669235  287.096252  -4.070369229  4.938587897
196.233429  517.2948  -3.867956953  5.353963506
227.100647  436.603729  -3.804762803  5.209257114
604.759521  1483.306519  -3.174369286  7.134716034
320.24707  529.906738  -3.641202004  5.379565449
622.321411  1427.065308  -3.138556768  7.029195116
481.137268  104.474358  -3.324339268  4.630792719
629.36377  813.017944  -3.091271404  5.895822097
1072.721313  1490.195679  -2.306578963  7.149020044
86.967979  21.15419  -4.027420807  4.471234327
67.234131  248.352173  -4.082028072  4.869939932
920.550171  500.551575  -2.553033646  5.34206934
1078.855713  687.30426  -2.274277397  5.678169876
651.578247  1347.855835  -3.079125567  6.879792761
37.242168  1172.040771  -4.214623288  6.548060258
630.810608  1428.300415  -3.121936991  7.02946582
630.810608  1428.300415  -3.121936991  7.02946582
573.18866  708.892212  -3.189277085  5.707281349
304.62854  338.186005  -3.657986778  5.036963037
386.539032  908.735291  -3.545597291  6.068115473
628.348816  571.737183  -3.083901503  5.463199125
628.348816  571.737183  -3.083901503  5.463199125
652.086304  140.02475  -3.020758353  4.698167341
462.114532  589.38269  -3.386313434  5.490528966
608.940674  881.968445  -3.132651847  6.020932315
670.61377  302.481567  -2.994731703  4.982520928
569.66748  633.034851  -3.19191305  5.570954742
479.346466  725.433044  -3.363200745  5.73611383
628.269653  783.451416  -3.092197392  5.842587251
749.461121  1226.225708  -2.892135084  6.653950682
733.58374  778.448669  -2.900242974  5.835300008
443.335083  472.684113  -3.413639066  5.280733875
443.335083  472.684113  -3.413639066  5.280733875
373.82132  363.918488  -3.533699451  5.084917161
554.752869  1482.125854  -3.267079038  7.131417008
554.752869  1482.125854  -3.267079038  7.131417008
960.923523  518.884766  -2.481212613  5.375713233
89.188942  648.734436  -4.078711117  5.588521543
539.808472  406.710022  -3.234870472  5.165754319
539.808472  406.710022  -3.234870472  5.165754319
550.266113  1074.924316  -3.251196252  6.373048622
550.266113  1074.924316  -3.251196252  6.373048622
635.057861  1052.43396  -3.094191365  6.333155047
534.402527  595.496765  -3.254907202  5.502969055
492.475983  518.473328  -3.327358227  5.363828656
492.475983  518.473328  -3.327358227  5.363828656
962.190369  1100.123169  -2.4970294  6.42267182
215.198563  1264.153198  -3.887155695  6.720321969
650.334106  696.355957  -3.048113985  5.686176179
311.634308  846.813721  -3.678972496  5.95259343
727.204163  762.321228  -2.911184827  5.806016549
564.441895  1493.677002  -3.248808284  7.149474989
622.052551  312.661194  -3.082068528  5.001295122
49.269817  85.721054  -4.100841819  4.582991885
49.269817  85.721054  -4.100841819  4.582991885
573.109619  653.202454  -3.18666112  5.606871297
196.213669  422.348022  -3.859668064  5.183220028
392.196075  242.747528  -3.492615004  4.870640024
712.545959  780.5047  -2.93848746  5.838385434
1018.438904  658.944763  -2.381923949  5.625650932
544.032104  582.708496  -3.237042443  5.480335108
544.032104  582.708496  -3.237042443  5.480335108
301.298553  971.00354  -3.705827135  6.179450586
301.298553  971.00354  -3.705827135  6.179450586
39.670712  1248.674072  -4.216043269  6.690847914
908.891907  306.470795  -2.567577451  4.998005755
73.933846  411.13028  -4.084903034  5.159105205
894.466797  1196.759033  -2.624271688  6.599868799
978.018982  1275.746582  -2.474100709  6.747533287
547.056213  1020.710266  -3.254629206  6.273974792
1054.833496  1000.111145  -2.325637706  6.241187639
65.481941  1470.332275  -4.180776744  7.102679467
869.967957  1097.743408  -2.665368135  6.41813416
191.828156  7.656582  -3.83841735  4.450921668
662.824646  785.64624  -3.028913243  5.84675021
350.14679  523.081238  -3.585679751  5.367808485
883.157715  1191.706055  -2.644667413  6.589803087
1029.21875  1484.038086  -2.386661885  7.136452135
18.765676  1300.758789  -4.25757771  6.786062347
573.644653  673.149841  -3.18666812  5.643262872
520.928833  1064.803345  -3.305647519  6.355073497
520.928833  1064.803345  -3.305647519  6.355073497
445.315125  1103.194702  -3.448182601  6.425370321
358.978302  1293.674927  -3.621090275  6.777400751
356.105896  847.829407  -3.597613591  5.956256978
127.339973  466.762421  -3.988839326  5.260885347
127.339973  466.762421  -3.988839326  5.260885347
973.097778  103.884705  -2.447532066  4.645197232
933.685059  508.48642  -2.52972496  5.356221221
629.814453  144.502686  -3.060842813  4.70508262
868.956421  667.668701  -2.651064327  5.638494197
596.999756  786.77356  -3.149910615  5.848319104
294.985596  612.878906  -3.694048293  5.528345251
473.086212  682.473816  -3.371887628  5.658314892
470.420959  229.930481  -3.351033909  4.850497326
123.595856  653.493408  -4.01384999  5.597555328
973.458435  114.518425  -2.44721307  4.663534035
100.081993  1474.197388  -4.1171226  7.111402409
959.746033  913.770386  -2.495597419  6.084010003
193.487854  1242.015869  -3.925525178  6.678584011
456.598175  327.862915  -3.380741509  5.02335337
291.975433  1352.314453  -3.749603546  6.885764559
937.646851  150.158188  -2.511495205  4.725343906
385.979004  1199.076416  -3.563661048  6.601481211
405.802673  1058.262573  -3.519387643  6.343157189
41.40097  293.893402  -4.133023386  4.949547785
899.835815  334.677917  -2.584791219  5.048270848
759.981812  600.848328  -2.845424712  5.517179343
604.843994  128.718399  -3.103596238  4.677958238
29.926001  81.0084  -4.134292369  4.574254056
389.766541  715.260071  -3.526999541  5.716094537
1056.039307  674.367126  -2.314895851  5.653830512
889.895203  610.627563  -2.611180864  5.536897943
18.260523  529.721741  -4.200003485  5.371042578
364.074921  1305.552612  -3.612085396  6.799626123
892.659241  1256.522705  -2.6308336  6.714137215
904.249207  420.155304  -2.579617289  5.198604059
904.249207  420.155304  -2.579617289  5.198604059
97.653435  67.30619  -4.011940016  4.552276855
97.653435  67.30619  -4.011940016  4.552276855
398.285156  349.10675  -3.487634071  5.059566889
522.538757  358.535522  -3.262432101  5.079805285
522.538757  358.535522  -3.262432101  5.079805285
78.955162  1267.352539  -4.144143237  6.72585374
713.217102  1256.785889  -2.960153168  6.710091876
930.069031  1038.938599  -2.553688638  6.311358091
967.630737  652.928284  -2.473107722  5.614249018
967.630737  652.928284  -2.473107722  5.614249018
534.545654  96.606308  -3.228877552  4.618144995
612.995667  678.450989  -3.115145083  5.653224482
15.225777  284.304199  -4.17809278  4.932182598
15.225777  284.304199  -4.17809278  4.932182598
481.934753  219.63205  -3.3293772  4.832708835
277.015015  686.981079  -3.732410777  5.661737648
313.743896  289.066589  -3.638274044  4.949884599
313.743896  289.066589  -3.638274044  4.949884599
268.696136  784.618286  -3.754209484  5.838766719
514.129089  235.143829  -3.271874974  4.861965221
500.855347  1371.173828  -3.359892789  6.920799067
469.5578  904.936401  -3.391858359  6.062340159
57.513424  1169.726929  -4.175688812  6.543497106
329.357208  701.524597  -3.637643052  5.68980906
803.700195  557.903259  -2.764786797  5.441664501
899.705322  268.939209  -2.582674248  4.931943903
481.958527  499.321503  -3.345614982  5.32959924
975.812622  663.517822  -2.458703916  5.633207695
334.030243  446.529663  -3.610383419  5.230956083
1053.150146  1032.580322  -2.329552654  6.299641458
323.752991  11.149204  -3.600851547  4.461968654
1067.848145  802.893066  -2.296948092  5.884933736
1067.848145  802.893066  -2.296948092  5.884933736
567.244751  99.561501  -3.17033234  4.624554154
308.963257  772.180481  -3.679117494  5.817244359
267.354614  770.416138  -3.75594246  5.813080874
267.354614  770.416138  -3.75594246  5.813080874
1063.702026  396.673798  -2.294336128  5.160826872
291.378174  1028.80127  -3.728530829  6.28584875
939.758423  160.516861  -2.507987253  4.742936099
402.31192  405.792542  -3.483569125  5.160135344
33.677574  478.766907  -4.165552949  5.279752543
419.072998  1250.75769  -3.505327832  6.697498658
571.215881  805.808105  -3.198155966  5.882532385
292.967346  994.896484  -3.722650908  6.222786312
483.509369  1052.768555  -3.374508593  6.333083006
495.243774  374.731201  -3.313086419  5.107722415
544.537964  1460.302368  -3.285318793  7.091242914
302.294067  347.906311  -3.662727715  5.054277041
326.874542  845.437683  -3.650871874  5.950653721
278.417206  852.84967  -3.741159659  5.9633263
959.987732  623.421143  -2.485820551  5.560908546
268.92453  650.662964  -3.744619613  5.595898151
548.833862  606.693054  -3.228994551  5.523389837
420.839508  328.327759  -3.445572637  5.02323294
988.613403  636.078125  -2.434805237  5.584181068
620.227905  1034.225708  -3.120468011  6.299745627
257.460052  477.54068  -3.752326509  5.283919769
711.363037  499.869415  -2.930079573  5.336292603
529.907715  897.805115  -3.279436872  6.049622688
349.565704  738.136536  -3.601616537  5.756766214
1047.229126  1494.067871  -2.353754328  7.156508767
215.229614  725.627319  -3.849370203  5.730920912
320.183167  336.848511  -3.629765158  5.034867639
836.75293  613.914063  -2.706949575  5.541627177
17.926424  604.899597  -4.207563383  5.507038566
366.966919  659.4646  -3.565062029  5.61421329
884.848694  606.92749  -2.62040274  5.530642999
419.954926  1108.834351  -3.495689962  6.435758431
897.495605  1261.130249  -2.621410726  6.719785123
504.260773  1162.918213  -3.341760033  6.535187506
423.440125  206.505768  -3.433791795  4.807912427
314.910583  1483.427979  -3.716837986  7.133372611
1069.847778  1213.143921  -2.304177995  6.633418081
870.621582  246.070007  -2.63374156  4.891023256
570.722961  1209.621338  -3.221029658  6.621986806
557.465881  265.736877  -3.195888996  4.916575978
539.96106  442.620483  -3.236699447  5.229702123
702.73938  1339.702515  -2.983250858  6.863450813
360.655182  326.788605  -3.555216161  5.01835865
1067.270874  701.574585  -2.295439113  5.703181776
360.767792  428.505341  -3.560620088  5.199322177
927.676758  740.743164  -2.548067713  5.771506553
894.072021  707.217651  -2.607305916  5.710426475
93.387413  372.151123  -4.045705561  5.090417932
880.41748  654.013489  -2.629986611  5.61451879
489.767426  480.424988  -3.329985192  5.295918221
543.38147  416.006927  -3.228939552  5.182588201
156.380829  829.434204  -3.967185618  5.918827285
320.184296  1299.165405  -3.693914295  6.787636073
480.43045  519.55304  -3.349180934  5.365975467
974.065308  341.374054  -2.452392001  5.061329352
67.113106  1258.998657  -4.165644947  6.710143894
496.261841  1052.227905  -3.351025909  6.332395184
255.724686  757.64447  -3.776131189  5.789430221
955.224426  123.008842  -2.479701633  4.678230426
978.103638  690.480713  -2.45543996  5.6813715
633.527039  83.42115  -3.050780949  4.598888586
978.362244  670.265991  -2.454320975  5.645430145
287.735443  1345.205933  -3.757119444  6.872502197
555.868164  892.129517  -3.230997524  6.03906017
333.149567  750.283875  -3.633663106  5.778276902
217.79187  1272.5271  -3.883162748  6.736384598
289.109619  1476.453735  -3.763850354  7.118982369
389.64447  1146.020874  -3.552823193  6.501807406
644.808899  119.757889  -3.032667193  4.662516439
381.228638  107.753906  -3.503821853  4.632813122
544.220398  394.819153  -3.226182589  5.14474466
316.756989  324.341522  -3.635061087  5.012542542
187.305649  1291.254395  -3.941985957  6.771416709
1062.107544  371.599915  -2.296559098  5.116356175
462.498779  545.112305  -3.383267475  5.410894778
63.207695  643.929932  -4.126469474  5.578652868
956.841614  1063.770996  -2.505550285  6.355923762
630.262329  660.989563  -3.082947516  5.622342002
75.090843  581.818176  -4.098264854  5.466816467
982.112854  236.836731  -2.435065234  4.877962533
363.225616  122.318146  -3.537364401  4.657938404
475.776855  604.083313  -3.362369756  5.517075741
475.776855  604.083313  -3.362369756  5.517075741
1069.734741  721.824524  -2.291508166  5.739361611
582.664001  360.745392  -3.155109545  5.08557125
598.972595  1194.564941  -3.168283368  6.594961915
659.686646  223.827408  -3.010028497  4.845930003
530.601868  142.21933  -3.237620435  4.698392947
530.601868  142.21933  -3.237620435  4.698392947
946.007446  490.697571  -2.507112264  5.324844635
606.97345  1465.079468  -3.16882836  7.099826733
313.375153  503.279602  -3.652154857  5.331639677
230.101059  1237.41687  -3.857165098  6.670554227
391.066132  133.010452  -3.487596071  4.677640422
474.718994  390.629608  -3.351035909  5.135358517
461.768951  438.029816  -3.378057545  5.219373409
351.350433  388.199951  -3.575705885  5.126997718
738.695435  728.233704  -2.889051125  5.745022954
409.042084  341.896515  -3.46760734  5.046793443
25.883471  230.906235  -4.154668095  4.837701225
315.542053  220.180099  -3.630422149  4.828192468
446.830475  241.997986  -3.393334339  4.871092691
1069.399536  425.26358  -2.284876255  5.211363992
599.201111  531.115967  -3.135168813  5.389862478
852.503723  1071.694214  -2.696440717  6.370526732
945.971069  566.72467  -2.509450233  5.460018867
970.992737  430.788788  -2.46061489  5.219400556
565.240845  1040.294434  -3.222409639  6.310832577
258.175964  505.395233  -3.753553492  5.333909434
466.497345  525.803772  -3.374949587  5.37647688
14.310832  1245.234131  -4.26281764  6.683540271
617.554871  243.820389  -3.086493468  4.87980936
495.54834  770.940125  -3.336129109  5.819088634
14.614488  921.742126  -4.237067986  6.084849308
896.703247  506.253784  -2.595836071  5.351438178
669.4245  640.035889  -3.01127748  5.585963421
596.690796  353.449829  -3.130407877  5.072966068
2123.768555  94.882126  -0.387496786  4.635442278
2123.768555  94.882126  -0.387496786  4.635442278
1607.901245  585.592224  -1.320035238  5.505013402
1156.646606  290.289124  -2.126882381  4.974919952
1141.699707  362.867401  -2.156031989  5.102362198
1225.985352  765.389465  -2.011440934  5.819830064
1431.646973  721.046997  -1.638601951  5.744765158
1402.799072  700.952148  -1.692471226  5.707316301
1402.799072  700.952148  -1.692471226  5.707316301
1402.799072  700.952148  -1.692471226  5.707316301
854.876404  567.591431  -2.673017032  5.459527621
363.459137  668.215149  -3.574291904  5.629762285
1574.841797  383.231232  -1.381405412  5.143982354
1741.960205  344.413483  -1.078731485  5.076333384
649.441223  650.451355  -3.04770199  5.604249671
2125.462402  1258.252441  -0.358665174  6.741208059
2165.288574  500.03067  -0.292671062  5.358545604
1653.502319  408.445496  -1.238435336  5.189799354
1925.054565  1041.522339  -0.735576102  6.336096577
1642.503418  459.602997  -1.257995072  5.280579834
1648.85144  516.462585  -1.245920235  5.383650407
1648.85144  516.462585  -1.245920235  5.383650407
2039.298218  79.715851  -0.540445728  4.608826212
1521.261475  1127.999756  -1.478764102  6.484466197
1637.7948  1016.98877  -1.266552957  6.28264416
1637.7948  1016.98877  -1.266552957  6.28264416
2224.289551  345.2099  -0.184493517  5.080125442
1722.386353  382.753723  -1.117123968  5.143342736
41.100716  279.125061  -4.132075399  4.923796108
2042.135742  649.789246  -0.521926977  5.627398875
1728.723633  308.724213  -1.102718162  5.013233108
1427.540405  269.504608  -1.644571871  4.941853363
336.993713  700.114075  -3.622362258  5.686535955
1569.756714  111.748634  -1.389790299  4.66542092
1569.292236  567.84375  -1.390414291  5.472525078
1165.821777  709.233215  -2.118583492  5.718889177
2201.857422  821.821899  -0.224640977  5.940978541
2147.013916  167.676788  -0.338412446  4.763218204
547.897217  184.656265  -3.209875808  4.773556813
434.442383  327.402588  -3.421078966  5.02209502
1992.960815  336.081665  -0.619662662  5.062892523
2211.734863  784.300476  -0.206252225  5.873122197
1203.773682  221.001083  -2.042168521  4.854131166
1203.773682  221.001083  -2.042168521  4.854131166
1595.516602  1176.242065  -1.340524962  6.578423814
1998.744751  677.09021  -0.604652864  5.674834724
1643.688965  1077.417236  -1.254353121  6.395501414
1710.522217  343.297485  -1.136118712  5.074506565
1395.309204  652.057007  -1.705350053  5.61990298
1995.270874  1177.990845  -0.600666917  6.591114814
340.329529  309.505798  -3.590834682  4.986831072
340.329529  309.505798  -3.590834682  4.986831072
2078.231445  1369.297974  -0.444784015  6.946019629
368.577606  509.699036  -3.552773194  5.344834744
1462.929932  336.581726  -1.581752716  5.060432349
1462.929932  336.581726  -1.581752716  5.060432349
1420.290649  598.425171  -1.660344658  5.524139795
2160.063477  1149.501343  -0.293388052  6.543179463
2054.290527  1051.122192  -0.494552345  6.357752379
2198.30249  475.638885  -0.2303729  5.314904907
572.509277  487.164612  -3.184566149  5.31166718
127.87278  436.749268  -4.032497739  5.209830936
1678.471436  341.525299  -1.194191931  5.070927789
1932.220215  687.440552  -0.725603236  5.693308807
1932.220215  687.440552  -0.725603236  5.693308807
1128.418701  327.380188  -2.177814695  5.039625524
2053.28418  389.065521  -0.503768221  5.158006524
1978.56543  248.68335  -0.649335263  4.909721212
1585.164185  614.557495  -1.362308669  5.555862557
1244.093018  847.138733  -1.980163355  5.967677259
1397.838745  123.429375  -1.69666817  4.685542753
1638.013916  555.98999  -1.265399973  5.452500945
1939.182373  717.468872  -0.714020392  5.746765134
1651.434204  369.266846  -1.243159272  5.120008405
2202.867676  529.601563  -0.221426021  5.412599773
2202.867676  529.601563  -0.221426021  5.412599773
2030.671753  512.831543  -0.544285676  5.380128367
1201.0802  895.925171  -2.058441302  6.056304228
893.528503  717.346924  -2.609631885  5.729317072
2127.711426  428.423828  -0.365014088  5.228890608
2127.711426  428.423828  -0.365014088  5.228890608
772.275146  592.461792  -2.823523007  5.503115846
1962.156738  1174.018433  -0.662817081  6.582959641
1574.370361  1136.153687  -1.380357426  6.502550282
1455.030396  1311.374512  -1.599492477  6.824252435
99.099007  564.080078  -4.055204433  5.435990573
2100.27002  1007.528259  -0.409799486  6.278818243
302.999603  108.77726  -3.645443947  4.63176615
1732.155029  718.671448  -1.09471227  5.745548542
1479.023071  647.269043  -1.554527082  5.612674086
1340.405518  853.820007  -1.806341694  5.980316967
2207.867432  447.444794  -0.214701111  5.263987812
710.00531  122.440788  -2.916075761  4.669733431
630.916077  313.909454  -3.066481738  5.003853797
2021.688965  347.863342  -0.565051397  5.084094974
646.067627  198.893845  -3.03362418  4.801597516
2098.79248  181.92041  -0.430240211  4.788274587
1177.064209  524.152588  -2.094492817  5.388700213
1006.789001  200.602524  -2.390259837  4.814952717
1039.144897  236.986618  -2.332588613  4.878674625
430.349945  333.540283  -3.428781862  5.032599216
1092.993774  679.681458  -2.248669742  5.663949763
2008.515381  1106.979736  -0.577907224  6.460041049
1624.606079  1448.466187  -1.285953696  7.084210737
992.013489  522.594482  -2.426814345  5.383123102
1171.138916  264.421295  -2.100833731  4.929747539
1434.612915  545.16626  -1.63346702  5.430021298
538.942078  374.46228  -3.236333452  5.10914657
1072.78772  716.30365  -2.285841242  5.729596433
1303.894531  534.254028  -1.867719868  5.408737849
942.077454  423.092102  -2.512371194  5.204894412
932.027954  455.471222  -2.53124094  5.262038471
932.027954  455.471222  -2.53124094  5.262038471
1494.934814  56.97266  -1.522835509  4.569400591
1494.934814  56.97266  -1.522835509  4.569400591
2035.486572  476.154633  -0.536486781  5.314096069
2035.486572  476.154633  -0.536486781  5.314096069
1349.407593  459.987183  -1.785756971  5.276905139
1950.614868  1239.28186  -0.684085795  6.702294237
1617.147583  278.37912  -1.305205437  4.959030309
1185.263306  72.234291  -2.073185103  4.594449997
2228.801514  1302.968262  -0.162511813  6.828600851
1745.570801  1108.049438  -1.065881658  6.454242198
1430.786865  692.807007  -1.642226902  5.693063646
1161.963867  442.211823  -2.120210471  5.242877638
870.520935  561.280579  -2.643260432  5.448452241
262.343872  627.78241  -3.755524466  5.554285556
1405.194214  653.088745  -1.687647291  5.622033002
2226.828613  1480.052856  -0.165308776  7.155174737
2190.574707  824.330933  -0.238394792  5.949135607
1397.138428  349.092407  -1.699448132  5.08166734
1397.138428  349.092407  -1.699448132  5.08166734
1950.20813  726.593018  -0.693483669  5.763828537
1411.876709  1292.032593  -1.679334403  6.785539892
1831.247925  488.44989  -0.914234698  5.333708877
1823.4104  487.509827  -0.927755516  5.332601638
1823.4104  487.509827  -0.927755516  5.332601638
1823.4104  487.509827  -0.927755516  5.332601638
545.888  611.099243  -3.234896471  5.531317593
1431.185425  901.199707  -1.642330901  6.06894171
1015.802673  153.450729  -2.373136067  4.732765897
1386.204224  1476.349121  -1.728096747  7.128093627
2059.246582  1155.047119  -0.48970941  6.54356095
1011.073853  409.668091  -2.38853886  5.182495998
1011.073853  409.668091  -2.38853886  5.182495998
314.47995  512.298035  -3.651564865  5.347976906
382.378113  547.730591  -3.528274524  5.41308808
1131.695923  448.713196  -2.174158745  5.254061693
1722.643555  1420.233398  -1.104951132  7.032801122
409.165009  235.794403  -3.46091743  4.859360951
1326.170776  494.578491  -1.828017402  5.338496285
2023.080933  146.082031  -0.568806346  4.725658739
1364.054443  1347.209717  -1.767683214  6.886556792
2220.98584  1449.499756  -0.172812675  7.102835131
1301.880371  510.767853  -1.871460818  5.366803339
1984.784424  107.363228  -0.641521368  4.657979259
1020.038391  125.332237  -2.365073176  4.683577061
1455.063599  727.593445  -1.598804487  5.755810667
28.544319  475.595215  -4.174781824  5.27343902
2121.553955  1107.016602  -0.369127033  6.461269649
1207.015747  779.950623  -2.045866471  5.845865029
327.414093  79.505646  -3.599278568  4.581562692
2127.789307  837.309814  -0.36194613  5.968104697
1083.834473  368.134216  -2.257927617  5.110601213
1083.834473  368.134216  -2.257927617  5.110601213
1094.554321  292.664368  -2.237067898  4.977907101
1895.824097  515.868774  -0.793866318  5.38428068
453.426666  23.026051  -3.369977654  4.487023475
1999.063232  1337.586548  -0.594980994  6.882999399
1083.907349  405.748718  -2.258683607  5.17690619
1083.907349  405.748718  -2.258683607  5.17690619
173.483276  508.380676  -3.908957401  5.337121444
173.483276  508.380676  -3.908957401  5.337121444
994.023865  319.431274  -2.416638482  5.023377257
1479.837158  1356.280396  -1.554246086  6.907284126
1534.509399  429.389526  -1.453834437  5.22565563
1682.178101  103.803337  -1.187772017  4.651825006
2144.716064  101.857132  -0.345953345  4.646975463
1392.52124  313.763977  -1.708034017  5.019522268
1863.561279  965.1651  -0.850226559  6.195513256
1863.561279  965.1651  -0.850226559  6.195513256
2156.491455  678.235535  -0.311423809  5.679685873
1286.409668  500.161194  -1.898440455  5.347860619
1558.257568  545.385925  -1.409542033  5.433233302
326.926941  304.611908  -3.61402537  4.978309635
326.926941  304.611908  -3.61402537  4.978309635
326.926941  304.611908  -3.61402537  4.978309635
85.355812  344.753723  -4.059368377  5.041668992
592.197205  278.321991  -3.13322184  4.940026376
1979.432495  43.046783  -0.652876215  4.54497023
1470.290894  685.930664  -1.570653865  5.68182314
406.054657  397.552856  -3.476463221  5.145595428
1946.265137  586.617615  -0.699821583  5.511847321
611.843506  130.464569  -3.093123379  4.679588802
2195.269775  541.819031  -0.236165822  5.434434484
2195.269775  541.819031  -0.236165822  5.434434484
1744.247437  321.726715  -1.074851537  5.035757346
1395.448853  815.258789  -1.706581036  5.912786848
1244.681274  988.089172  -1.981523337  6.22183362
49.454075  436.168854  -4.13272739  5.203732841
1178.714233  575.207092  -2.092661841  5.479763125
1521.670532  10.913585  -1.475341148  4.489832864
1956.43396  751.35968  -0.682440817  5.808307396
1798.060425  81.428749  -0.979706817  4.612446471
1174.117432  114.498108  -2.092961837  4.667921277
1144.735229  264.659912  -2.146885112  4.929194512
2115.09082  676.720337  -0.388436773  5.676192045
992.730713  124.942513  -2.413259527  4.68233648
1157.30542  94.700188  -2.122686437  4.633206452
1464.805542  1341.732666  -1.58147372  6.881399247
1758.927002  638.72998  -1.045413933  5.602118292
1184.740845  89.108124  -2.073642097  4.623803955
2159.344238  1179.644287  -0.29576902  6.598318623
1482.461182  294.543121  -1.546195194  4.986447523
1274.553833  941.472656  -1.926085083  6.139371558
355.058167  153.122818  -3.554198175  4.711451129
1342.22583  854.543457  -1.803362734  5.981978806
1527.570923  636.758362  -1.466911261  5.594774145
1157.220581  1318.944458  -2.146832112  6.830739791
1065.98938  389.064697  -2.290115184  5.147164572
1434.855713  1128.714722  -1.636396981  6.484584262
2154.349609  576.987427  -0.311519808  5.497733021
1562.383789  778.624634  -1.404101106  5.850074126
1743.760742  826.980591  -1.072844564  5.941077404
2034.452515  611.4104  -0.535726791  5.557908656
1095.564087  444.059418  -2.238016885  5.244315523
2201.83252  1326.930298  -0.212031147  6.872686899
1088.05188  362.183411  -2.250427718  5.100509898
838.078857  639.968628  -2.705568594  5.588326114
2164.719238  543.247131  -0.292107069  5.436785196
2159.037109  134.262421  -0.317813724  4.704130675
1987.897339  150.000458  -0.633971469  4.732525167
939.101868  481.911255  -2.5193301  5.309376548
1468.072632  1325.676392  -1.575581799  6.851058083
1063.238892  154.899445  -2.289385194  4.731436883
1169.846436  732.331665  -2.112167579  5.759781725
2055.846191  71.043404  -0.511138122  4.593369811
1544.494995  924.584778  -1.437057663  6.112868192
1511.017944  1214.789063  -1.496604862  6.645885877
1620.576294  1357.760376  -1.294312584  6.91402616
1154.313354  81.539543  -2.127280375  4.610017118
1115.419434  143.707184  -2.196967438  4.717832908
421.040588  531.801636  -3.455602502  5.385420051
1418.126465  725.21405  -1.664812598  5.751279988
2090.129395  177.669662  -0.444025025  4.78048685
395.983856  254.73912  -3.486028092  4.891973665
2023.475952  1193.402588  -0.548858615  6.619813772
2074.861328  180.537338  -0.473756625  4.786823147
1120.110962  293.441071  -2.191685509  4.979660386
2114.880371  711.760864  -0.385353815  5.740845098
1668.917725  400.711334  -1.211857693  5.175669438
1195.489136  297.684418  -2.058283304  4.98856849
1671.393677  854.863037  -1.205760775  5.989441992
1966.356445  298.172913  -0.670003984  4.995331307
1654.118042  308.728058  -1.238560334  5.012862569
781.033813  587.922668  -2.805866244  5.493842194
1263.517822  311.451233  -1.937574928  5.014133463
1594.313477  1479.993286  -1.342445936  7.141961425
2062.962402  317.039764  -0.48903642  5.029090604
2062.962402  317.039764  -0.48903642  5.029090604
1953.633545  625.215271  -0.686335765  5.581269032
1051.868896  340.442444  -2.314002863  5.061224233
1468.14856  504.876312  -1.57252684  5.35894831
1173.484619  347.370056  -2.097838772  5.075591319
2133.541504  711.960205  -0.351871265  5.740465229
639.462585  631.201416  -3.065486751  5.569447225
1171.822388  684.584656  -2.108084634  5.672874948
461.545013  360.295654  -3.373273609  5.081065273
461.545013  360.295654  -3.373273609  5.081065273
1963.062866  149.649261  -0.679500857  4.732287753
2074.231445  542.882874  -0.46228178  5.434860778
2098.137939  791.897095  -0.417881377  5.885025618
567.23468  548.825439  -3.194226019  5.420644803
2110.24292  755.279358  -0.397457652  5.817918895
1469.973267  916.077881  -1.571832849  6.096865153
1469.973267  916.077881  -1.571832849  6.096865153
890.032593  541.151917  -2.608680898  5.413269524
1686.395386  399.883667  -1.179636127  5.174548187
1956.983765  92.21566  -0.69187869  4.631266821
1670.159424  519.401489  -1.207108757  5.38774338
1102.317017  729.539307  -2.233025953  5.753641117
2135.864502  1296.300171  -0.337720456  6.812830805
1176.867554  549.906982  -2.095219807  5.434653949
2173.491455  533.978271  -0.27719027  5.420954667
87.715309  501.263184  -4.069516241  5.322019286
1709.974365  1383.122803  -1.128905809  6.963323427
1709.974365  1383.122803  -1.128905809  6.963323427
1473.583496  542.801514  -1.56286597  5.426638657
1143.873291  295.268005  -2.149682074  4.983447558
2147.705322  264.672333  -0.335066491  4.935611259
2147.705322  264.672333  -0.335066491  4.935611259
1408.095581  1308.924316  -1.686320309  6.817340031
1379.599731  1353.343628  -1.739180598  6.898634758
779.677124  536.684998  -2.807843218  5.403585717
1542.55896  372.974854  -1.439382632  5.125578867
1643.365234  609.671997  -1.256191097  5.548365551
1455.686768  519.360413  -1.596000524  5.384508821
1058.815186  109.000603  -2.296010105  4.655315059
1177.223145  443.850372  -2.093336832  5.246030856
1553.223145  318.742493  -1.419974893  5.029838129
1508.039307  643.170776  -1.502105788  5.605820798
1463.557983  281.755066  -1.580295736  4.963817642
1161.119385  68.269852  -2.114890542  4.587128652
1501.127563  399.012268  -1.51380963  5.171367773
1402.333984  637.044678  -1.692629224  5.593291959
1673.671387  909.1745  -1.201160837  6.087437359
1607.782104  627.126526  -1.321523218  5.578912668
1519.905273  383.592834  -1.480046085  5.144325291
1519.905273  383.592834  -1.480046085  5.144325291
1247.785889  812.616821  -1.972604457  5.905931128
577.677979  274.845795  -3.161114464  4.933139367
1402.244629  212.866272  -1.689257269  4.84220256
1428.471069  350.587433  -1.643607884  5.085409611
1436.807617  489.986633  -1.629609072  5.331931654
1698.192505  95.271164  -1.159008404  4.63677421
1202.002319  1425.281616  -2.066855188  7.028232591
1206.630981  310.067078  -2.03849957  5.010510839
2067.910645  166.641159  -0.480549534  4.762780522
2203.160889  182.427704  -0.232117877  4.788847213
545.197266  574.802307  -3.236357452  5.467415845
545.197266  574.802307  -3.236357452  5.467415845
2009.257324  365.005798  -0.59082505  5.114546699
201.430542  700.244873  -3.873569877  5.684308253
2161.782715  1258.997559  -0.290052097  6.743813953
2169.213867  157.34848  -0.298206987  4.744185452
1210.17688  812.390259  -2.040832539  5.903922575
1210.17688  812.390259  -2.040832539  5.903922575
1972.469727  140.699173  -0.66213309  4.716409213
1972.469727  140.699173  -0.66213309  4.716409213
1730.970825  803.161743  -1.096394247  5.897384606
2116.22168  54.424187  -0.397254655  4.562919314
1971.460693  1111.855713  -0.646694298  6.468085765
386.20694  378.547974  -3.511636748  5.111178338
1792.920166  528.578735  -0.982837775  5.405488784
1792.920166  528.578735  -0.982837775  5.405488784
1466.178589  292.218536  -1.575561799  4.981874111
455.266144  375.652252  -3.385339447  5.107915914
1959.289795  131.663681  -0.689153727  4.701730881
1036.794189  237.415619  -2.338297536  4.880174986
1036.794189  237.415619  -2.338297536  4.880174986
2144.085449  373.815216  -0.334741496  5.131122157
64.506088  715.931641  -4.131375408  5.71067862
64.506088  715.931641  -4.131375408  5.71067862
1412.265625  310.803619  -1.67285749  5.014532458
1165.860596  270.182129  -2.110388603  4.939815692
1217.86792  232.842178  -2.017408854  4.875142698
1217.86792  232.842178  -2.017408854  4.875142698
2121.579102  534.825012  -0.383356842  5.418717354
1552.775513  684.876221  -1.421812868  5.681044854
1016.882629  305.641693  -2.375276038  4.999318246
1622.265137  284.516571  -1.296228558  4.968982442
1405.574463  1194.2323  -1.690148257  6.6046749
861.973145  710.242798  -2.665208137  5.714875505
1977.875  570.671204  -0.641926362  5.483407025
1711.878296  544.993591  -1.13110678  5.433894481
1673.225464  530.869751  -1.200869841  5.408217529
1980.085571  351.542419  -0.642563354  5.090409756
1980.085571  351.542419  -0.642563354  5.090409756
1226.50769  114.479485  -2.000249085  4.668312387
1226.50769  114.479485  -2.000249085  4.668312387
2006.085449  293.135681  -0.596236977  4.986404712
1602.955811  399.511841  -1.329868105  5.173263114
1183.594849  131.58783  -2.076185063  4.697413701
1631.422485  1197.444092  -1.27451185  6.618022178
49.368759  486.37265  -4.137151331  5.293805884
1678.402832  1319.730957  -1.187680019  6.844525203
2028.396484  1075.891235  -0.541497714  6.403283295
1698.073486  562.159973  -1.156465439  5.464172488
1702.540039  838.183472  -1.148573545  5.960089349
2030.040894  724.523254  -0.54773063  5.760231023
1215.461548  697.16687  -2.028997698  5.697707464
1731.987671  1439.395508  -1.087652365  7.068880937
1511.846924  1160.452881  -1.494573889  6.546488353
1061.247559  329.988159  -2.296738095  5.043065469
2075.449219  191.605408  -0.469742679  4.805807275
1141.335571  325.923187  -2.154631007  5.037233195
1510.715088  71.792465  -1.494758887  4.59539198
2018.152954  1145.043457  -0.559821467  6.529971221
1216.004761  865.393433  -2.031190668  5.999805428
71.539154  346.887238  -4.084036045  5.044689771
2000.110107  52.751438  -0.614866726  4.561805129
181.449448  459.847473  -3.890200654  5.249979138
1382.331055  795.185913  -1.730176719  5.876087895
1212.985107  396.24292  -2.028436705  5.162479481
380.65976  396.269897  -3.522140606  5.142317248
1178.713623  582.395264  -2.092713841  5.493131135
578.081116  536.160278  -3.173779294  5.398275375
1203.806641  217.390884  -2.042032523  4.84790622
1551.844238  824.424622  -1.422743856  5.932786345
1643.077393  576.497559  -1.256202097  5.489349441
1101.781006  685.733948  -2.233088952  5.675497492
2158.364258  319.016388  -0.311146813  5.032911322
2008.862183  710.790833  -0.586917102  5.735080107
2079.961182  657.303955  -0.455977864  5.639573312
1752.444824  700.309753  -1.058130762  5.712324651
2040.781616  375.612244  -0.528527888  5.133824171
1014.410278  152.251953  -2.375835031  4.730574861
1014.410278  152.251953  -2.375835031  4.730574861
1568.054688  118.400345  -1.393137254  4.677563295
1144.437744  417.522949  -2.151064055  5.198895525
1144.437744  417.522949  -2.151064055  5.198895525
2111.964844  474.373993  -0.39314871  5.311691247
2111.964844  474.373993  -0.39314871  5.311691247
392.484863  290.031891  -3.494262981  4.954365641
1942.560913  1001.347961  -0.70302454  6.263740733
1677.694946  485.694641  -1.194042933  5.327408724
1756.403564  354.091064  -1.052421839  5.093817344
1166.290283  541.316528  -2.114347549  5.418940698
825.332886  679.050476  -2.730069264  5.658092247
2180.701172  157.691864  -0.276577278  4.74553494
1649.089722  889.784363  -1.246217231  6.052539153
1163.500244  428.102325  -2.117136512  5.218005101
1822.764404  1017.750916  -0.925288549  6.290318013
1653.90564  412.091827  -1.238058341  5.196011072
1052.944214  359.520325  -2.312844878  5.09524229
1052.944214  359.520325  -2.312844878  5.09524229
1455.500244  1333.29541  -1.598800487  6.864622793
1135.740723  119.894562  -2.160642926  4.676444004
1135.740723  119.894562  -2.160642926  4.676444004
1432.495361  128.835297  -1.635178997  4.695026455
1570.973022  958.21991  -1.389144308  6.174202151
1570.973022  958.21991  -1.389144308  6.174202151
1426.540039  770.857788  -1.649894799  5.833665958
1794.010376  387.577393  -0.983255769  5.153535945
1156.706177  556.849182  -2.131791315  5.446568907
933.685059  508.48642  -2.529660961  5.356236375
1389.181519  1293.771606  -1.721066841  6.788382716
1386.565063  1009.546326  -1.723782805  6.265349894
2174.804688  77.671822  -0.290906086  4.604082924
1182.033936  634.045044  -2.085611936  5.587800534
1182.033936  634.045044  -2.085611936  5.587800534
1506.833984  582.799194  -1.503615767  5.498217975
1399.237427  80.21315  -1.693808208  4.609826046
2005.794312  687.466248  -0.591648039  5.693401764
2158.752686  384.765045  -0.308135854  5.150690082
83.207619  121.707031  -4.042129609  4.64715039
1600.521973  1378.797241  -1.330579096  6.954302575
1600.521973  1378.797241  -1.330579096  6.954302575
1691.864624  1343.079346  -1.162720354  6.888268193
1956.221436  1288.987305  -0.673044944  6.794309139
2154.850098  334.640137  -0.316648739  5.060879547
1204.917847  699.500549  -2.048250439  5.701755697
87.489403  230.266342  -4.044164582  4.838408035
1078.973022  294.870636  -2.264806525  4.981594858
1285.856934  75.125946  -1.895222498  4.600626139
2007.03894  355.423645  -0.591991034  5.097209871
2072.343506  1061.937622  -0.460938798  6.377831446
1109.147949  224.188461  -2.20943527  4.857702373
1187.342163  369.31543  -2.073717096  5.114424122
2229.265137  106.244125  -0.190536436  4.654721225
2077.207275  446.235809  -0.458829826  5.260709209
1929.710938  832.227966  -0.731928151  5.953497967
1569.804443  345.385651  -1.391129281  5.077225778
1207.495239  328.74585  -2.037304586  5.043369052
1207.495239  328.74585  -2.037304586  5.043369052
1821.124268  92.932915  -0.938494372  4.632891938
1301.921021  502.910889  -1.871210821  5.352759573
294.985596  612.878906  -3.694764283  5.528516208
1134.868408  463.152435  -2.169061813  5.279474135
1190.325195  520.222473  -2.070928134  5.382058555
1140.423706  327.221039  -2.156450983  5.039525731
2011.441528  1325.193604  -0.570847319  6.86161693
2011.441528  1325.193604  -0.570847319  6.86161693
1092.352417  421.24939  -2.24360381  5.204559877
1092.352417  421.24939  -2.24360381  5.204559877
1193.727417  749.556702  -2.069266156  5.791100141
1267.472412  464.11615  -1.932306999  5.283316679
408.651611  655.106934  -3.489060051  5.607740911
587.189819  239.813202  -3.141517728  4.87170729
1179.117554  914.406738  -2.098635761  6.087074272
1869.274292  37.792404  -0.853287518  4.536045748
1869.274292  37.792404  -0.853287518  4.536045748
1793.290894  387.805481  -0.983777762  5.154302004
1985.895752  943.385803  -0.623971604  6.158738258
1444.621704  338.82663  -1.614671273  5.06410328
300.881073  131.728317  -3.651564865  4.67174784
1576.1698  712.582581  -1.380276427  5.729797315
1261.188843  36.114574  -1.937894924  4.532544709
1802.677124  153.407669  -0.970189945  4.738886157
1149.004761  315.162506  -2.141312187  5.018519144
883.075317  307.055786  -2.613626831  4.998679206
980.036072  75.70192  -2.434407243  4.59555754
1961.612305  683.454834  -0.672646949  5.685617429
927.606323  61.901688  -2.527091996  4.570535811
1344.879028  484.732788  -1.794399855  5.321077542
1431.591919  730.959106  -1.640796922  5.761663657
2218.022705  563.415344  -0.194576382  5.473757935
251.840332  496.960052  -3.764512345  5.318561344
1998.553223  154.657928  -0.614857727  4.74084964
1998.553223  154.657928  -0.614857727  4.74084964
1957.497925  594.362427  -0.678951864  5.525994574
1957.497925  594.362427  -0.678951864  5.525994574
1696.498291  509.681244  -1.159465398  5.37034642
2131.42041  1273.935913  -0.345775347  6.771125449
1280.72229  457.898224  -1.90846332  5.272114048
1929.238403  696.47937  -0.732548143  5.709029892
1929.238403  696.47937  -0.732615142  5.708776948
1437.793213  857.24707  -1.629965067  5.989524145
880.819641  557.303101  -2.625978665  5.441908539
2090.367432  566.802307  -0.432747177  5.478150976
2172.560303  164.613159  -0.290949085  4.758002895
2197.97168  265.193878  -0.240454764  4.936858954
2224.50293  291.198547  -0.190547436  4.983392585
1728.347534  658.308899  -1.101704176  5.636775333
1728.347534  658.308899  -1.101704176  5.636775333
2060.164307  471.146973  -0.490195404  5.30536138
1287.132446  1266.916504  -1.907839328  6.736575915
2241.974121  569.02887  -0.149937982  5.483966438
2241.974121  569.02887  -0.149937982  5.483966438
1085.436279  118.723557  -2.249393732  4.673425188
1688.636475  1112.283936  -1.171642234  6.460014104
1162.662231  550.06604  -2.12097846  5.43441573
1465.329712  567.878052  -1.578815756  5.470637374
2186.072754  403.836426  -0.256983542  5.185110328
679.754578  359.997711  -2.980710892  5.086871857
1782.379761  95.439316  -1.00773544  4.63706583
1461  634.823914  -1.587209643  5.590777136
1206.185425  791.412415  -2.047764445  5.865433144
556.10022  556.662231  -3.214663744  5.434408
767.028564  760.171143  -2.839240795  5.803285091
104.128433  718.014099  -4.056358418  5.71484537
1177.084229  1031.168945  -2.104721679  6.299840741
1545.608276  110.29464  -1.433048717  4.662812309
1246.516113  67.111641  -1.964113571  4.585971827
576.923584  133.200165  -3.153931561  4.683612377
2177.019775  734.383789  -0.271775343  5.781967963
2177.019775  734.383789  -0.271775343  5.781967963
1452.940796  1344.430054  -1.603668421  6.885061481
1578.308716  395.375854  -1.375057497  5.165600499
2207.01001  369.499268  -0.219151051  5.123668403
2077.904541  655.375427  -0.457100849  5.637286328
1099.605103  234.787308  -2.226773037  4.876579646
1977.436401  303.879639  -0.64881527  5.005303351
962.744202  324.127869  -2.472212734  5.030760944
647.289185  589.980347  -3.049670964  5.495891339
51.272854  36.722794  -4.092344934  4.497511437
51.272854  36.722794  -4.092344934  4.497511437
1216.0896  336.987976  -2.02214479  5.058028088
1698.562988  1048.161621  -1.154379467  6.341843402
2216.874512  1267.522095  -0.184839513  6.763034475
2193.607178  134.787964  -0.254730572  4.705122707
1535.786499  1022.888855  -1.452358457  6.292408054
2140.257324  1407.053711  -0.328408581  7.017718584
1187.88147  96.349823  -2.068115172  4.636414749
566.500061  491.282928  -3.192198046  5.317533462
1147.18689  149.310638  -2.141110189  4.727947427
1586.026733  707.713745  -1.36219667  5.722122717
1657.13623  331.224274  -1.233182406  5.052684666
1920.000854  847.872681  -0.749304917  5.981388904
137.930222  76.794792  -3.940331979  4.570119552
1103.708618  514.358643  -2.225599052  5.369963889
1585.40918  243.455032  -1.362622665  4.897580516
1815.436279  1004.324829  -0.938911366  6.265622905
2022.130249  1384.138428  -0.5499266  6.97144211
1677.953735  662.610718  -1.194014933  5.643787928
1649.361938  89.291252  -1.247360216  4.626609783
456.567047  18.38059  -3.364365729  4.479241689
1163.816406  142.674515  -2.111138593  4.716462009
1720.729736  557.032104  -1.114912998  5.455396493
1778.542969  292.201965  -1.012750372  4.984212525
2198.142578  1110.258057  -0.224026986  6.470790893
1453.814453  443.622986  -1.598844486  5.249699517
962.099976  301.359467  -2.472895725  4.990527462
2009.690186  1144.55188  -0.574938264  6.529423715
2035.030762  584.590332  -0.535134799  5.509499642
1167.251587  493.96759  -2.111748584  5.334896813
1167.251587  493.96759  -2.111748584  5.334896813
1111.078003  384.378906  -2.209842264  5.139758257
1111.078003  384.378906  -2.209842264  5.139758257
859.779724  260.010529  -2.653313297  4.915134105
518.561218  268.933807  -3.265884054  4.920990644
587.954834  120.899384  -3.133681833  4.662913392
1804.27478  1284.105835  -0.955156147  6.781540046
783.76947  574.769897  -2.801425304  5.471441577
1587.744751  364.690918  -1.358862715  5.111066706
443.67981  148.193665  -3.394591323  4.705879439
1583.215698  403.002777  -1.366275615  5.179216165
2206.285889  623.318115  -0.217447074  5.581333653
2019.27063  845.112366  -0.565489391  5.979570264
1225.375244  8.0056  -2.000444082  4.483038299
1154.393555  105.756844  -2.127389374  4.652038914
2063.272217  573.928467  -0.482973501  5.490627305
1668.955933  295.905487  -1.211929692  4.990284384
1152.113892  178.82811  -2.133084297  4.779451285
1408.819336  539.453491  -1.679187405  5.419694398
1612.453491  264.621124  -1.313596324  4.934898414
2031.481934  720.291321  -0.542803696  5.753890759
923.756409  526.332031  -2.547991714  5.387482973
2062.247314  589.811707  -0.484700478  5.51916153
2157.806396  889.127686  -0.304911897  6.063660015
1726.441162  467.881012  -1.106505111  5.295780128
1603.034424  1343.007935  -1.326082156  6.887604388
1972.525024  241.209442  -0.659758122  4.894165807
1972.525024  241.209442  -0.659758122  4.894165807
459.493408  539.61731  -3.388157409  5.400913531
1540.925903  260.942688  -1.441906598  4.927827912
1540.925903  260.942688  -1.441906598  4.927827912
1213.966431  736.926697  -2.032610649  5.768655472
1417.04541  389.390564  -1.664483603  5.15278478
1417.04541  389.390564  -1.664483603  5.15278478
1463.041992  932.46991  -1.584514679  6.126274
630.275574  591.830261  -3.080771545  5.498713678
1690.28125  1302.7146  -1.165960311  6.813203405
1644.65564  267.339691  -1.255582105  4.939223832
1402.157959  713.873413  -1.693597211  5.730840646
833.598022  280.308105  -2.70064266  4.949944326
88.694489  206.664948  -4.039909639  4.796737272
1620.374756  1249.453735  -1.294163586  6.714171409
1420.855225  1126.152466  -1.661879638  6.479738341
2056.781982  1417.283569  -0.483397495  7.035257591
1984.721069  140.720413  -0.639505395  4.716322093
1294.936646  506.574371  -1.883496656  5.359216354
1111.586426  323.085693  -2.207486296  5.031698794
2231.810059  546.607422  -0.166344762  5.443721498
1535.947754  953.996582  -1.451842464  6.166993645
1473.819214  327.995605  -1.562214979  5.04535782
1126.247803  108.346024  -2.177253703  4.656333966
2012.08728  276.565826  -0.58410214  4.956776149
494.818573  339.723694  -3.311058447  5.045274682
1505.03479  369.577698  -1.506594727  5.119235964
1165.927979  589.842407  -2.115909528  5.505358118
1860.546875  12.102307  -0.869600299  4.491686988
1726.89624  1066.187378  -1.102218169  6.375512084
1019.490356  97.114037  -2.365641168  4.634309334
1196.627197  706.400085  -2.063217237  5.713799263
2195.973389  323.788757  -0.241732747  5.04165092
234.263092  73.044006  -3.766476318  4.56687571
2176.251953  405.448822  -0.274868301  5.187904337
611.487061  34.190479  -3.087890449  4.512287169
611.487061  34.190479  -3.087890449  4.512287169
1334.086426  492.084167  -1.814252588  5.334070015
2004.557861  394.768005  -0.596071979  5.167992618
623.999023  412.902435  -3.083795505  5.179243277
1168.898315  113.794823  -2.101878717  4.666333479
1479.312622  579.036438  -1.553439097  5.491061154
1485.737793  457.651459  -1.541662255  5.274978376
2027.637573  574.905273  -0.549053612  5.491908189
993.320374  292.341003  -2.416819479  4.975447559
1118.450317  575.1521  -2.200660388  5.478273675
60.301895  666.695557  -4.133753376  5.619933184
1715.646729  674.761047  -1.127101834  5.664841679
787.126282  536.463623  -2.794071403  5.403045336
2227.617432  1044.467529  -0.170965699  6.349770869
345.978729  108.163712  -3.567653994  4.632238237
2007.554565  1156.481812  -0.578841211  6.551261042
1978.702759  789.312927  -0.641873363  5.876641024
1453.501953  344.185364  -1.599208481  5.073832205
915.097229  500.65274  -2.563139511  5.342126299
1443.411011  724.728516  -1.619418209  5.750999433
1533.275879  299.916901  -1.456176406  4.996182687
1388.440308  1298.03772  -1.722506822  6.795907878
1407.903687  638.166687  -1.68252336  5.595168865
1407.903687  638.166687  -1.68252336  5.595168865
1407.903687  638.166687  -1.68252336  5.595168865
1220.841309  660.99823  -2.018993833  5.632507361
2177.767578  309.321655  -0.276159284  5.015654159
1715.260864  607.162598  -1.125264858  5.54524302
1715.260864  607.162598  -1.125264858  5.54524302
1114.4552  366.213379  -2.203165354  5.107776513
82.092773  22.659575  -4.037143676  4.474107406
1569.783813  22.599298  -1.389848298  4.509827719
755.920532  484.848022  -2.848728668  5.310554514
755.920532  484.848022  -2.848728668  5.310554514
1970.011719  292.136871  -0.663050078  4.984577286
2224.908203  176.371536  -0.195034376  4.778833886
1513.226318  459.770813  -1.492112922  5.279315186
1239.80542  807.296997  -1.987444257  5.895352078
1676.631592  566.018799  -1.195491914  5.471021755
1378.101074  103.076447  -1.7315937  4.649656818
2017.297852  266.813141  -0.577197233  4.939690176
17.877279  519.503601  -4.19963149  5.35251909
1844.439453  563.392883  -0.887584057  5.468899928
1048.502197  188.026917  -2.31641383  4.793793573
861.059021  22.840849  -2.643879424  4.500235033
1672.160034  1098.123047  -1.200907841  6.434451068
1098.054199  595.173523  -2.237870887  5.513432226
1098.054199  595.173523  -2.237870887  5.513432226
566.259949  394.282745  -3.186155127  5.144493089
1013.173462  249.106522  -2.380057974  4.899590314
2143.871338  541.304382  -0.330597551  5.433169056
1113.140015  472.529358  -2.207757293  5.295500559
1113.140015  472.529358  -2.207757293  5.295500559
1842.500977  517.302551  -0.892302993  5.385799554
1420.588867  78.558441  -1.655660722  4.607359066
1131.650146  291.445984  -2.171319783  4.976559636
2060.520264  840.88739  -0.488149431  5.972641303
1444.04248  489.344086  -1.616521248  5.330752678
2117.480957  287.678345  -0.387729783  4.97664057
1173.183716  587.020569  -2.102824704  5.500695486
1526.124756  677.349731  -1.470795209  5.666380018
1148.423462  456.399933  -2.144616142  5.267756275
1156.158081  476.301971  -2.131117324  5.302968399
1561.815308  122.79171  -1.404108106  4.684762828
409.179749  430.768005  -3.473053267  5.204877238
1459.943726  15.842731  -1.584928673  4.497676131
1459.943726  15.842731  -1.584850674  4.497817978
1151.047607  536.453308  -2.141558183  5.409953629
2034.987061  374.830597  -0.540064733  5.132087631
527.207581  393.61676  -3.256991174  5.14220407
1666.78418  274.863251  -1.216443632  4.952848106
403.21759  429.955566  -3.483166131  5.202974251
600.849792  753.939636  -3.14058774  5.788956416
1207.252686  124.7575  -2.034462624  4.6859263
1655.215942  294.264526  -1.236972355  4.987516233
469.862854  378.277618  -3.3591228  5.113244664
1456.557617  666.289856  -1.595205535  5.646129395
1635.140015  266.159271  -1.27305187  4.937905217
1955.58667  297.437378  -0.690477709  4.993805156
2118.639893  178.723557  -0.389789755  4.782819343
1459.016602  715.340637  -1.591319587  5.733887142
1955.36377  1495.404297  -0.670938972  7.179979381
1547.375854  1431.552612  -1.428947772  7.05121231
87.33271  107.705589  -4.033298728  4.622435236
1775.241699  315.520813  -1.018636293  5.025486801
1640.39917  520.836975  -1.261325028  5.389856479
81.007423  646.757935  -4.093849913  5.584859125
632.789429  219.482147  -3.058269848  4.837187356
286.678345  23.417688  -3.667728647  4.482252781
286.678345  23.417688  -3.667728647  4.482252781
1924.669922  663.281128  -0.74093703  5.648968393
1924.669922  663.281128  -0.74093703  5.648968393
1716.421753  695.513062  -1.123826878  5.703021291
1161.088989  497.503723  -2.122806436  5.341000055
1657.38916  393.172028  -1.231975423  5.162508169
1722.958008  332.506287  -1.114390005  5.055794703
1440.178101  585.09552  -1.62383115  5.501063776
302.259033  61.455799  -3.643574972  4.548842308
2229.463135  509.843597  -0.17242168  5.376927563
2078.087646  321.473938  -0.460227807  5.037031147
1120.188477  658.698669  -2.199128409  5.626886717
1474.916504  908.43042  -1.561957982  6.085030939
1838.325562  481.874695  -0.900429884  5.322374459
1163.428467  149.288742  -2.11204558  4.728127748
663.759888  302.568756  -3.006526544  4.984801899
1637.217896  582.351318  -1.267196949  5.499366018
1401.394653  595.977905  -1.693905207  5.519974678
1651.178955  1102.683228  -1.2410673  6.440673458
1649.823364  426.956482  -1.245213244  5.22261981
1190.105469  1054.966309  -2.08163099  6.342896701
2001.752441  484.384918  -0.599792929  5.328309462
2001.752441  484.384918  -0.599792929  5.328309462
1388.120239  27.916265  -1.712838952  4.518680686
1411.664917  889.646851  -1.677735424  6.047058471
1742.765137  172.295807  -1.07836049  4.772266842
2114.350586  1049.918335  -0.383515839  6.356453336
1498.505615  652.401489  -1.519298556  5.622322858
1338.893921  489.243805  -1.804877714  5.329173755
2207.329834  1254.916504  -0.203100267  6.73900328
2028.034546  1060.877197  -0.543347689  6.37490922
2028.034546  1060.877197  -0.543347689  6.37490922
2202.153076  269.674377  -0.233238862  4.944789255
1231.138916  65.610512  -1.991301205  4.583295625
1605.098755  1234.351563  -1.322743201  6.686042013
2036.993042  551.299866  -0.53209684  5.449472548
1208.741089  574.585876  -2.038842565  5.479154108
291.308868  61.017174  -3.663710701  4.547713911
1589.847168  943.029541  -1.354345776  6.147319269
1657.210327  624.538452  -1.231681427  5.574567471
1657.210327  624.538452  -1.231681427  5.574567471
1473.513672  531.434448  -1.563210966  5.405851377
1174.643921  317.450775  -2.095380805  5.02291877
1451.762207  522.922913  -1.602341439  5.390779653
1108.518066  488.903595  -2.216511175  5.324744639
2059.045654  1357.657349  -0.481520521  6.923096565
1438.081665  728.936157  -1.628973081  5.758312974
1625.200195  778.942444  -1.290416636  5.851293351
299.342804  608.281372  -3.686993388  5.520535427
1203.867554  666.645508  -2.049487422  5.642659918
23.056211  615.296082  -4.199579491  5.526312769
2189.533203  565.252197  -0.247563669  5.476629203
1038.255981  204.177475  -2.334496587  4.821860655
2214.706299  1273.984375  -0.188964457  6.77483565
2079.595703  1273.832397  -0.443897027  6.768789982
61.077549  589.763428  -4.125214491  5.480795473
1817.953857  159.379913  -0.942529317  4.749191574
1689.379761  574.867859  -1.172204227  5.487066339
891.039001  298.744446  -2.598950029  4.984228329
1519.995239  347.630951  -1.479739089  5.080578422
2064.474609  559.251099  -0.48085653  5.464042627
1160.59729  486.679138  -2.123574425  5.321729922
1737.170044  138.089676  -1.088409354  4.712002363
1580.516113  807.37738  -1.370859554  5.902190348
1462.848145  188.146622  -1.58068173  4.798733742
1168.035889  791.240845  -2.116275523  5.865103997
1168.035889  791.240845  -2.116275523  5.865103997
1647.408081  22.092966  -1.250669171  4.50876609
596.277527  428.740753  -3.13464782  5.206433767
1152.723022  361.773224  -2.135231268  5.10062846
2198.946777  621.777344  -0.230719895  5.578513626
2198.946777  621.777344  -0.230719895  5.578513626
619.645691  478.58493  -3.095203351  5.296241472
1891.059448  1108.724854  -0.796291285  6.460052025
54.963207  534.229187  -4.131605405  5.38030372
1202.787964  356.315582  -2.046054468  5.091708429
1060.138672  41.971256  -2.291625164  4.537962688
489.767426  480.424988  -3.329963192  5.295885726
2164.627686  211.648758  -0.304008909  4.841330849
1724.064209  462.791992  -1.110046063  5.287077501
1704.326416  727.503662  -1.146173577  5.760328745
1704.326416  727.503662  -1.146173577  5.760328745
1116.743164  146.35405  -2.194714468  4.722312611
62.412258  366.510437  -4.102169801  5.079430531
615.720154  685.517212  -3.110577144  5.666122588
1593.108765  550.490051  -1.346569881  5.442323809
1119.811646  412.780975  -2.195128462  5.190494488
2128.480713  476.060211  -0.36190113  5.314941753
1098.160645  122.710388  -2.227148032  4.680846189
1902.01001  465.762115  -0.784454444  5.294101563
1967.513306  603.016541  -0.659815122  5.541864198
1993.658936  50.66095  -0.626790566  4.558183809
1507.90686  599.587769  -1.501679793  5.528131451
1089.720703  591.255005  -2.252492691  5.506360256
1620.216797  293.578766  -1.300043507  4.985964685
591.95459  503.073853  -3.146511661  5.339101344
1141.177734  557.829712  -2.159838937  5.447897805
1421.734863  283.954132  -1.65506073  4.967270373
1100.00769  300.307922  -2.227819023  4.991521005
2113.394287  1086.083008  -0.384044832  6.423004091
1171.515991  670.617432  -2.107942636  5.648731125
1730.025635  322.837402  -1.10210217  5.038308715
1823.672729  1241.296997  -0.919489627  6.703485216
2117.891113  567.25647  -0.380312883  5.479499959
1499.10498  584.557861  -1.517458581  5.50140498
1687.473511  529.277832  -1.174632194  5.405564899
1552.020264  485.615997  -1.421553872  5.325675704
547.666626  400.699188  -3.218898687  5.155305973
1157.980835  239.860397  -2.123852422  4.886375346
252.199188  465.950317  -3.761971379  5.263247945
2009.833496  1206.018433  -0.574037276  6.642536152
1468.650635  336.331573  -1.571469854  5.059805239
901.184448  648.862915  -2.592554115  5.605805056
1166.77356  503.519623  -2.11279157  5.351757582
336.027496  669.345886  -3.622861251  5.631163993
1784.894775  818.022827  -0.997499578  5.92570108
1185.296875  361.098907  -2.077197049  5.09998434
2104.581543  686.370178  -0.407647515  5.693366181
2122.655029  1081.244019  -0.366992062  6.41453495
1607.135864  1041.785522  -1.321956212  6.328334745
1576.722168  408.208466  -1.377693462  5.189043163
888.625671  262.920105  -2.602188985  4.921187229
1576.025513  486.622711  -1.378507451  5.327701545
885.118286  648.733093  -2.621848721  5.605640105
1189.958008  4.01978  -2.062788243  4.475561366
1390.461426  591.330872  -1.713510943  5.511463698
379.715485  97.59951  -3.506610815  4.614830152
2116.373291  150.333008  -0.395073684  4.732485864
1459.042236  10.099662  -1.586583651  4.48827356
1746.512573  615.096191  -1.068306625  5.559700479
832.102356  280.853577  -2.703842617  4.951204904
68.972076  743.527344  -4.124617499  5.760812798
93.077362  622.856689  -4.06879725  5.541644581
2197.66626  368.992828  -0.236659816  5.122741566
1096.082153  575.793152  -2.24063385  5.479357867
975.346252  315.651428  -2.44943804  5.015978451
292.436951  263.960815  -3.675211547  4.904713245
2223.232422  248.749588  -0.195623368  4.907798301
1755.400024  332.261505  -1.054427812  5.055017746
939.579346  174.278305  -2.50890224  4.767200142
1266.346802  28.088629  -1.928393052  4.518539377
1490.674438  41.510666  -1.530591404  4.54255921
1490.674438  41.510666  -1.530591404  4.54255921
1249.068359  387.580627  -1.964142571  5.147915232
552.89032  430.820526  -3.213007766  5.209144677
1151.666626  565.42865  -2.14109519  5.461572157
1151.666626  565.42865  -2.14109519  5.461572157
1397.879761  720.225891  -1.701389106  5.742001707
2027.699341  1078.091431  -0.543027693  6.407033907
1027.249023  245.145432  -2.355263308  4.893491885
1027.249023  245.145432  -2.355263308  4.893491885
46.685562  131.056732  -4.108666714  4.662392927
85.84713  533.132507  -4.074181178  5.379158597
1154.671509  560.060547  -2.135502265  5.452497058
1176.118042  191.430328  -2.09049687  4.801894892
1348.974854  1347.346558  -1.795419841  6.886903494
989.670532  230.999786  -2.421538416  4.86787759
1616.827026  1161.892334  -1.30199548  6.551099204
1099.592529  423.181335  -2.230860982  5.208121865
116.423134  354.606812  -4.00269014  5.059880662
781.802063  560.786804  -2.804252266  5.44582772
1420.263306  54.836994  -1.656023717  4.565804526
547.917358  265.300476  -3.213156764  4.915478568
547.917358  265.300476  -3.213156764  4.915478568
1008.116699  504.778076  -2.396483753  5.351104402
107.019623  541.044067  -4.035018705  5.393895661
1585.761719  1382.992188  -1.357886728  6.961792401
1041.974976  312.225769  -2.331102633  5.011875962
1526.282715  505.605499  -1.468199244  5.360850971
1488.163452  485.277649  -1.537340314  5.324621294
561.096985  487.691284  -3.201816917  5.310979621
561.096985  487.691284  -3.201816917  5.310979621
1709.941895  699.477905  -1.135778717  5.709898979
2109.189453  144.994751  -0.408935497  4.723125505
1563.745361  1004.029419  -1.402002135  6.257449699
1258.793579  846.878235  -1.953601712  5.967359545
1591.617188  258.946167  -1.351306817  4.924625722
2124.158203  331.275787  -0.374136966  5.054713605
2130.093506  556.812866  -0.357358191  5.460822036
2130.093506  556.812866  -0.357358191  5.460822036
1716.290894  361.756195  -1.125946849  5.107212388
98.04705  250.910873  -4.026556819  4.875277171
1504.356079  655.286926  -1.508785698  5.627563609
2005.829346  303.708313  -0.59598998  5.005210094
1443.841431  354.906311  -1.616061254  5.092591977
2036.827881  1311.092651  -0.523557955  6.836446962
2036.827881  1311.092651  -0.523557955  6.836446962
313.375153  503.279602  -3.652384854  5.331703161
1754.901611  297.839294  -1.055943791  4.994070396
1429.012207  1328.430298  -1.647895826  6.85447498
1053.619629  349.388336  -2.311408898  5.076996285
1034.740723  113.916214  -2.338828529  4.663934081
1588.994019  1187.577759  -1.352730798  6.598581823
1505.153198  351.161957  -1.506473729  5.08642882
1107.046631  503.801514  -2.219479135  5.351167848
1986.866577  166.11879  -0.635749445  4.761333799
2006.515503  285.698761  -0.59529099  4.973114786
1448.273315  732.813049  -1.610789325  5.765404611
1707.885742  1401.026611  -1.132745758  6.996586428
1976.455566  66.299408  -0.657962146  4.585966347
1902.544678  493.886932  -0.782019477  5.344240683
2087.962891  289.858276  -0.443131037  4.980172175
840.563477  705.258728  -2.70363662  5.705558474
400.932159  464.813049  -3.489690043  5.265325548
400.932159  464.813049  -3.489690043  5.265325548
1471.575684  950.783691  -1.569223885  6.159577845
1471.575684  950.783691  -1.569223885  6.159577845
2046.818115  516.679382  -0.514325079  5.387245862
1913.384521  1350.886841  -0.752305877  6.907776529
1733.860596  326.479401  -1.093857281  5.044699655
2152.460205  559.777527  -0.316121746  5.466915896
1674.545166  116.535355  -1.201891827  4.67400871
831.759399  16.912424  -2.69544173  4.489122591
1145.974731  473.487091  -2.149317079  5.29802303
1600.254883  298.177826  -1.336085022  4.993884844
862.843567  204.240967  -2.645923397  4.817486413
2025.293823  497.186554  -0.55591052  5.351489366
462.188965  239.461624  -3.3665567  4.867085809
2000.439819  7.082253  -0.616398706  4.482144546
1711.476074  261.612183  -1.134691732  4.929822984
1558.203247  357.263702  -1.41126901  5.098219099
2096.205566  428.297302  -0.423473302  5.228664321
2124.058105  174.561218  -0.379947887  4.775384518
1766.671509  411.13913  -1.032881102  5.195346662
2159.671875  532.041016  -0.30250293  5.416454869
1609.143921  11.335159  -1.31914825  4.490012681
1688.938721  950.825012  -1.173571208  6.163388549
2183.300781  282.411926  -0.267188405  4.967488781
2155.00708  1056.673218  -0.306844871  6.370279787
2181.62793  767.161316  -0.262136473  5.841791021
2029.820923  568.626953  -0.54475667  5.480852711
2058.366699  448.241089  -0.493723356  5.264222023
2045.531494  1425.946533  -0.504829207  7.050825002
1610.427368  654.856262  -1.317362274  5.628018787
113.455978  635.645508  -4.031620751  5.565171714
2172.043701  276.730316  -0.288010125  4.957384136
2112.669678  851.405762  -0.389355761  5.993693977
