425.452515  1118.35498  -5.429893936  7.737109741
425.452515  1118.35498  -5.429893936  7.737109741
873.587219  1252.048706  -4.616146885  8.001427801
322.18158  1172.130981  -5.621753354  7.831733571
469.567383  850.153687  -5.335071212  7.249654138
963.925903  838.348511  -4.433893338  7.246626149
118.198151  1280.389038  -6.000969251  8.022689265
414.075104  1137.545166  -5.452392633  7.772089117
276.862  1317.964966  -5.712329135  8.095965416
977.333191  1085.334839  -4.418270548  7.698982743
1002.451538  839.664246  -4.36315529  7.250474135
293.669342  1361.208862  -5.685259499  8.177755723
980.188843  1326.713745  -4.422240495  8.147016528
791.825867  1379.477295  -4.772646779  8.235119143
559.413818  1488.110229  -5.208271918  8.432539305
832.704834  1106.346313  -4.685351954  7.732559174
1035.11438  824.736633  -4.302258109  7.225164701
765.103577  854.807495  -4.798683429  7.269836835
894.029419  1027.025391  -4.569028519  7.588634106
995.03479  1077.378052  -4.38543399  7.685221492
205.351654  1038.86792  -5.826034605  7.583584187
856.881165  1254.786743  -4.646819473  8.009198229
954.406128  1204.022705  -4.464389927  7.91765285
912.179077  1114.919434  -4.538710927  7.752936569
836.907593  1135.144775  -4.678596045  7.78625478
278.74942  970.770142  -5.68815346  7.462099096
198.920242  1426.185059  -5.863226105  8.294435113
299.795868  1186.75647  -5.663512792  7.857656951
577.564026  1452.705933  -5.172664397  8.365808199
127.833931  1257.004272  -5.981632511  7.979964018
577.272339  1411.895752  -5.170148431  8.287081624
1063.30127  832.182129  -4.2508858  7.239180042
397.850769  1444.580322  -5.501167977  8.339515698
438.668793  1186.50647  -5.409644208  7.862514452
485.505066  1456.1604  -5.341994118  8.364904817
1017.003784  1260.745605  -4.351182451  8.028009203
541.054504  1168.190186  -5.222585725  7.834132024
410.883301  948.514587  -5.446451713  7.42600427
410.883301  948.514587  -5.446451713  7.42600427
1012.104309  1345.898315  -4.363367287  8.187888113
827.144104  1199.978394  -4.699483764  7.90570398
432.966919  853.243103  -5.399230348  7.2552544
872.245544  1197.410034  -4.616642879  7.904157804
786.076416  1049.126343  -4.768021842  7.625481752
1017.522888  931.907104  -4.338506621  7.420097547
291.779663  1354.086426  -5.688303458  8.164015755
995.763489  1145.733643  -4.386344978  7.812050043
188.457672  1455.346802  -5.885590804  8.349128453
247.764694  1334.506592  -5.767109398  8.126003488
691.343567  979.382568  -4.938021554  7.495332656
956.75824  1180.12854  -4.459511993  7.872915689
828.847473  1342.880249  -4.702853719  8.169770708
289.308289  1276.576538  -5.687698467  8.020874149
379.05777  1009.581177  -5.508573877  7.536439733
338.874359  838.919006  -5.571440031  7.224837074
984.111084  1039.09314  -4.403909741  7.614664285
1019.217407  1267.588989  -4.347290503  8.041234935
837.530518  822.709412  -4.664751231  7.213826485
491.524719  1111.557007  -5.308784565  7.726834115
919.642334  1200.987183  -4.528585064  7.909874547
840.307617  1111.221191  -4.671627139  7.742060936
280.709412  1215.922363  -5.699641306  7.909904472
407.87439  890.879517  -5.448291688  7.321137968
1001.547119  1147.121094  -4.375796119  7.815080106
313.220062  1265.239502  -5.643197065  8.001413578
386.583191  1483.339111  -5.525574648  8.411810539
820.980225  1238.054321  -4.71244759  7.976011577
966.728638  1077.502808  -4.436901297  7.683897167
966.728638  1077.502808  -4.436901297  7.683897167
462.474121  1156.40979  -5.365128807  7.808399018
393.181976  830.437927  -5.472410364  7.21136089
846.158569  1242.80957  -4.666269211  7.985408584
846.158569  1242.80957  -4.666269211  7.985408584
569.189453  1164.766479  -5.170606425  7.828823288
271.896576  950.892822  -5.699111313  7.425225283
833.101074  1030.161133  -4.681039012  7.592460055
263.271851  879.08844  -5.711749143  7.295613644
422.494324  1137.34668  -5.436786843  7.771614811
201.744415  1415.621948  -5.856349197  8.275676372
1554.852417  1187.137817  -3.338229081  7.923021539
775.625122  879.339417  -4.779837683  7.314593485
1424.187744  1237.22522  -3.587794723  8.007449362
1511.758301  1310.769653  -3.417493014  8.158423526
1946.138062  870.752747  -2.573878366  7.344974522
1946.138062  870.752747  -2.573878366  7.344974522
188.968704  858.800232  -5.844910351  7.255997326
156.850693  1316.187622  -5.932642171  8.090438061
883.078003  1051.190186  -4.59051623  7.633161724
864.714233  1437.733521  -4.642272534  8.35113049
272.930603  1381.20166  -5.723770981  8.212703061
272.930603  1381.20166  -5.723770981  8.212703061
945.43512  923.577454  -4.470744842  7.401693996
825.425415  1128.230347  -4.699631762  7.773624073
1754.495239  1257.94812  -2.953091263  8.067203648
445.221375  1019.762085  -5.389245483  7.557740149
1033.570801  1283.780518  -4.321753847  8.073501981
2099.681641  1240.511108  -2.26811248  8.060501776
1068.32605  898.659912  -4.243797896  7.361792046
1443.870972  1166.300781  -3.548118257  7.876829387
1565.420288  1366.712036  -3.319038339  8.263349728
1177.547607  1237.738281  -4.050866492  7.99512754
2095.5  900.98468  -2.276589366  7.409082692
951.194031  1150.574707  -4.46936786  7.818928508
1968.556274  883.810486  -2.530184954  7.37073952
2040.9729  1263.884766  -2.382493941  8.10408178
2040.9729  1263.884766  -2.382493941  8.10408178
1642.398804  1396.152344  -3.170777334  8.325125825
797.613953  1286.875977  -4.757936977  8.065577594
1363.515869  1365.124756  -3.704629151  8.24842954
2082.345703  1190.085693  -2.303740001  7.96174742
1013.383972  1460.979858  -4.365663256  8.404323814
297.608765  1121.990356  -5.663480792  7.739618874
1036.935913  914.817322  -4.30218811  7.390444211
1320.878052  1338.341431  -3.784461076  8.192596738
79.948402  1243.061646  -6.06568538  7.950367843
874.03772  1088.303589  -4.608217992  7.701218875
1986.086792  1101.532227  -2.49557342  7.785636163
1025.916626  1016.859802  -4.326188787  7.575603924
1062.037964  1415.630859  -4.272842505  8.324986148
430.819214  1103.995728  -5.41914708  7.710360387
942.698242  1032.540283  -4.47982372  7.60080505
942.698242  1032.540283  -4.47982372  7.60080505
1025.782959  1134.823853  -4.330217733  7.793355989
950.752319  1147.0354  -4.469822854  7.811360105
763.977783  1209.097168  -4.816351191  7.919584606
828.40686  1290.144409  -4.701105742  8.072376692
1922.33252  1027.343262  -2.620222742  7.641917611
891.042419  1121.77478  -4.578504392  7.763642484
471.55661  1136.123535  -5.346931052  7.771674185
1885.50647  1107.557617  -2.693591755  7.791874733
825.241943  1075.4198  -4.694934825  7.670387401
2070.654785  1238.709839  -2.327136686  8.054466176
1363.259521  1245.433472  -3.70318917  8.018378587
904.758606  1153.112183  -4.554350717  7.823185278
1302.963013  1112.180054  -3.81316369  7.767533058
1086.84668  836.164856  -4.205527411  7.24946157
207.692413  1342.123413  -5.8412484  8.139216352
1038.972046  1275.669434  -4.311011991  8.057756098
1515.46167  838.778931  -3.4036612  7.270013564
634.918396  869.66156  -5.036130234  7.292155123
1256.355469  1263.180054  -3.90462146  8.046444204
1102.865967  893.956909  -4.179830756  7.353567715
227.765884  1014.631409  -5.783176182  7.539808134
1035.054443  1248.538086  -4.317623902  8.006094205
159.722061  1278.581177  -5.925072273  8.020575776
859.20929  910.921875  -4.628255722  7.374718275
859.20929  910.921875  -4.628255722  7.374718275
1846.508667  1426.171509  -2.772366695  8.398225208
995.058594  1325.727295  -4.394091873  8.1501998
308.008057  1318.718628  -5.656184891  8.099612436
1645.693726  1478.28125  -3.162977439  8.486762636
1595.369385  1346.791992  -3.260539126  8.228373922
1087.976196  1361.185181  -4.223000176  8.220612058
792.20697  873.8396  -4.751270067  7.305470428
792.20697  873.8396  -4.751270067  7.305470428
1884.151001  848.707825  -2.696076722  7.300759866
2055.795166  1099.281006  -2.356659289  7.785879032
1938.046265  1186.911255  -2.59217212  7.944873548
538.454895  1115.495361  -5.223458713  7.73626972
238.337677  920.47583  -5.759604499  7.369600756
522.140869  1286.55249  -5.264529161  8.052430077
259.567261  1333.345947  -5.745641687  8.124541304
842.795227  1207.665039  -4.670988147  7.920561482
324.799225  1376.072998  -5.630315239  8.207612191
353.935791  1077.153687  -5.557609217  7.65880685
511.910675  1325.018188  -5.286013872  8.124166079
2091.96167  1473.045288  -2.284393261  8.509272135
563.519958  1196.79895  -5.183246254  7.888266571
342.967255  1070.781982  -5.577868944  7.647114841
551.730286  930.404663  -5.189725167  7.399031981
371.029083  1134.758179  -5.53064158  7.765620148
1549.849731  1094.467041  -3.345382985  7.747243818
804.210693  1226.636841  -4.740591211  7.951800419
1394.278931  1156.718506  -3.642567986  7.854544009
429.611023  914.744507  -5.410094202  7.364937301
1868.59082  895.845642  -2.727013305  7.389014402
1481.136475  1113.56958  -3.476763217  7.779305968
1500.869873  841.116821  -3.43265381  7.273458937
912.297058  1147.071167  -4.540396905  7.810978557
188.032669  1098.769653  -5.859976148  7.690776356
871.35199  1160.438843  -4.616255884  7.83417236
62.184959  1248.404663  -6.097950946  7.959053268
1846.917725  829.613647  -2.768597746  7.263566173
1846.917725  829.613647  -2.768597746  7.263566173
1901.466797  1343.558594  -2.663124165  8.243965433
1926.655762  930.100464  -2.613846828  7.456228444
900.40802  1095.091431  -4.559999641  7.714505348
900.40802  1095.091431  -4.559999641  7.714505348
995.098328  1461.595337  -4.399627799  8.405291156
995.098328  1461.595337  -4.399627799  8.405291156
453.281647  1303.276978  -5.392834434  8.081677042
1418.032837  1176.523926  -3.598031585  7.893239516
578.303223  1412.199585  -5.168859448  8.287182365
894.991516  1478.245483  -4.586636282  8.428711344
315.705841  1165.467773  -5.633351198  7.819599754
1013.843323  1405.954468  -4.362541298  8.300860513
1013.843323  1405.954468  -4.362541298  8.300860513
2016.394653  1104.916016  -2.436583213  7.793617739
1915.083374  1154.09668  -2.635765533  7.88236663
232.12291  1397.573364  -5.799916957  8.242104497
1124.273682  880.450012  -4.139842294  7.329512922
1124.273682  880.450012  -4.139842294  7.329512922
991.306458  1036.230225  -4.390429923  7.609456141
957.633057  1163.358887  -4.457342022  7.841807029
957.633057  1163.358887  -4.457342022  7.841807029
1024.822876  1047.301636  -4.329022749  7.631306598
2128.759766  851.884583  -2.211293245  7.316505518
983.634888  1341.975952  -4.416220576  8.177602563
1923.945068  913.728149  -2.62043574  7.42415937
1923.945068  913.728149  -2.62043574  7.42415937
830.005371  1237.339478  -4.695681815  7.974809995
871.663208  1127.935669  -4.614104913  7.77476388
1012.104309  1345.898315  -4.363551284  8.187779029
22.023027  1380.848145  -6.182840804  8.20359599
1062.766724  933.812683  -4.255048744  7.425542439
1592.188477  854.733765  -3.258528153  7.302526405
263.361023  1230.164185  -5.730398892  7.933088895
2129.047363  1169.574829  -2.210095261  7.925378693
1591.325195  1251.481323  -3.268540019  8.045012215
335.469818  1006.333618  -5.586922823  7.528586356
1353.770142  1411.281738  -3.723378898  8.334887681
1824.62854  1327.008057  -2.814641126  8.207234788
142.876678  1334.227905  -5.959618808  8.122741359
318.840515  1328.431274  -5.637477142  8.118708042
1609.415283  937.348267  -3.226670582  7.457863082
1609.415283  937.348267  -3.226670582  7.457863082
865.929321  941.430908  -4.617094873  7.430778433
1938.438599  1126.114136  -2.589725153  7.830310445
1018.654968  1350.994263  -4.351439447  8.197489245
1018.654968  1350.994263  -4.351439447  8.197489245
620.493286  1099.2948  -5.073376733  7.710501928
1042.826294  1311.414307  -4.305046072  8.123569318
418.000214  1087.670288  -5.441696777  7.680186113
868.799622  1392.964233  -4.630529692  8.264179337
1811.849487  1401.249512  -2.840240782  8.347134305
1959.991333  949.723938  -2.547614719  7.494898652
1959.991333  949.723938  -2.547614719  7.494898652
1122.586182  1442.897095  -4.160505016  8.37849753
1027.382446  1223.955811  -4.330803725  7.958767166
804.598694  1222.925537  -4.742185189  7.948626284
1881.587524  1395.479126  -2.703818618  8.341323314
139.818069  978.510193  -5.940468065  7.47117275
2088.907471  814.016968  -2.292771149  7.242276675
958.7005  1191.379272  -4.455902042  7.895239372
958.7005  1191.379272  -4.455902042  7.895239372
2008.195557  896.658264  -2.452162004  7.396387891
2008.195557  896.658264  -2.452162004  7.396387891
949.204529  1161.786011  -4.472825814  7.839680458
1653.540161  1188.033325  -3.148178638  7.928575001
874.87854  1465.574951  -4.62324179  8.402884028
1357.939941  929.234131  -3.702980173  7.431214184
770.809998  929.281067  -4.790675537  7.405246087
334.976654  966.740601  -5.583022875  7.454789525
1508.0625  836.787109  -3.419061993  7.265578361
978.58667  1092.614502  -4.416191576  7.712641574
1949.017456  1062.099854  -2.570356413  7.707737196
1109.524658  1037.256592  -4.172223859  7.617221026
1536.623535  1339.197388  -3.373103612  8.210375527
1536.623535  1339.197388  -3.373103612  8.210375527
1536.623535  1339.197388  -3.373103612  8.210375527
761.184021  1018.071167  -4.812118248  7.567559089
771.494629  1107.299072  -4.797649443  7.731435408
522.685425  1367.874023  -5.267722118  8.202543498
522.685425  1367.874023  -5.267722118  8.202543498
909.3396  1093.581055  -4.543507863  7.711894397
2126.924072  918.159241  -2.214800198  7.443077433
2126.924072  918.159241  -2.214800198  7.443077433
1010.140198  892.025818  -4.350856455  7.34675997
464.802643  1316.45166  -5.371493721  8.105812732
1246.578491  1265.813965  -3.922619217  8.050405073
260.42569  1119.979126  -5.731137882  7.733770224
1045.135376  905.91394  -4.28654832  7.373709737
1086.453857  947.054565  -4.211845326  7.450649427
1560.963135  1120.199463  -3.324009272  7.79661394
1024.047241  1067.200562  -4.331351718  7.668173456
289.744202  1065.518555  -5.674168649  7.635100838
914.340149  1035.06958  -4.53180802  7.604633203
920.124939  1108.975586  -4.524330121  7.740488909
445.086761  1096.379761  -5.392977432  7.697490568
445.086761  1096.379761  -5.392977432  7.697490568
1040.243652  1174.118774  -4.304969073  7.866372591
519.778625  1339.483398  -5.271837062  8.150955077
987.337524  1159.330078  -4.402582759  7.837061104
2113.919678  1124.022095  -2.241033845  7.83654065
223.821396  846.994568  -5.781709202  7.23618934
1880.785645  1045.725952  -2.702797631  7.673821276
2061.770508  1100.712646  -2.34469245  7.789058224
1113.122803  1074.310791  -4.16694593  7.68575184
563.708862  1038.776245  -5.173620384  7.596887985
401.545166  1040.514648  -5.468791412  7.593263383
1061.697388  927.067627  -4.257124716  7.413164065
1224.094727  1482.958984  -3.970899568  8.459834402
331.184509  1356.845581  -5.616942419  8.172434848
783.651489  1106.835083  -4.775372743  7.732395305
2141.859619  1336.50061  -2.183760615  8.248793695
1802.322632  1419.828369  -2.858696534  8.383205571
1802.322632  1419.828369  -2.858696534  8.383205571
1723.084473  1340.013672  -3.01207747  8.224895761
1662.456665  927.323059  -3.124959951  7.440611368
222.026657  1008.310364  -5.793232047  7.528001295
992.498718  1442.294067  -4.403895741  8.368477678
948.369141  1057.807495  -4.47015785  7.648172947
633.574951  1322.040894  -5.061806889  8.123597783
1315.07605  1082.40271  -3.790228999  7.711676577
1988.323975  1067.866577  -2.492496461  7.721084769
1923.714355  961.005798  -2.619252755  7.514591494
90.520523  1284.994263  -6.0493776  8.028640185
194.173904  846.931946  -5.834648489  7.234667407
1141.243286  873.268188  -4.108616715  7.317554873
338.197876  1124.034912  -5.589516788  7.744148234
993.265564  839.431763  -4.379996063  7.249897502
993.265564  839.431763  -4.379996063  7.249897502
1070.879639  1125.663208  -4.246664857  7.778705764
1328.009155  1296.204224  -3.770407266  8.114502846
998.093933  1140.274048  -4.381637041  7.802452739
513.305603  1045.3125  -5.266017141  7.606943518
1090.70813  1153.833252  -4.21079834  7.832501377
785.64801  1419.90918  -4.786559592  8.313520914
977.919739  1341.329102  -4.426867432  8.17583723
1867.404785  1211.486084  -2.730023265  7.988802104
285.411285  1328.473511  -5.697458335  8.115800688
1839.456177  1296.26062  -2.78537852  8.148893093
892.439026  1063.715942  -4.57347346  7.656072837
2146.435059  1162.014648  -2.174617738  7.911967879
835.652283  1232.469116  -4.685099958  7.96607254
1126.599365  1117.51062  -4.142834254  7.766422508
932.885437  1180.908325  -4.5036064  7.87439913
932.885437  1180.908325  -4.5036064  7.87439913
1098.020996  1403.42334  -4.205311414  8.30149061
917.862854  852.461975  -4.518714196  7.270681692
133.940826  1016.129578  -5.954184881  7.539398658
18.592297  1468.408569  -6.195444634  8.365275895
1277.25415  1106.169189  -3.861620038  7.753967611
780.576477  1425.50769  -4.796012465  8.323174096
528.87085  868.297485  -5.228035652  7.284705513
812.268738  1424.283081  -4.737423253  8.322762857
1013.797424  1137.602661  -4.352646431  7.797709276
1018.106506  1100.917114  -4.343350556  7.729893743
1929.309937  888.857361  -2.608388902  7.377939616
946.750793  979.073914  -4.470612844  7.503226518
1273.300903  865.072632  -3.862635025  7.308089456
819.076355  1129.891357  -4.711193606  7.775385638
2063.049561  1038.98584  -2.343417467  7.670190075
547.868774  1345.190308  -5.220585752  8.162801319
329.454742  860.28009  -5.589550787  7.263014534
329.454742  860.28009  -5.589550787  7.263014534
1012.44458  1069.726563  -4.352785429  7.672212146
1012.44458  1069.726563  -4.352785429  7.672212146
1395.364868  1181.580322  -3.640827009  7.901790305
1056.886597  1057.192749  -4.270409538  7.651360321
399.0914  1129.699219  -5.478963275  7.756910214
1473.075195  1121.407227  -3.492451006  7.793199003
530.547546  1153.58667  -5.241175475  7.806787736
950.119873  950.254333  -4.463185944  7.450486513
783.492554  1057.026855  -4.773172772  7.63945111
1674.084473  1287.95166  -3.108858167  8.120664521
1007.255371  1136.03418  -4.364734268  7.794485058
974.811707  949.889648  -4.417753555  7.451101112
894.628784  1203.876221  -4.575178437  7.91561719
1639.986084  1146.132813  -3.173278301  7.849536927
1617.082397  917.707275  -3.212294776  7.421290358
269.216736  1252.830566  -5.722385  7.976288856
784.334167  1138.53772  -4.775363743  7.790264658
2015.562378  966.590759  -2.438676185  7.529107748
928.83844  1003.325195  -4.504264391  7.546447876
928.83844  1003.325195  -4.504264391  7.546447876
10.815008  1448.016113  -6.208292462  8.327438711
460.608917  1005.28009  -5.359444884  7.531507275
948.055908  1375.490234  -4.483557669  8.237954203
234.776886  1008.955994  -5.770622351  7.529618597
1826.037109  1441.206543  -2.812488155  8.426024523
838.393188  1349.52771  -4.685399953  8.182234405
468.990631  1116.336792  -5.350476004  7.735075736
1053.068359  1367.184448  -4.2880893  8.227368385
298.419617  1351.558838  -5.675734628  8.159511516
298.419617  1351.558838  -5.675734628  8.159511516
462.079834  1262.241089  -5.372798704  8.004806498
847.188477  1173.083008  -4.661262278  7.85673355
926.683716  1042.256836  -4.50954532  7.618264339
1527.485107  1483.452148  -3.391685362  8.486716777
1527.485107  1483.452148  -3.391685362  8.486716777
824.886047  1067.635742  -4.697389792  7.660839883
1879.560547  1456.54541  -2.706125587  8.462296107
1481.1427  958.216431  -3.472256277  7.490404701
2153.14502  1445.414917  -2.158754952  8.463745118
1060.701172  1126.46521  -4.265322606  7.779643296
1322.296753  1298.635742  -3.78347409  8.113437934
2132.856445  1469.350342  -2.200994384  8.5061577
2132.856445  1469.350342  -2.200994384  8.5061577
1318.679932  1174.42688  -3.785184067  7.883171445
1318.679932  1174.42688  -3.785184067  7.883171445
1223.81665  978.570496  -3.957072754  7.516551958
1369.703003  889.615479  -3.681758458  7.358314623
1556.649658  1184.619263  -3.33385714  7.917697147
1687.730469  1300.277954  -3.083157513  8.143642532
1337.203003  1138.119019  -3.749703544  7.816859366
1911.121582  1407.5979  -2.644632414  8.367817059
1355.866699  935.586121  -3.708489099  7.44284269
1779.578979  1292.891724  -2.901660955  8.138471705
1578.195679  883.771362  -3.285703788  7.356282918
1475.885254  1207.246704  -3.487883067  7.954676206
2223.860352  999.269653  -2.018781835  7.603585605
1062.561157  1465.985596  -4.274101488  8.418628908
1346.557251  1310.525269  -3.735819731  8.142476129
1700.747437  881.467041  -3.050158957  7.355813093
1712.789063  892.811218  -3.029296238  7.377704278
2148.976563  1345.445068  -2.168973814  8.267114064
1416.25354  1442.993164  -3.605249488  8.400336095
1404.596313  1050.276123  -3.620353285  7.657044342
1404.596313  1050.276123  -3.620353285  7.657044342
2170.819336  1170.052246  -2.125054405  7.928839497
1171.684326  1303.203857  -4.06437231  8.116558141
1704.93103  1268.117188  -3.048622978  8.084340987
1576.420166  1307.246094  -3.296622641  8.152962059
1719.377075  1227.224365  -3.017904391  8.010001472
1201.089233  1484.825439  -4.014343983  8.463725967
2179.493652  860.935242  -2.10912662  7.336028153
2016.466797  1094.952637  -2.435103233  7.775007186
2016.466797  1094.952637  -2.435103233  7.775007186
1106.324463  1182.806885  -4.182854716  7.887232055
1458.795166  1464.27771  -3.524590573  8.443256787
1088.527222  1022.061951  -4.210550343  7.588249748
1088.527222  1022.061951  -4.210550343  7.588249748
1624.650879  1147.789795  -3.202626906  7.851792783
1624.650879  1147.789795  -3.202626906  7.851792783
1369.503174  1173.054077  -3.689758351  7.883520248
1337.265503  1257.9646  -3.752454507  8.041612743
1415.446289  1462.71875  -3.607115463  8.436993532
2053.34668  1182.037109  -2.360869232  7.944901575
2137.20459  920.26593  -2.194763467  7.447065408
2137.20459  920.26593  -2.194763467  7.447065408
1136.626099  1115.065063  -4.124389502  7.762426069
1136.626099  1115.065063  -4.124389502  7.762426069
1587.376831  1232.619629  -3.276075917  8.008484389
1469.412598  900.660583  -3.492702002  7.382878601
2102.650879  945.07666  -2.263739539  7.492920097
2102.650879  945.07666  -2.263739539  7.492920097
1045.003784  871.112793  -4.285758331  7.309893686
1445.591553  1080.367554  -3.543155323  7.715284162
1500.165649  938.193665  -3.436073764  7.453918946
1824.886963  891.827454  -2.812072161  7.379853082
1550.877319  1176.211304  -3.344603995  7.901017312
1042.718628  1232.745361  -4.302531105  7.976191876
1428.152588  1445.650513  -3.581161812  8.408327654
1462.640869  1116.204834  -3.51220874  7.78368336
1569.517456  1262.540771  -3.310114459  8.065207972
1353.789673  1255.661743  -3.721193928  8.038492635
2207.565918  1255.373535  -2.050980402  8.096881858
1348.252197  1272.134399  -3.731748786  8.069443041
2025.65564  905.006836  -2.416596482  7.413505947
2025.65564  905.006836  -2.416596482  7.413505947
1298.916992  1416.963867  -3.827946491  8.339370857
1298.916992  1416.963867  -3.827946491  8.339370857
1271.896118  843.652466  -3.86443  7.269347038
1883.753418  1302.455322  -2.699220679  8.163145194
2231.849854  1277.947998  -2.001083074  8.142399654
1098.33313  1106.288086  -4.195100551  7.744215856
2202.736572  1316.72583  -2.06077527  8.215341373
1930.22229  933.695862  -2.604745951  7.46361193
1307.469482  1447.009277  -3.812604698  8.397502143
1534.841797  902.316711  -3.369424661  7.388971133
1483.59082  1128.287109  -3.471416289  7.806966695
1391.305054  920.533447  -3.641589999  7.416619256
1076.998657  1128.519043  -4.235352009  7.784160947
1033.233765  1134.657349  -4.315927925  7.792240283
1084.640503  1344.759155  -4.228492102  8.189219928
1051.82312  1488.74353  -4.294197217  8.46067352
1702.827271  923.801514  -3.047767989  7.435699487
1480.845337  1072.665527  -3.476730217  7.702494751
1241.809814  1272.70166  -3.93209909  8.063536958
1524.731934  1051.99646  -3.392201355  7.666752389
1588.994629  1489.160645  -3.273024958  8.502302103
1722.225098  1329.612183  -3.014451438  8.204790447
1052.882324  1347.032104  -4.287820303  8.192473144
2029.875488  1081.727905  -2.409254581  7.750311609
1351.109375  1220.327148  -3.725732867  7.970562289
1351.109375  1220.327148  -3.725732867  7.970562289
1189.020752  998.249023  -4.023102865  7.549865884
1555.082031  1126.3927  -3.335590116  7.807985067
1591.924438  1365.990234  -3.266699043  8.266237363
1126.599365  1117.51062  -4.142910253  7.766505193
1365.104736  1048.737061  -3.694355289  7.653376217
1140.227051  1096.322388  -4.117056601  7.727703931
1104.507813  1079.424561  -4.182717718  7.694126516
1119.167236  1400.084717  -4.165681947  8.296555839
1354.170654  1217.341553  -3.719055957  7.966521401
1099.47644  1039.073608  -4.190778609  7.620226948
1080.47937  1136.234009  -4.229149093  7.798711824
2009.102295  1083.487061  -2.450113031  7.752366222
840.901123  1459.339355  -4.685360954  8.386447462
879.773132  795.501465  -4.586460285  7.165251333
442.80307  844.415649  -5.383340562  7.238167542
625.00354  347.571167  -5.035249246  6.347388364
267.192627  483.254547  -5.686137488  6.581150415
480.032898  993.991516  -5.325871335  7.514987444
537.242004  1060.162842  -5.22519269  7.638099785
1081.546265  324.630829  -4.201648463  6.315387154
837.114502  567.751465  -4.656793338  6.752057629
769.733398  319.376434  -4.771725792  6.299489144
294.747223  417.750458  -5.63247921  6.465102608
574.958191  380.978821  -5.126237022  6.406416228
574.958191  380.978821  -5.126237022  6.406416228
806.408813  1497.528931  -4.751707061  8.458381804
1085.9552  597.518372  -4.201462465  6.812128036
873.91394  107.172951  -4.575748429  5.915047875
1059.249756  1157.957886  -4.269308552  7.836543205
1059.249756  1157.957886  -4.269308552  7.836543205
382.059967  1164.21228  -5.511391839  7.818515398
271.946899  1160.864624  -5.713397121  7.809564344
829.64679  791.489136  -4.677885055  7.156086684
997.424438  1424.411987  -4.393827877  8.333885229
446.208344  1454.146729  -5.413772153  8.359788852
750.8302  821.722656  -4.823364097  7.209201367
750.8302  821.722656  -4.823364097  7.209201367
895.460266  565.345947  -4.550147773  6.749174701
956.146423  429.216309  -4.434794326  6.503224232
564.188293  1028.151855  -5.172387401  7.577842033
607.641785  826.541504  -5.084272586  7.213082765
587.63678  539.515259  -5.109560246  6.693380851
852.303345  352.440491  -4.622290803  6.3610145
835.412048  1229.992676  -4.685536952  7.961712386
292.888702  1408.031616  -5.69189741  8.266749096
292.888702  1408.031616  -5.69189741  8.266749096
266.653076  800.290894  -5.701968275  7.153839321
807.323669  767.727722  -4.717971515  7.113513387
124.93602  449.067932  -5.939887073  6.516377192
455.104645  686.480469  -5.353679961  6.953480217
370.911377  1188.289429  -5.533944536  7.863133558
617.822083  1089.744263  -5.077466678  7.692555851
219.960098  1385.411743  -5.822319655  8.22018935
374.201172  587.406738  -5.495590052  6.772213773
267.887085  772.440491  -5.697739331  7.103119534
925.439453  748.908325  -4.50132343  7.082580348
794.394348  381.31601  -4.728504373  6.412255347
1054.940552  521.557739  -4.256293728  6.673192855
1054.940552  521.557739  -4.256293728  6.673192855
1054.940552  521.557739  -4.256293728  6.673192855
234.600281  1120.046265  -5.778516245  7.733252917
91.848473  490.605011  -6.001643242  6.590085899
490.617371  1279.981567  -5.322333383  8.039939656
1036.909424  933.184143  -4.3029051  7.424634979
1036.909424  933.184143  -4.3029051  7.424634979
567.312866  611.323792  -5.14863472  6.82190207
1039.982056  723.8349  -4.29029127  7.040041679
121.515213  155.259384  -5.933489159  5.990627327
121.515213  155.259384  -5.933489159  5.990627327
207.598694  912.37561  -5.814088766  7.3538307
331.88031  799.491516  -5.582181886  7.153499719
467.489075  532.103271  -5.325267343  6.675378934
467.489075  532.103271  -5.325267343  6.675378934
202.238876  835.542725  -5.819971687  7.214589036
202.238876  835.542725  -5.819971687  7.214589036
429.157898  1200.765259  -5.428920949  7.889428187
244.357681  815.642212  -5.742590728  7.180106904
1095.65332  1193.989136  -4.202930446  7.907652776
236.82196  623.625244  -5.746283678  6.833400019
372.069275  30.353239  -5.478881276  5.772003318
224.761292  774.883606  -5.776060278  7.105516481
283.899445  339.19458  -5.648615992  6.323820924
141.156479  692.147827  -5.922019314  6.953790771
626.843018  331.567108  -5.031432297  6.31820663
938.866882  1045.749268  -4.487369618  7.625211167
324.981354  481.354736  -5.580909904  6.580146055
409.983002  675.115479  -5.434295876  6.931114503
786.73468  624.945007  -4.750491078  6.853393532
52.351295  82.642754  -6.05237156  5.860167222
211.847458  1438.569824  -5.839961418  8.317589066
992.329407  480.932098  -4.370051197  6.597271522
470.383087  704.492676  -5.326751323  6.986417294
278.732574  80.584778  -5.648505994  5.859893717
517.936279  809.521545  -5.245470417  7.178273515
215.468018  390.288971  -5.774576298  6.413698483
349.821411  833.942566  -5.551330302  7.216106751
524.594849  578.912231  -5.224804695  6.762817896
61.721119  1243.457153  -6.099767922  7.951041317
799.434937  45.40852  -4.709364631  5.803262101
446.703857  815.647705  -5.374759677  7.186367231
446.703857  815.647705  -5.374759677  7.186367231
250.916016  43.815918  -5.696898343  5.794032811
780.049194  811.252808  -4.769439823  7.191281276
780.049194  811.252808  -4.769439823  7.191281276
414.515015  360.94046  -5.414620141  6.366282481
401.016907  238.790024  -5.432875895  6.146895672
1126.555908  1445.526001  -4.153127116  8.384272158
1058.031982  820.390015  -4.260178675  7.217769113
314.762054  724.279053  -5.609708516  7.017145495
1005.784363  1383.57959  -4.376656108  8.257255326
452.903687  731.324707  -5.359666881  7.034351904
473.381592  1222.790039  -5.350103009  7.933130833
473.381592  1222.790039  -5.350103009  7.933130833
312.465118  763.970886  -5.616008431  7.088759498
318.218536  1026.542358  -5.620199375  7.565542825
42.03392  334.800934  -6.084403129  6.309608589
1073.346924  861.490234  -4.233196038  7.293665258
580.331482  257.565613  -5.113082199  6.184074723
580.331482  257.565613  -5.113082199  6.184074723
811.093567  448.94574  -4.700125755  6.535049157
1032.775635  568.436584  -4.298547159  6.75755935
369.96579  1175.309692  -5.534862523  7.839382057
522.76593  1268.753418  -5.262552187  8.021204337
672.851624  603.188721  -4.956970299  6.810358667
539.011292  795.096436  -5.206350944  7.152290979
411.922943  324.773926  -5.416823111  6.301385272
770.577209  1015.668823  -4.79490648  7.563236147
1138.921631  859.139709  -4.112168667  7.291304663
1138.921631  859.139709  -4.112168667  7.291304663
778.305664  903.867981  -4.776157732  7.359726049
28.217678  438.158295  -6.114603722  6.494197916
372.524597  506.909149  -5.495411054  6.627015131
372.524597  506.909149  -5.495411054  6.627015131
824.371338  832.193115  -4.689536898  7.231801548
792.544067  440.814575  -4.733611305  6.519939431
900.272095  1057.789185  -4.558712658  7.645144399
778.500061  778.695007  -4.770839804  7.131704347
485.283386  826.30011  -5.305388611  7.206997155
485.283386  826.30011  -5.305388611  7.206997155
1010.119873  200.328278  -4.329159747  6.08742504
98.52037  1298.413818  -6.038273749  8.055359739
777.431885  71.603462  -4.750068083  5.850657599
777.431885  71.603462  -4.750068083  5.850657599
289.384521  1270.725098  -5.687108475  8.01052817
1018.95343  1218.438965  -4.34606452  7.947993203
1018.95343  1218.438965  -4.34606452  7.947993203
529.403076  821.382813  -5.225029692  7.199580418
790.418335  893.205139  -4.753444038  7.340632465
790.418335  893.205139  -4.753444038  7.340632465
828.655945  1309.897949  -4.701357739  8.108580683
735.581848  810.433533  -4.850306734  7.18801285
735.581848  810.433533  -4.850306734  7.18801285
1056.934448  791.689636  -4.26132266  7.164681591
370.730316  1079.847168  -5.527814618  7.665012518
585.852356  819.683899  -5.122284075  7.198382164
582.762207  714.992981  -5.123774055  7.009444908
582.762207  714.992981  -5.123774055  7.009444908
923.243835  828.727295  -4.50805834  7.227502701
802.236633  889.649902  -4.73172733  7.334071388
256.237457  823.779175  -5.721287015  7.195016885
841.403625  1378.050903  -4.681096011  8.236855154
380.737579  653.450684  -5.486413175  6.89093442
893.29303  356.016937  -4.547598808  6.368539453
914.151306  794.006592  -4.523487132  7.163851323
950.512939  1373.163818  -4.478874732  8.23324965
801.927979  570.047119  -4.720940475  6.754544551
1076.33728  452.441711  -4.214829285  6.547363029
522.326111  738.076538  -5.234549564  7.048908691
391.188446  1036.67334  -5.487147165  7.585642083
262.182953  858.972412  -5.712591132  7.259350694
544.888489  850.921204  -5.198292052  7.253961142
946.342407  796.246948  -4.464646924  7.169791207
851.802612  296.359283  -4.621180818  6.259164444
404.767029  601.252747  -5.441268783  6.799047337
1032.982788  1456.639038  -4.328686753  8.398725253
1047.638306  775.696777  -4.277957436  7.135361306
370.335266  825.510071  -5.513765807  7.201717989
355.065277  251.129135  -5.515688781  6.168094955
1015.65033  1293.117188  -4.354911401  8.088853831
826.464111  371.451904  -4.669766164  6.395240059
208.187607  819.24292  -5.808165846  7.185444226
979.84552  531.458313  -4.394531867  6.689205234
211.844406  1436.393555  -5.841637395  8.315613821
560.14502  360.647247  -5.152909663  6.369540186
560.14502  360.647247  -5.152909663  6.369540186
1090.415405  1466.282349  -4.221580195  8.421199388
531.368225  760.897705  -5.219302769  7.090411304
444.559204  1163.811523  -5.398475358  7.821896421
444.559204  1163.811523  -5.398475358  7.821896421
152.996048  1275.70166  -5.93640812  8.014684907
247.556915  852.129517  -5.738779779  7.246364169
471.974609  1181.605835  -5.349158022  7.855350741
300.567444  685.570435  -5.633726193  6.946951857
360.133026  729.790039  -5.527970616  7.028555131
786.381226  1225.938477  -4.77555874  7.95127947
1017.689941  1390.674438  -4.354787402  8.271798327
1017.689941  1390.674438  -4.354787402  8.271798327
223.08577  1062.725586  -5.794269033  7.626799678
497.12674  766.242126  -5.281051938  7.098838202
312.58432  777.140259  -5.615979432  7.11216431
445.502808  140.657013  -5.350554003  5.971521512
770.525574  820.694824  -4.787211584  7.208132629
573.61499  688.200745  -5.13970984  6.961019759
573.61499  688.200745  -5.13970984  6.961019759
792.444641  245.405807  -4.727965381  6.16586524
361.351288  624.546204  -5.520580715  6.839335879
795.273132  795.173096  -4.740979206  7.162397561
304.568298  437.308868  -5.615916432  6.500565475
388.298401  786.003723  -5.479859263  7.131079463
348.733551  864.666565  -5.554504259  7.271395503
274.564972  753.820129  -5.684186514  7.069164689
883.370361  676.564575  -4.575630431  6.949332899
938.545776  784.6745  -4.478475738  7.1479846
330.181854  815.247864  -5.585973835  7.181822764
439.407806  780.561462  -5.386531519  7.122896361
160.555023  181.537811  -5.865281077  6.038174823
358.828827  819.996094  -5.534234532  7.191199302
797.911011  783.279175  -4.735694277  7.140926828
467.965424  810.225281  -5.335859201  7.177269956
499.357361  806.163208  -5.278923967  7.171270841
622.505432  1094.067627  -5.069343787  7.700410798
38.324837  370.19989  -6.092592018  6.372969353
795.956604  1044.710693  -4.749741088  7.617714602
795.956604  1044.710693  -4.749741088  7.617714602
860.364868  605.916321  -4.615618892  6.821669689
302.642609  823.094543  -5.636642154  7.195087683
1119.359741  832.648438  -4.147504191  7.241687588
1119.359741  832.648438  -4.147504191  7.241687588
962.151428  800.407471  -4.435773312  7.17743157
1052.071411  537.359985  -4.26208065  6.701824675
23.917814  368.482635  -6.11845767  6.36959264
23.917814  368.482635  -6.11845767  6.36959264
1028.780884  365.868134  -4.299689144  6.388673257
390.075714  322.156952  -5.456160582  6.295882292
464.889954  1114.127808  -5.357929904  7.730761391
1008.888489  623.0979  -4.344164545  6.856813439
486.633575  1089.504395  -5.316784458  7.686402814
332.567139  686.599182  -5.575595975  6.949740812
36.58102  310.841034  -6.092605018  6.266799349
432.612122  792.957825  -5.399507344  7.14511806
431.840668  809.098633  -5.401488318  7.174169555
784.702515  796.016418  -4.760256946  7.163561376
784.702515  796.016418  -4.760256946  7.163561376
992.054749  330.818726  -4.366023251  6.324228376
1076.983154  531.125427  -4.21594527  6.690994909
490.215393  1262.421997  -5.321369396  8.006399808
490.215393  1262.421997  -5.321369396  8.006399808
1047.137573  479.223206  -4.269294553  6.595538117
312.873291  664.503906  -5.61016351  6.909049537
1082.801147  785.76532  -4.213471304  7.155276538
1000.03656  609.476685  -4.359961333  6.831765693
936.029602  666.26532  -4.479109729  6.932778335
314.350464  737.77356  -5.611090497  7.041336095
977.596497  1089.967285  -4.417730555  7.708465021
277.558014  941.656616  -5.689088448  7.409512703
783.150146  547.582825  -4.754445024  6.713604273
590.275696  1459.664551  -5.14935671  8.37898173
236.81572  1043.351074  -5.768063385  7.591944133
740.307739  617.25177  -4.834965941  6.838732002
411.623016  14.01601  -5.407515237  5.743249694
796.921021  647.119507  -4.732657318  6.894352415
309.8927  1208.557739  -5.646264024  7.897744821
242.306686  1061.217651  -5.760040493  7.625313921
349.68988  823.283691  -5.551008306  7.196826804
1080.51355  817.535889  -4.218650234  7.213174889
601.977112  818.207825  -5.093299465  7.196688074
1068.306519  787.340088  -4.240203944  7.157446384
231.416489  266.106323  -5.740068762  6.191646805
481.997986  1395.369141  -5.344221088  8.251518381
1044.718018  1047.867676  -4.292082246  7.635177507
844.463806  1307.060181  -4.672196131  8.104499269
1095.890381  802.226685  -4.189822622  7.185662755
1095.890381  802.226685  -4.189822622  7.185662755
328.208405  1210.085571  -5.613182469  7.901412388
456.152832  657.972229  -5.350374006  6.90196483
791.669128  1046.387695  -4.758076976  7.621840863
464.266785  269.11084  -5.319479421  6.203875856
464.266785  269.11084  -5.319479421  6.203875856
516.872681  792.129211  -5.246544403  7.14642189
291.393433  827.973755  -5.657631871  7.203472025
1126.309204  443.581451  -4.122575527  6.532155437
404.093811  831.009216  -5.452801627  7.2127547
286.287537  780.857788  -5.664174783  7.117990104
396.015747  1186.372314  -5.488661145  7.861607278
473.446075  1424.168335  -5.361875851  8.305465521
1134.392334  760.458191  -4.117217599  7.111518039
1130.243896  819.531189  -4.126736471  7.219136545
733.721313  1356.407104  -4.878981349  8.191922231
1139.307373  839.753113  -4.110908684  7.255035769
228.796555  586.605225  -5.759061506  6.766546645
296.555908  645.678406  -5.640897096  6.877141123
371.399628  791.794434  -5.510340853  7.140859461
457.121429  259.834015  -5.333442233  6.185953672
857.712219  770.982056  -4.625980753  7.120650495
276.357605  1270.851807  -5.710444161  8.009353169
134.714523  1323.972534  -5.973802617  8.103543534
391.560059  1364.646606  -5.508006885  8.190622327
387.145905  606.784668  -5.473084354  6.807611626
412.778687  773.84668  -5.434650872  7.109963892
536.227783  603.461792  -5.204768965  6.806994052
1072.330811  293.051453  -4.217584248  6.256624515
525.627563  1230.405151  -5.255266285  7.950110928
426.68045  668.830261  -5.403951285  6.920464131
1103.407227  795.654785  -4.175770811  7.173671621
481.983643  576.609192  -5.301323666  6.756665195
1039.12915  320.310181  -4.279224419  6.305625292
995.362122  849.445068  -4.37648511  7.268385111
956.598511  1116.140015  -4.457359022  7.754163776
535.567017  285.874329  -5.194148108  6.234174239
275.602936  520.138977  -5.672404672  6.648659966
386.424652  371.104218  -5.466078449  6.383180502
1077.759033  802.577271  -4.223299171  7.185554886
174.770142  1275.626465  -5.898372632  8.016416514
1141.022461  13.797766  -4.082800062  5.745597311
34.799274  688.081116  -6.11398773  6.942816689
510.493896  465.198517  -5.246108409  6.55685101
1022.351196  297.03775  -4.309465012  6.26317447
938.374329  968.989197  -4.485379645  7.484073795
1090.701294  780.126282  -4.198744502  7.144909111
473.912994  1111.56311  -5.341270128  7.726541391
99.290077  209.529358  -5.975686591  6.087066708
99.290077  209.529358  -5.975686591  6.087066708
527.008362  790.025208  -5.228108651  7.143002951
93.846283  536.646362  -5.999108276  6.672830006
208.560379  804.175415  -5.806977862  7.158204171
460.451965  1193.858032  -5.370490735  7.877128081
582.494202  782.016785  -5.126993011  7.130357854
326.772919  656.033142  -5.584604854  6.894571725
1161.441284  56.935299  -4.046048557  5.82441682
449.103333  372.183716  -5.351848986  6.38761875
213.302109  642.889038  -5.789056103  6.866986315
344.251953  361.45578  -5.540081453  6.365494694
450.094208  254.310501  -5.345828067  6.175841551
455.764038  553.418945  -5.347221048  6.713758851
218.996262  596.368958  -5.777304261  6.784065134
218.996262  596.368958  -5.777304261  6.784065134
1009.498352  961.024414  -4.354327408  7.472899367
525.413391  1342.307129  -5.2615942  8.15605044
968.955688  1083.989624  -4.433416344  7.69652877
918.218506  962.047974  -4.522114151  7.470581441
377.136322  633.476501  -5.492043099  6.855384143
320.122589  1051.266479  -5.618388399  7.610839683
350.208405  1044.33728  -5.562734148  7.598662592
593.553101  383.495392  -5.093585461  6.411506553
602.051514  811.190552  -5.092817471  7.183836527
821.837341  325.61496  -4.676932067  6.311829118
541.270813  1387.99353  -5.234498565  8.240213934
541.270813  1387.99353  -5.234498565  8.240213934
406.532196  780.178589  -5.446473713  7.120984435
204.051575  827.19635  -5.815958741  7.199862381
563.957397  797.457947  -5.161435548  7.15796963
491.126495  604.006226  -5.285967872  6.806245277
211.870819  1412.672852  -5.838970431  8.270270424
534.789001  707.923096  -5.210620886  6.995062349
413.655212  1050.157349  -5.446788708  7.610651517
863.60144  460.483063  -4.604729039  6.556967971
468.083405  1175.215698  -5.355699934  7.843295946
510.135223  796.81311  -5.259083234  7.154571574
1065.211304  794.543701  -4.246165864  7.170471455
398.079681  786.986206  -5.461982504  7.133475283
1009.947388  554.786011  -4.340034601  6.732384667
890.22345  137.008682  -4.54666482  5.969679019
381.556366  417.427612  -5.475253325  6.467145811
381.556366  417.427612  -5.475253325  6.467145811
590.244507  168.255936  -5.092086481  6.022931544
246.700699  667.906982  -5.730165895  6.913596917
208.305267  650.03302  -5.798543975  6.879895233
69.206085  50.121727  -6.019763998  5.802439085
69.206085  50.121727  -6.019763998  5.802439085
309.633545  173.276016  -5.595073713  6.02734215
71.140167  1247.946411  -6.08354314  7.960402657
686.43634  546.281433  -4.930486656  6.708407826
225.6418  661.454651  -5.766850402  6.900763453
787.871826  786.236206  -4.75402503  7.146044619
877.771667  679.817749  -4.586145289  6.956024252
422.903442  438.022858  -5.401885312  6.505214701
542.895569  767.764587  -5.198486049  7.103398776
425.753937  236.384003  -5.389174484  6.143049404
231.167496  885.427856  -5.770480353  7.305818895
584.743042  817.204041  -5.124500045  7.194079158
344.291718  635.507385  -5.551854295  6.85790679
485.162384  769.820313  -5.302809646  7.104785511
485.162384  769.820313  -5.302809646  7.104785511
557.047791  461.975616  -5.162340536  6.552237097
470.079712  1291.094971  -5.360221873  8.059081621
631.841309  90.603279  -5.014092531  5.883657615
391.091431  789.817383  -5.474756332  7.13828757
1016.093506  79.005569  -4.314657942  5.864921347
417.827667  386.257385  -5.408686221  6.412054286
911.408997  869.293579  -4.53110703  7.300285832
905.535217  304.440887  -4.523708129  6.274811636
600.122192  87.30555  -5.071247762  5.877270063
345.794312  809.687805  -5.557288221  7.172207173
1027.458008  437.2836  -4.304172083  6.518511603
503.522583  660.387268  -5.265665145  6.908329907
1106.87854  1345.723267  -4.186903661  8.192475146
342.202118  532.521301  -5.551217303  6.672834023
1139.741943  819.135498  -4.109232706  7.218436107
320.645599  782.338074  -5.601923621  7.12202349
923.927856  945.155029  -4.5110333  7.440133264
205.476624  307.496857  -5.788665108  6.264969566
904.819153  625.379822  -4.534909978  6.857483355
1014.843079  898.084534  -4.342267571  7.358876828
818.194336  761.704834  -4.697886785  7.102488091
399.33667  823.773315  -5.461150515  7.199646189
232.160156  1339.921143  -5.796318005  8.135831986
590.616394  345.47757  -5.097466409  6.342175427
595.621704  852.105591  -5.106992281  7.259023351
982.554138  917.236084  -4.402370762  7.391835327
517.25946  472.668396  -5.234364567  6.570434756
411.923431  279.912659  -5.41543713  6.220987323
228.859116  799.610413  -5.769787362  7.150428718
412.827789  786.698364  -5.435205864  7.133217219
316.374542  373.971313  -5.590978768  6.386906095
416.10495  238.395676  -5.406148255  6.146473385
286.005859  493.530487  -5.652231944  6.601264468
332.417419  766.12793  -5.579877917  7.093161421
1022.038147  1302.682373  -4.343381556  8.107237989
235.994827  773.828918  -5.755480555  7.104278371
318.97525  798.6604  -5.605751569  7.151557393
696.557068  556.384277  -4.912484898  6.727293736
569.59436  692.895386  -5.14718974  6.969107808
493.102478  660.676392  -5.284580891  6.908902821
1027.042603  1182.709106  -4.329800738  7.882184529
557.675903  1118.088013  -5.189242174  7.742672471
317.63443  365.745819  -5.588699799  6.37262514
347.62262  381.764648  -5.535158519  6.40201959
345.551056  625.467834  -5.54920033  6.839769781
195.366699  811.030701  -5.831315534  7.170168687
334.641022  855.036194  -5.580075915  7.253772714
832.596313  933.85614  -4.677892055  7.415723167
403.797394  231.232346  -5.427803964  6.133576114
403.797394  231.232346  -5.427803964  6.133576114
403.797394  231.232346  -5.427803964  6.133576114
962.125854  293.773132  -4.419789528  6.256359135
1007.933899  271.83847  -4.335165666  6.216780849
519.936584  823.058167  -5.242370459  7.202354043
522.953125  1123.442017  -5.252426324  7.750014626
768.765137  1166.236572  -4.805194342  7.840799453
342.664093  804.100159  -5.563022144  7.162026905
480.007019  781.182068  -5.312693513  7.125197416
885.675659  1462.071899  -4.602714066  8.394629406
504.854584  1229.285034  -5.293056777  7.947172463
548.46759  567.653625  -5.181414279  6.742699887
851.859253  1183.163208  -4.653241386  7.876008145
484.965393  1256.269165  -5.330907268  7.995387666
425.825531  788.939331  -5.41170318  7.137715351
361.716858  831.415161  -5.529503595  7.212036458
299.777924  1096.155273  -5.657830868  7.691700994
1075.231201  770.19397  -4.226946122  7.125923728
218.488022  34.98304  -5.755538554  5.777200989
387.026947  1135.434937  -5.501323974  7.76700027
387.026947  1135.434937  -5.501323974  7.76700027
401.232025  134.06897  -5.430032934  5.958691254
893.459595  161.184143  -4.54148489  6.014041309
860.5495  1458.476563  -4.649475437  8.389144226
279.060974  823.440308  -5.679601576  7.194876119
540.319702  1340.158081  -5.234314567  8.153513686
1017.346497  311.506439  -4.319070883  6.289311973
214.363831  1276.208374  -5.825516612  8.018595322
590.204224  417.158295  -5.100767364  6.472137147
966.141235  369.400635  -4.414684596  6.394285135
500.438232  468.246826  -5.264164166  6.561994819
602.800354  400.295685  -5.077386679  6.442162618
681.729187  1020.300781  -4.958114284  7.569499312
555.18103  1102.809448  -5.192707127  7.713893156
504.340363  539.975037  -5.259917223  6.691293229
899.75415  622.390869  -4.544103855  6.852120755
941.918701  157.369812  -4.452852083  6.006970416
428.009277  815.958801  -5.408617222  7.186308231
231.224289  579.475464  -5.754636566  6.753906102
817.765747  771.483948  -4.699087769  7.120499486
279.668976  1126.029663  -5.696750345  7.746235866
1088.869751  903.024353  -4.205954405  7.37032275
284.571198  757.944275  -5.666520752  7.077108155
586.194824  389.148865  -5.107187278  6.421564867
870.929321  1147.532593  -4.616613879  7.810966872
275.825226  1121.599609  -5.70305826  7.737200104
275.825226  1121.599609  -5.70305826  7.737200104
979.27832  1137.935547  -4.416414573  7.796924731
344.262085  779.79834  -5.559114197  7.118325593
281.381256  1331.288574  -5.705094233  8.120876799
281.381256  1331.288574  -5.705094233  8.120876799
612.950623  519.112061  -5.063237869  6.657462105
584.728638  758.13739  -5.122150077  7.087417219
382.330017  786.661804  -5.49052012  7.132170632
1004.093262  1201.202637  -4.372935158  7.915338812
1103.126953  1336.350342  -4.193623571  8.174994126
1103.126953  1336.350342  -4.193623571  8.174994126
223.636475  1413.71228  -5.817075726  8.272006018
1046.010498  171.237503  -4.262398645  6.033887289
622.670105  148.591568  -5.032878278  5.987813919
1075.824219  780.444397  -4.226155133  7.144972171
394.916901  242.666443  -5.444117744  6.153827408
239.097519  608.63092  -5.741777739  6.806712576
239.097519  608.63092  -5.741777739  6.806712576
765.910095  48.13018  -4.770297811  5.808161039
660.6828  1306.505249  -5.011005572  8.095978564
660.6828  1306.505249  -5.011005572  8.095978564
1114.680786  776.23468  -4.1542641  7.139111887
616.387573  820.284119  -5.067335814  7.20122612
303.304077  429.006012  -5.617372413  6.485917573
488.260468  834.233215  -5.300115682  7.221490253
258.455139  1208.491455  -5.740426757  7.895862417
258.455139  1208.491455  -5.740426757  7.895862417
681.428162  519.459106  -4.938723545  6.659891068
549.54718  1317.798706  -5.216605806  8.112885208
997.461121  560.100098  -4.36311629  6.741685669
1348.534668  794.65564  -3.719682948  7.181069736
452.843475  332.346558  -5.344662082  6.315935348
1426.78125  1127.561768  -3.578537847  7.805979839
1654.149902  1110.527832  -3.143337703  7.786055676
1330.276489  120.972855  -3.735337737  5.942626919
1971.108032  237.07962  -2.514561164  6.153317791
860.06897  51.722698  -4.59948711  5.814988545
514.326416  428.343903  -5.236964532  6.490384565
849.529602  527.50885  -4.633043658  6.678774793
1595.045898  762.903564  -3.250146266  7.132244039
801.299377  695.688416  -4.726404402  6.982381437
522.066528  395.404846  -5.223373715  6.431359431
1990.532471  793.893188  -2.48735253  7.201200201
1882.906738  225.05809  -2.686446851  6.131705515
2102.108887  775.862122  -2.26591151  7.171372483
2176.190186  377.392517  -2.115981527  6.417942766
2040.461792  1109.450806  -2.385039907  7.805431897
1305.75708  855.653259  -3.801372849  7.291815907
1305.75708  855.653259  -3.801372849  7.291815907
2218.425781  363.92395  -2.03179766  6.391563723
1924.589233  339.866791  -2.609946881  6.346590009
1997.01001  612.731689  -2.472459731  6.859718817
1955.039795  530.088623  -2.551810663  6.702539746
1627.27417  159.782043  -3.178144235  6.012803576
1627.27417  159.782043  -3.178144235  6.012803576
1595.60083  56.93784  -3.235661461  5.822698903
536.780945  365.804138  -5.195656087  6.378222284
1403.561768  332.4328  -3.604148503  6.331655458
860.531433  424.213165  -4.609382976  6.491388094
1707.021973  360.957825  -3.030326224  6.385708673
243.777954  48.752911  -5.710188164  5.802678808
1895.413086  463.018219  -2.668842088  6.577078693
1895.413086  463.018219  -2.668842088  6.577078693
1248.078857  500.424591  -3.899126534  6.638026879
1983.49231  515.396362  -2.497477394  6.676144437
1573.329102  516.195129  -3.287871759  6.67286253
2146.255371  346.822784  -2.175947721  6.359674524
1617.688599  860.355835  -3.20975881  7.31410087
1942.251831  708.066162  -2.580920271  7.037574677
280.796967  562.29541  -5.664817774  6.724380296
1361.522217  531.337708  -3.688714365  6.697116886
1400.010254  364.36853  -3.611550403  6.390439157
1400.010254  364.36853  -3.611550403  6.390439157
2147.767578  604.848816  -2.172733764  6.848055909
771.684937  160.499634  -4.762636914  6.011603619
169.536163  483.903046  -5.863997094  6.580707762
243.032745  306.607574  -5.719648037  6.264603479
243.032745  306.607574  -5.719648037  6.264603479
1494.753418  709.103149  -3.442451679  7.027643635
809.018127  546.918152  -4.710392617  6.714237981
895.470764  546.639465  -4.549334784  6.714526227
1943.526001  807.468872  -2.580351279  7.224665513
169.595932  502.15918  -5.861938122  6.612959547
1982.187378  1130.575073  -2.505443287  7.83925333
378.394653  224.321579  -5.473584348  6.121196645
310.467194  409.620819  -5.603649598  6.451184764
991.187134  137.426361  -4.36163331  5.971493765
901.862183  45.77906  -4.522404147  5.803711596
1875.677612  76.517166  -2.703690619  5.85489449
1592.236206  1132.767456  -3.264667071  7.82163902
2083.7229  142.743179  -2.297693082  5.976272813
62.033768  87.809837  -6.037594758  5.869035159
62.033768  87.809837  -6.037594758  5.869035159
978.871643  358.552094  -4.391269911  6.37448792
978.871643  358.552094  -4.391269911  6.37448792
1968.753906  141.190475  -2.52228206  5.975196928
372.512238  615.490845  -5.499478999  6.821766512
2179.257568  700.727661  -2.111402589  7.030209734
1526.916748  156.165131  -3.3665657  6.006088913
1540.588379  691.492676  -3.356773831  6.995630428
1928.022095  780.679565  -2.610157878  7.173798676
779.854736  586.218384  -4.762443917  6.783180564
2144.501953  382.730835  -2.179199677  6.427282853
1944.934326  1054.996948  -2.580164281  7.693777028
1579.00647  466.26709  -3.276775908  6.580204654
851.985718  124.729126  -4.617928861  5.946836075
2041.687744  692.195435  -2.385038907  7.010434065
1774.766602  1006.191589  -2.909841845  7.593808181
1774.766602  1006.191589  -2.909841845  7.593808181
1047.746582  398.900879  -4.266001597  6.449187417
1576.873047  1233.44751  -3.29596165  8.009754825
959.203369  247.632065  -4.423486478  6.172195064
1902.11792  48.530739  -2.649255352  5.802658706
1671.679565  265.760864  -3.094656358  6.208894372
2160.885986  576.883118  -2.146160121  6.794248782
1884.783569  1129.792236  -2.695718727  7.833904234
1884.783569  1129.792236  -2.695718727  7.833904234
1029.252441  117.276398  -4.291416255  5.934842773
2162.348145  754.166626  -2.146822112  7.129063447
1480.284912  305.940552  -3.459284452  6.282734453
2047.948975  1245.980347  -2.371875084  8.068110068
1467.401733  821.109802  -3.495516964  7.235129825
1244.410645  50.188782  -3.893020616  5.812934433
1698.006958  121.756157  -3.043661045  5.942016186
1038.745361  681.016418  -4.291454254  6.962704112
1009.545044  93.550545  -4.327125774  5.891602666
933.926697  703.807007  -4.484181661  7.000591811
941.235535  625.403748  -4.46790888  6.858560917
374.692444  413.651886  -5.486936168  6.460101738
1133.758057  403.204376  -4.107577729  6.45878806
1297.407349  886.733582  -3.81618465  7.351971499
1655.982544  342.319397  -3.126574929  6.350849263
1412.24353  103.269341  -3.582099799  5.909498576
1578.584106  811.508484  -3.282789827  7.222052989
333.376251  352.975311  -5.558978199  6.350039764
1551.929199  825.080261  -3.335765114  7.245599875
358.15683  278.634216  -5.510763847  6.217407208
1956.679443  340.026764  -2.549017701  6.345567435
499.47171  452.171814  -5.264796157  6.532931629
1222.503174  1288.804688  -3.968755597  8.092228958
1664.229492  765.826538  -3.119550023  7.138635781
2043.376465  764.322693  -2.381735951  7.147026093
1115.576904  649.958496  -4.148645176  6.908555566
422.801147  653.093018  -5.411056189  6.892464473
1614.769043  780.010742  -3.214768742  7.163191093
1416.240356  150.849854  -3.574874897  5.998047711
1598.945557  501.677856  -3.238799419  6.646187968
1214.29187  107.234314  -3.950063848  5.917607014
1759.03833  32.894333  -2.927507608  5.777027369
1539.751221  526.245911  -3.353052881  6.690632836
2147.862549  496.791138  -2.171345782  6.643248606
1315.872192  1152.991577  -3.790294998  7.842993016
2016.460327  293.481262  -2.430535295  6.259654271
1043.987427  533.581238  -4.275806465  6.693720914
1482.121948  1168.098755  -3.475404235  7.882307117
2055.249756  1168.944092  -2.357282281  7.919920685
1947.310425  215.695679  -2.565926473  6.114343589
1120.3302  39.354137  -4.121659539  5.792093254
1858.112549  591.094238  -2.742801093  6.81657968
1511.460938  1317.694824  -3.4260299  8.157914884
1635.832031  409.183929  -3.168424366  6.475027998
1529.49939  769.972107  -3.377450553  7.141762268
1043.961792  571.084229  -4.277959436  6.762784568
1043.961792  571.084229  -4.277959436  6.762784568
1870.519653  399.09024  -2.715985454  6.457402646
1571.936646  826.281128  -3.297186633  7.248281677
1428.60022  805.429749  -3.568517982  7.204672224
800.962219  676.003235  -4.726048407  6.946416037
1768.103149  17.471329  -2.907067883  5.747452521
1038.199463  255.306641  -4.27913442  6.187266209
2119.473145  540.044922  -2.227330029  6.724846418
1046.877075  344.672241  -4.265620602  6.350315779
1046.877075  344.672241  -4.265620602  6.350315779
1046.877075  344.672241  -4.265620602  6.350315779
1585.232056  812.869629  -3.271296982  7.224119649
1406.630615  1421.691895  -3.623585241  8.356796429
1431.207642  679.238586  -3.56123008  6.97114445
1499.29895  815.02356  -3.434514785  7.225364883
1654.126343  674.568115  -3.136810791  6.96866147
1953.84021  657.132629  -2.557591585  6.94209349
1865.309692  1423.150391  -2.732956225  8.39535395
157.400314  455.625519  -5.880510872  6.527664232
1209.946167  494.928345  -3.969597585  6.627266939
679.165466  43.425545  -4.927589695  5.798491855
1566.769531  1097.534058  -3.31303642  7.75380936
1902.886108  1385.789551  -2.660870195  8.32408403
716.791992  43.471931  -4.858875619  5.799433566
2034.103516  669.14093  -2.396652751  6.966238892
138.390823  432.394226  -5.915635399  6.487139395
2007.278198  717.010742  -2.453584985  7.056059233
1584.659546  456.455627  -3.266042052  6.562108789
1954.627319  867.09552  -2.562171524  7.335565441
1469.586304  472.470093  -3.483814122  6.590372091
1763.044556  1025.602295  -2.93327653  7.62930434
1922.009766  566.69397  -2.615860801  6.771406528
2096.556885  326.885101  -2.274526394  6.322402259
459.407104  433.006042  -5.337024185  6.497043904
803.421692  468.643677  -4.713790571  6.570626546
1131.686768  647.183899  -4.118574581  6.90424055
1548.673096  84.300018  -3.324704263  5.873328347
644.14801  552.709717  -5.007544619  6.718729985
1555.69519  340.606873  -3.316916368  6.347478559
799.887146  289.874725  -4.715760545  6.246606487
1818.066772  1185.032227  -2.826495967  7.935390789
2093.455811  274.180603  -2.278151345  6.2228128
2093.455811  274.180603  -2.278151345  6.2228128
817.394165  180.316406  -4.681065012  6.048097374
1877.923584  584.768372  -2.704970602  6.804808419
1447.049561  379.604126  -3.523603587  6.41896037
1574.634766  505.342377  -3.285602789  6.652544426
1462.591675  456.891327  -3.496535951  6.561500928
1462.591675  456.891327  -3.496535951  6.561500928
1630.540161  1467.443604  -3.193043035  8.462745181
2159.463379  210.981491  -2.148766086  6.103368277
2125.683105  758.790161  -2.217994155  7.138735038
1343.926758  451.184479  -3.718623962  6.549768112
1535.613037  819.718933  -3.365881709  7.235663258
2024.741211  755.78479  -2.418749453  7.130154864
1673.221802  685.822815  -3.100929274  6.98968391
1788.873291  991.584351  -2.882152218  7.567233314
1629.017822  1354.284058  -3.195508001  8.245104983
1644.068848  803.391968  -3.1584355  7.208383819
873.118774  337.971619  -4.583910319  6.335170954
873.118774  337.971619  -4.583910319  6.335170954
1661.957031  817.756348  -3.124712954  7.235730846
1661.957031  817.756348  -3.124712954  7.235730846
1017.833984  270.393219  -4.316970911  6.21447093
1099.546875  633.063477  -4.177481788  6.87758779
1549.167358  144.813019  -3.324762262  5.985134716
1102.755005  546.939514  -4.168917903  6.720376061
1699.763306  336.989105  -3.044273036  6.341389132
2042.772095  157.913757  -2.376268025  6.004981612
914.985413  422.817871  -4.510171311  6.490235179
1550.201172  752.993225  -3.338106083  7.110706569
1884.98938  480.252747  -2.688588822  6.60943988
1051.651855  69.766327  -4.249046825  5.848049957
2142.005371  864.025024  -2.1849406  7.340190997
1487.037231  459.800873  -3.450567569  6.567202077
1906.12854  578.233704  -2.649939343  6.793092955
789.690063  559.155518  -4.742562184  6.734587507
2145.520996  1391.642334  -2.177687697  8.35466128
1037.639771  513.271301  -4.287951302  6.657648953
1340.432861  808.220215  -3.734658747  7.206546779
1958.952393  193.040604  -2.539260832  6.071207957
1391.199585  588.016846  -3.633572107  6.801875726
1351.275391  788.027283  -3.713888026  7.169403585
1499.055176  603.192505  -3.43193682  6.832115443
430.651093  639.341309  -5.395720395  6.867705741
1447.017944  574.175232  -3.528637519  6.777643471
332.774231  665.804626  -5.574151994  6.912205795
1386.18396  825.638062  -3.648656904  7.240948191
1122.184692  132.715836  -4.120556554  5.9631135
1490.677246  164.080917  -3.435430773  6.02145025
1198.156006  1047.530151  -4.007651073  7.641268308
1515.939453  453.613037  -3.395626309  6.556096502
1637.943237  1052.089233  -3.175153275  7.673073346
1393.430786  372.339783  -3.624171233  6.404985842
1049.990967  493.337799  -4.26429162  6.621497053
2107.574463  420.932404  -2.248596743  6.499748867
1067.776367  772.945618  -4.240707937  7.130778475
1067.776367  772.945618  -4.240707937  7.130778475
1544.765381  809.477478  -3.348803939  7.216038943
1676.111328  346.329834  -3.088993435  6.358560843
1212.026611  570.894592  -3.967587612  6.766751284
1050.796509  355.116211  -4.259235688  6.369393571
1335.598022  107.983788  -3.725182874  5.918898389
1574.04834  1185.887329  -3.300909583  7.91969947
372.71225  544.601929  -5.496017046  6.695071911
1610.965942  295.108459  -3.211131791  6.263778683
1500.426147  576.201416  -3.426639891  6.783065628
749.003845  83.981285  -4.801512391  5.872577991
1959.616333  417.675018  -2.545280751  6.492358444
1853.86731  818.93866  -2.754700933  7.243717552
1385.927124  564.651917  -3.643252977  6.759449439
2025.205444  780.698853  -2.418121462  7.177206159
2155.036377  197.953339  -2.154692007  6.079010204
2092.931396  640.843506  -2.283415274  6.913937153
1771.684814  628.829651  -2.911897818  6.885388613
1034.187012  377.692596  -4.290093273  6.410315258
1374.852173  492.510437  -3.661754728  6.625988702
2160.61084  595.751404  -2.146788113  6.830517529
1365.028442  1427.364746  -3.702602178  8.36537862
2108.394287  808.312622  -2.251472704  7.23394374
1949.227051  1261.069336  -2.57063441  8.087231908
260.5802  746.236206  -5.709662171  7.055214368
1433.959106  147.866867  -3.541133351  5.991778961
1977.131104  736.379822  -2.513037185  7.09191129
2126.391357  139.318909  -2.208130288  5.96822988
2081.586426  765.099609  -2.306540963  7.149276511
1698.474854  369.520111  -3.047196997  6.401505118
1686.901978  81.724541  -3.064226768  5.868024987
1639.503174  198.920013  -3.156562525  6.085336629
1639.503174  198.920013  -3.156562525  6.085336629
1583.579102  798.479004  -3.273472952  7.197606238
1453.772217  605.229736  -3.515411697  6.835608812
1572.156128  355.978668  -3.286584776  6.375991155
1605.172363  172.030472  -3.220291668  6.035524016
1658.033447  693.226685  -3.130291879  7.003144603
577.590637  131.631256  -5.113019199  5.957343457
1758.140503  998.049744  -2.943004399  7.576507458
1898.325806  56.799129  -2.656709251  5.81823715
1650.816162  656.299927  -3.143808697  6.934093464
2050.68335  158.685471  -2.363605195  6.006300579
1713.783447  879.547668  -3.025953283  7.353275798
409.580292  93.102966  -5.414344145  5.885283481
1326.270142  706.411072  -3.758793422  7.018476694
1326.270142  706.411072  -3.758793422  7.018476694
1016.686768  363.782593  -4.32222284  6.384645762
1651.700195  164.075455  -3.132291852  6.020735889
1349.305054  310.49173  -3.705347141  6.291417922
1369.783569  775.975525  -3.678493502  7.148393952
1945.393066  622.739136  -2.573097377  6.877212926
36.589264  358.499298  -6.094959987  6.35189344
1936.095215  562.805725  -2.599994015  6.762787749
1960.056274  797.960876  -2.546775731  7.207686729
2147.286377  219.01532  -2.171052786  6.118545884
1321.906372  398.130737  -3.758799422  6.451648408
323.148438  384.873077  -5.579872917  6.406975799
323.148438  384.873077  -5.579872917  6.406975799
1741.690308  1010.053162  -2.97417098  7.599254977
1920.700684  356.066528  -2.618383767  6.37692483
1430.219971  122.766884  -3.548093257  5.94520864
1678.166992  736.474731  -3.092710385  7.084186317
1678.166992  736.474731  -3.092710385  7.084186317
1875.287476  782.915955  -2.7125425  7.176686595
1406.470947  1119.039673  -3.618611308  7.784892766
1406.470947  1119.039673  -3.618611308  7.784892766
1997.008789  340.473541  -2.468377786  6.347644779
1297.879395  847.356934  -3.815300661  7.277326147
1316.429932  1319.049561  -3.792883963  8.155353105
1316.429932  1319.049561  -3.792883963  8.155353105
1681.287598  59.720108  -3.073970637  5.827125383
826.464111  371.451904  -4.669766164  6.395067687
2147.987061  763.348267  -2.173867749  7.148126899
1202.003052  511.498077  -3.984717382  6.657596202
892.65918  455.249847  -4.551814751  6.548623363
1938.84314  1093.080688  -2.588572168  7.767194009
1687.795654  103.234169  -3.061644803  5.90765431
1472.023926  882.928345  -3.48770107  7.350586232
2087.566162  95.069481  -2.289480193  5.886909253
486.480499  113.814987  -5.276344002  5.923628145
1467.277954  431.328308  -3.48692408  6.51444994
1856.518066  807.095337  -2.749281006  7.221595333
1310.668823  815.953552  -3.79090199  7.219078578
1661.012573  1173.805542  -3.133269839  7.90266618
1554.051392  768.627319  -3.330769181  7.139978674
1554.051392  768.627319  -3.330769181  7.139978674
1017.12738  335.803619  -4.320228867  6.333726588
1518.958008  811.598694  -3.398050276  7.219125189
1380.668579  543.351074  -3.652272855  6.720246094
2117.275146  141.079498  -2.233411947  5.972673248
1477.654541  797.625549  -3.476186225  7.191465955
1505.502197  773.430115  -3.422942941  7.147593199
2163.529053  801.067932  -2.141249187  7.221009846
1587.533325  744.244324  -3.266168051  7.096353491
1598.401489  162.806778  -3.232857499  6.018494598
1598.401489  162.806778  -3.232857499  6.018494598
2080.790039  1258.053345  -2.307578949  8.091949578
1525.627319  395.024567  -3.375269583  6.447953883
1377.982422  1328.850586  -3.67645053  8.178205636
1480.462769  347.296539  -3.459706446  6.35950213
1033.615356  191.65799  -4.285626333  6.07112545
1083.320313  494.190796  -4.203141443  6.623793512
1673.000854  332.637848  -3.094283363  6.333050505
1590.75708  335.901581  -3.250785258  6.338731605
1590.75708  335.901581  -3.250785258  6.338731605
2146.189697  139.572067  -2.173456754  5.969329992
2146.189697  139.572067  -2.173456754  5.969329992
1577.602173  482.063721  -3.279860866  6.609663572
2034.839844  790.357666  -2.398832721  7.195893578
1958.552734  434.98111  -2.546469735  6.524609035
1501.645752  563.812927  -3.425681904  6.759427655
1548.394043  1378.394897  -3.35092491  8.286061522
1648.033936  773.560059  -3.151060599  7.152643212
1648.033936  773.560059  -3.151060599  7.152643212
1394.03833  1266.17981  -3.644735957  8.060882848
884.496704  303.022186  -4.562229611  6.271884492
589.565735  307.37326  -5.097804404  6.274040683
1419.438599  821.727356  -3.586103746  7.234540197
1970.312134  828.580505  -2.526545003  7.266086094
1970.312134  828.580505  -2.526545003  7.266086094
1973.476196  444.733063  -2.515505151  6.543344093
2027.901245  404.205963  -2.408508591  6.467415699
1882.013428  633.451111  -2.6976637  6.895876301
1884.935913  1353.909668  -2.697145707  8.262129252
935.990234  256.136475  -4.466900894  6.187432785
942.150269  196.123383  -4.453497074  6.078004045
1959.790039  752.471069  -2.546493734  7.122200387
1618.743164  94.033531  -3.192566041  5.890976615
856.249329  538.296448  -4.621473814  6.698597591
1692.619263  921.642212  -3.066868732  7.431702428
1415.419312  626.025574  -3.5894787  6.872625787
1354.772827  443.665009  -3.698426234  6.535760188
1328.258057  823.300293  -3.757571438  7.234463293
1647.644775  414.259308  -3.145038681  6.484467269
1465.517944  1065.657837  -3.50551483  7.68857262
2050.172852  810.321838  -2.368746126  7.234104335
1423.410522  273.514191  -3.564490036  6.223164996
2174.24585  638.774353  -2.119418481  6.912510675
2111.754883  519.075928  -2.242801821  6.684711157
2111.754883  519.075928  -2.243110817  6.684562617
2127.515869  801.709045  -2.213231219  7.220886732
1005.226196  331.464203  -4.341988574  6.325725925
1417.771606  795.641968  -3.58725073  7.185665868
1427.554932  712.117371  -3.568984976  7.031505108
2000.676514  353.667938  -2.462733862  6.371519371
1030.836792  451.313995  -4.298361161  6.544547729
1779.988647  522.197083  -2.893223069  6.686484077
1032.678101  55.569401  -4.28360636  5.822281046
1830.595581  113.045914  -2.787809487  5.923701017
1324.682129  691.038086  -3.761249389  6.989875141
1348.178223  249.819168  -3.705798135  6.179543669
1772.854492  991.99585  -2.913466797  7.56687028
2173.007568  417.351959  -2.121874448  6.493013356
1004.823303  677.765625  -4.353386421  6.955805748
1752.573975  66.156044  -2.938370461  5.838244973
2033.398071  678.540161  -2.401210689  6.984146873
1550.87793  781.416748  -3.336884099  7.163777499
1833.818359  876.606995  -2.793850406  7.351833789
1833.818359  876.606995  -2.793850406  7.351833789
2050.417236  710.598389  -2.367645141  7.045408317
2053.303711  754.58667  -2.361700221  7.129126763
374.274872  130.262283  -5.478118287  5.951432827
1521.74939  897.362732  -3.393602336  7.379192481
2051.676514  283.945984  -2.360564236  6.241255237
1609.571777  1351.677734  -3.233595489  8.237752011
1579.711914  174.19281  -3.268031026  6.039554495
1995.622314  553.805908  -2.473367718  6.748621944
1609.843994  1238.656372  -3.233261493  8.020909929
1455.201538  798.058594  -3.518309658  7.191860569
1668.711304  106.372673  -3.098769303  5.913367915
2170.241699  834.277527  -2.127909367  7.284705081
1646.272217  20.281086  -3.139377757  5.754423067
265.950958  239.75032  -5.676557617  6.145307504
1651.954102  393.569244  -3.136285798  6.44608003
1874.821045  795.934204  -2.713733484  7.201039565
1874.821045  795.934204  -2.713733484  7.201039565
984.198181  121.101242  -4.374380139  5.941955875
1647.421509  608.693726  -3.149210624  6.845387022
1836.962769  1089.91394  -2.790100457  7.754321262
2084.068115  942.56073  -2.302424019  7.486612266
2084.068115  942.56073  -2.302424019  7.486612266
1918.605591  475.066681  -2.624198689  6.599762398
1877.40625  700.404724  -2.70734457  7.021663914
1637.956177  624.232117  -3.167798374  6.874402296
1504.897583  233.828491  -3.410651106  6.149387894
1426.942017  459.660706  -3.563115055  6.566198597
2080.438721  198.138443  -2.302689015  6.079932551
1932.398682  512.72229  -2.59737705  6.670536865
1932.398682  512.72229  -2.59737705  6.670536865
518.228516  199.580627  -5.223064719  6.078183314
1908.018066  451.37085  -2.64416442  6.555696808
1766.057983  76.691597  -2.912526809  5.857476284
2138.007324  510.888428  -2.191159516  6.669278578
1438.568604  789.548157  -3.549561237  7.17552286
834.67749  491.116364  -4.658675313  6.612313538
1373.850342  695.833435  -3.669229627  7.000085399
925.516418  414.681793  -4.490330578  6.475647589
1310.587646  898.520996  -3.792947962  7.372267353
1292.303833  1101.824341  -3.832764427  7.747641765
2025.630371  428.154938  -2.413278527  6.512351437
2025.630371  428.154938  -2.412882532  6.512461594
2182.111328  314.073059  -2.105341671  6.297900786
164.412277  449.242554  -5.86875203  6.517651121
1545.60791  671.9104  -3.345571982  6.959829413
1545.60791  671.9104  -3.345571982  6.959829413
1580.953979  745.168396  -3.279110876  7.097495439
1979.924316  788.364075  -2.508372247  7.189842658
1875.99707  684.837708  -2.709786537  6.992362926
473.59552  252.287827  -5.304032629  6.172530184
1630.471436  776.520874  -3.184637148  7.157598665
2084.332275  158.317017  -2.295395113  6.005304246
1427.430786  497.601898  -3.564060042  6.635842653
1125.741821  363.435516  -4.12159654  6.385706052
1503.170044  1153.493408  -3.434984779  7.85607049
2190.198486  573.859131  -2.087249914  6.789687209
1860.275757  778.036804  -2.74150411  7.167195743
1934.867554  599.009766  -2.593294105  6.832509673
1325.177856  570.214355  -3.757145444  6.767903704
1325.177856  570.214355  -3.757145444  6.767903704
1488.394775  564.043274  -3.450670568  6.759959644
1488.394775  564.043274  -3.450670568  6.759959644
1494.513184  797.678894  -3.443733661  7.192513152
2099.056641  286.118774  -2.266499502  6.245219708
1330.121826  634.464111  -3.749710544  6.885898126
1513.130249  319.245148  -3.396886292  6.307887693
1463.537354  813.49115  -3.50255687  7.220978242
1463.537354  813.49115  -3.50255687  7.220978242
2000.179199  220.858826  -2.456805941  6.123971587
1316.703613  731.557068  -3.777186174  7.064333676
557.698608  702.142456  -5.168880448  6.985362771
1856.620483  1258.526611  -2.751690973  8.077834282
1685.880859  70.960373  -3.066723734  5.84886072
1205.60022  114.924477  -3.966845622  5.93130483
1087.030396  183.5159  -4.187291656  6.056392263
1470.980713  490.616211  -3.482829135  6.623626755
1682.056274  161.781906  -3.074615628  6.016312646
2087.959961  538.356873  -2.293094144  6.719650463
1540.741211  791.564697  -3.356307838  7.182579029
2128.800049  133.927551  -2.208170287  5.959016096
1907.007935  199.252182  -2.641263459  6.08355114
2012.809937  766.462341  -2.445697091  7.148632325
842.596985  689.0755  -4.650823419  6.971636785
1592.376831  525.022095  -3.252722232  6.689414021
1915.115967  485.407928  -2.6308036  6.619120927
1049.281494  183.603409  -4.255856733  6.05650456
811.65625  266.372314  -4.693462845  6.204275357
1667.268677  857.177002  -3.114799087  7.310206707
1667.268677  857.177002  -3.114799087  7.310206707
699.896484  32.089878  -4.888737217  5.777002058
1868.582153  376.993927  -2.719336409  6.415805093
1505.132813  956.305054  -3.427170884  7.487605424
863.969971  118.286263  -4.594178181  5.935918613
2090.369629  794.886047  -2.288738203  7.206224525
1888.575928  780.943787  -2.686785847  7.173233716
278.96106  86.00634  -5.64883499  5.869755882
2187.574951  833.363037  -2.09127786  7.284071514
1881.838867  808.818115  -2.700281665  7.225444335
1334.354736  352.451508  -3.733923756  6.368070407
1930.576172  205.279343  -2.596806057  6.0948446
1816.483765  813.371704  -2.826951961  7.232366412
1816.483765  813.371704  -2.826951961  7.232366412
1640.376709  1087.740112  -3.171129329  7.739951311
1483.638916  176.762665  -3.448906592  6.044439861
1330.220947  562.273071  -3.747524573  6.753408407
2054.063721  793.013123  -2.36103923  7.201293799
2021.996216  600.070618  -2.422280406  6.836175053
1438.078125  708.20166  -3.548896246  7.024723125
1666.901855  772.840515  -3.114347093  7.152001501
1373.407349  785.621643  -3.672107588  7.165974493
481.983643  576.609192  -5.301081669  6.756699757
1900.671997  768.823242  -2.663202164  7.150766209
2023.341309  776.602844  -2.421382418  7.169639632
2068.681885  1181.172241  -2.330630639  7.944051016
1183.886475  335.248413  -4.012912002  6.335081748
2139.074219  577.02301  -2.190258528  6.794497656
2139.074219  577.02301  -2.190258528  6.794497656
1367.497803  484.005127  -3.675755539  6.610041721
2135.470215  553.90802  -2.19678444  6.749864148
1471.134155  412.681091  -3.479019186  6.480097949
1565.575684  776.51886  -3.308813477  7.155190041
1481.491821  718.209839  -3.467386343  7.044806548
1467.811768  870.409424  -3.495683962  7.326743496
1967.758667  149.212753  -2.522211061  5.989352873
1604.972534  578.025452  -3.229580543  6.787773543
1909.927979  564.222107  -2.641906451  6.766831022
1586.831055  302.216583  -3.257785163  6.27688145
1422.800903  785.047485  -3.579141839  7.166567683
1422.800903  785.047485  -3.579141839  7.166567683
2129.13623  503.765533  -2.208434283  6.655143115
1835.794678  1179.546875  -2.791815433  7.926001824
1331.665649  154.423279  -3.733984756  6.004355277
1631.735352  912.63208  -3.184925144  7.411357722
1527.077026  405.997467  -3.373327609  6.468259388
1527.077026  405.997467  -3.373327609  6.468259388
1667.473877  316.797485  -3.104687223  6.303640085
1895.491821  785.738159  -2.67316603  7.182602167
628.221741  544.902588  -5.036122234  6.704136193
1958.10022  783.392639  -2.550905675  7.180128121
887.944702  297.351929  -4.555546701  6.261665849
1549.673828  840.285217  -3.339710061  7.273820246
1332.157959  314.647797  -3.737192713  6.298513418
1968.234131  467.502716  -2.525957011  6.586019044
2228.62793  572.010864  -2.008862969  6.787511203
1995.849121  901.166748  -2.476446677  7.404508308
1995.849121  901.166748  -2.476446677  7.404508308
1883.874023  317.113647  -2.688077829  6.304044518
1323.062744  663.006836  -3.763629357  6.938177356
1586.437866  394.888  -3.260633125  6.448131741
841.835632  386.294434  -4.642272534  6.422331434
1945.697998  694.160828  -2.574855353  7.011284047
1433.260376  278.579285  -3.546193283  6.23252612
2096.705811  505.40976  -2.2740684  6.658516113
1876.363892  851.618591  -2.711663512  7.305651215
1607.774292  804.196472  -3.227828566  7.208794508
2172.424316  163.890747  -2.121452454  6.014772485
1013.264893  683.297852  -4.338090627  6.965943626
1519.135864  788.652649  -3.397086289  7.176153487
1462.336426  1455.959839  -3.517078674  8.42799124
1337.347778  1286.844116  -3.752497507  8.096047061
1298.869507  1151.262695  -3.82213157  7.839057184
989.36853  131.982437  -4.365244261  5.961793678
1388.048584  134.684433  -3.627836184  5.967416007
620.403381  113.390999  -5.035546242  5.924550037
1355.149292  337.096619  -3.694825283  6.339883254
290.318848  133.827347  -5.628823259  5.955814406
1997.867188  852.084473  -2.472447731  7.311371437
2096.887451  401.635681  -2.272415422  6.462861908
2096.887451  401.635681  -2.272415422  6.462861908
39.054779  19.605877  -6.074511262  5.747425037
149.302612  489.397522  -5.898561629  6.589696081
149.302612  489.397522  -5.898561629  6.589696081
2067.255371  792.308777  -2.334961581  7.200401127
2080.23877  639.147034  -2.308113942  6.911026127
2080.23877  639.147034  -2.308113942  6.911026127
2020.540771  803.206055  -2.427592334  7.219446569
515.772156  573.065979  -5.24008049  6.751205172
1557.750488  154.146805  -3.308709478  6.002345985
1237.543701  1003.855164  -3.932537084  7.562968006
1456.872192  663.223328  -3.512996729  6.941729616
1456.872192  663.223328  -3.512996729  6.941729616
1651.010254  754.840942  -3.144736685  7.117864678
2088.872559  496.165985  -2.288352208  6.641375115
1593.738525  1209.089722  -3.263376088  7.964894482
1427.343262  151.812546  -3.554178175  5.999157786
1644.805542  201.340866  -3.147012654  6.089892082
2088.191895  626.845825  -2.292755149  6.887248753
1440.907349  819.308044  -3.545290295  7.231377017
267.897552  616.245483  -5.689457443  6.821080583
2082.839355  805.927002  -2.303598003  7.227313596
305.260193  503.105286  -5.617939405  6.618925823
2010.749512  801.772827  -2.44876605  7.215754338
902.485535  22.917189  -4.520929167  5.762308854
1985.334839  134.698151  -2.488796511  5.961983522
1528.932373  671.496643  -3.377352555  6.958766286
1113.961548  175.546631  -4.13723333  6.041605738
1558.629272  334.936523  -3.310914448  6.336976487
1651.731689  292.713867  -3.133714833  6.258850639
1938.094849  385.262024  -2.585515209  6.431421768
1750.342896  579.37384  -2.951927279  6.792519952
1530.680176  657.520447  -3.373740603  6.932300985
1672.442505  469.209747  -3.099132298  6.586691482
1672.442505  469.209747  -3.099132298  6.586691482
2053.576904  800.809448  -2.360786233  7.216862531
1353.961914  406.426117  -3.699219223  6.46730255
1689.700317  845.458191  -3.071551669  7.288493529
1411.940308  828.096008  -3.600513552  7.246055303
1983.221924  410.895874  -2.4970084  6.479766461
1983.221924  410.895874  -2.4970084  6.479766461
1336.661743  307.689362  -3.728671827  6.285807198
1573.815186  278.824127  -3.281401846  6.233012772
1362.129761  673.912598  -3.690484341  6.959678491
1002.710999  423.267822  -4.349319476  6.49277616
2070.882813  765.297546  -2.326409696  7.149904546
1908.281372  450.042023  -2.643919424  6.552790415
346.055634  431.013153  -5.540355449  6.490447315
1499.951904  969.967468  -3.436561758  7.513542281
1702.014282  813.544617  -3.047455994  7.229255615
1719.089844  113.29425  -3.003592584  5.926265592
602.985535  162.395966  -5.068929793  6.012616556
20.5823  289.936096  -6.119790652  6.229069572
2114.1521  452.112701  -2.238194883  6.557905188
2035.632568  1365.118774  -2.39743374  8.295315436
1718.50647  106.199211  -3.004781568  5.913187646
1322.410034  150.676331  -3.750957527  5.997323586
1194.608887  101.715828  -3.986200362  5.907061525
1169.701172  994.825562  -4.05990337  7.541004662
1662.387207  387.226898  -3.115144083  6.434346323
1655.450928  1041.432861  -3.14133373  7.653990403
1655.450928  1041.432861  -3.14133373  7.653990403
1462.719604  368.58847  -3.49358799  6.398606064
1416.622925  628.722534  -3.587584726  6.876707112
1628.240967  936.01416  -3.191470056  7.455151671
1578.954346  782.07782  -3.283241821  7.166199217
1408.28186  810.090759  -3.606902466  7.212286364
2017.769897  434.729462  -2.428949316  6.524531815
1489.960449  854.120667  -3.453326532  7.297466159
2213.490723  180.061661  -2.041393531  6.045426573
1096.664673  359.818146  -4.174884823  6.378684042
2123.757568  780.453125  -2.221712105  7.180169172
442.025299  660.866699  -5.37608366  6.906728809
1440.911987  672.647949  -3.543033325  6.959106301
1643.024658  170.033493  -3.149274624  6.032215395
1166.115601  551.301697  -4.052079475  6.729527281
1565.746704  185.052002  -3.294507669  6.059702446
1525.210205  332.652863  -3.374443594  6.332696841
1947.713379  552.989319  -2.568313441  6.74601291
1509.783447  1056.905151  -3.421362962  7.674688563
1525.257202  802.120789  -3.38584144  7.201364264
539.178101  495.838043  -5.195610088  6.612915036
521.914795  342.420898  -5.221932734  6.335668854
2112.360107  579.788086  -2.242919819  6.799463729
1642.123779  814.180847  -3.162708443  7.228095068
1348.033081  1320.535278  -3.733173767  8.160355133
1913.768677  553.84906  -2.634134555  6.746293717
2130.677246  378.374359  -2.208533282  6.418754189
2071.427002  157.477798  -2.320558775  6.003818928
1865.724487  836.38916  -2.731756242  7.276933434
1317.787964  748.085388  -3.775833193  7.094469787
425.753937  236.384003  -5.388929487  6.143070412
2083.580322  93.702583  -2.29709409  5.884501874
2083.580322  93.702583  -2.29709409  5.884501874
1453.460571  812.171204  -3.521781611  7.218077191
1760.241943  70.476524  -2.925523634  5.846642456
926.253418  690.061096  -4.497408483  6.975574095
856.29071  14.445476  -4.605263032  5.74672072
1482.156738  577.257568  -3.462733406  6.783900833
1649.792603  770.809509  -3.147366649  7.147596062
2013.047974  697.93689  -2.441974141  7.020299843
2115.650146  797.002686  -2.239856861  7.210705824
2082.164307  786.858093  -2.305165982  7.190685191
1532.846924  810.01062  -3.371373635  7.216815075
1105.821167  730.763489  -4.169432896  7.055169247
2180.902588  190.378967  -2.105789665  6.065055631
1538.987427  383.350647  -3.349707926  6.426606939
2083.755127  381.277405  -2.298125077  6.424531807
2083.755127  381.277405  -2.298125077  6.424531807
1979.914429  579.051453  -2.5044653  6.796137837
1979.914429  579.051453  -2.5044653  6.796137837
2063.426758  1025.7229  -2.340495506  7.646458724
799.451172  237.724228  -4.715072554  6.152075133
1657.401978  127.334511  -3.120401012  5.952814447
1634.976318  802.142761  -3.176056263  7.205569876
353.360352  556.817139  -5.532514555  6.716791815
1659.061646  314.682861  -3.120499011  6.299709119
1949.014526  513.30658  -2.565031485  6.671590775
2001.344604  491.048157  -2.461233882  6.631015151
2001.344604  491.048157  -2.461233882  6.631015151
999.761292  63.686253  -4.344254544  5.837117869
2060.492188  415.809265  -2.343857461  6.489430058
1524.884521  546.550232  -3.381315501  6.727844166
1648.165771  695.90271  -3.149039627  7.007971932
1952.35144  1081.833984  -2.563079511  7.745903227
368.307953  264.041504  -5.4920291  6.191074946
2069.381592  132.185242  -2.324900716  5.956581905
265.156342  625.039001  -5.694996368  6.836740933
2105.023926  438.137146  -2.256752633  6.531160761
1416.157227  1333.168701  -3.603975505  8.188963749
1577.660278  760.779785  -3.285704788  7.126235377
1343.807373  311.031342  -3.715457005  6.291903596
1017.69342  616.647522  -4.327625768  6.845176821
2004.60022  801.56958  -2.458198923  7.216442936
584.78363  751.486511  -5.122033078  7.075594112
349.923462  304.076477  -5.527233626  6.262800518
1313.165039  678.422119  -3.7826831  6.965804576
2124.078613  350.941254  -2.218816144  6.367687688
831.970947  677.391724  -4.669544167  6.94982717
1943.540161  723.146729  -2.579330293  7.065990375
1598.174438  1149.916626  -3.253634219  7.854018255
1536.934082  351.343323  -3.352789885  6.367259802
1396.891113  822.746948  -3.628631173  7.235470219
671.781128  33.679089  -4.940362523  5.781060806
1471.098755  815.426453  -3.488329061  7.224986119
1914.884888  657.443115  -2.634030557  6.941616598
892.095825  651.75769  -4.558885656  6.90536377
227.14241  343.708832  -5.751446609  6.330357166
1541.130005  820.619507  -3.355812844  7.236772318
1386.951538  298.068176  -3.6341071  6.26831301
489.160278  238.15979  -5.275642011  6.147459513
803.984375  732.042236  -4.722874449  7.048272091
1501.915649  790.918213  -3.430141844  7.180196109
1497.245361  362.123779  -3.427787876  6.386963716
1531.52124  549.731873  -3.368281677  6.734060585
1257.732544  553.748901  -3.882432758  6.736261493
165.623596  214.329376  -5.85764818  6.097083567
1262.846191  548.240784  -3.872857887  6.726126011
842.237244  274.572998  -4.638306587  6.219486528
1648.526001  405.244843  -3.143203705  6.467582638
1498.899292  299.076691  -3.423138938  6.270265751
1411.930298  369.744019  -3.589415701  6.400685722
2074.802979  658.971802  -2.319913783  6.948035538
2074.802979  658.971802  -2.319913783  6.948035538
2124.025391  311.503845  -2.218622146  6.292806165
232.614243  328.150909  -5.741256746  6.302740964
959.572021  49.653248  -4.417465559  5.811058831
1024.037476  523.519043  -4.313184962  6.675703841
1573.708008  300.760986  -3.281886839  6.273044935
1740.669678  602.29248  -2.971379017  6.83507541
1060.989746  681.69165  -4.25015381  6.964707904
1520.724731  674.109436  -3.393113342  6.963300175
1920.297729  557.403259  -2.621739722  6.754543212
1917.005615  365.059265  -2.624675682  6.393724097
1301.970093  800.775391  -3.80649678  7.191425094
1588.249023  633.93512  -3.262866095  6.890978312
1400.219849  1211.952271  -3.632485121  7.958285782
2057.704346  769.776917  -2.353471332  7.157451936
1377.998779  384.592987  -3.653199843  6.42744515
1448.302856  337.083893  -3.519487642  6.340504252
2192.79248  818.87793  -2.081333994  7.25611366
2104.990479  1389.049194  -2.258396611  8.347624209
885.681091  481.536957  -4.565188571  6.5963029
1572.062988  784.79657  -3.296588641  7.170997457
1893.641357  15.794189  -2.666795116  5.742401631
1864.16272  655.531555  -2.732192236  6.937326982
1849.133667  802.072815  -2.76381081  7.211866806
912.098022  353.973389  -4.513151271  6.36498227
2087.144775  774.242188  -2.295421113  7.166880071
1337.070557  723.991699  -3.739113687  7.050796983
390.596832  292.71109  -5.453829614  6.243402716
1036.021606  347.202332  -4.285887329  6.354752321
1633.040771  793.874817  -3.178895225  7.189253018
1648.631836  1081.813599  -3.155695537  7.72868582
1550.389038  1111.053345  -3.344000003  7.778767888
1389.659668  778.977051  -3.641456001  7.154164339
1297.734009  814.782715  -3.814891667  7.216749799
1550.861328  1092.440552  -3.343836005  7.742729878
290.574768  563.935059  -5.646883016  6.727892976
948.26709  343.977142  -4.446564167  6.347236587
1049.911865  469.882782  -4.263979624  6.578750526
1411.899902  864.070007  -3.601195542  7.312703431
2182.255127  922.246887  -2.103996689  7.453201418
1620.896362  453.096436  -3.196711985  6.556247298
656.569824  489.002838  -4.983063948  6.603979715
290.661865  334.70105  -5.636099161  6.316083695
750.005493  723.631653  -4.820759132  7.030970436
1043.389648  209.072479  -4.268246567  6.103094931
2117.564209  778.142029  -2.23392494  7.175682166
1563.206055  1242.449951  -3.322253296  8.026336444
1682.985474  343.040527  -3.075889611  6.352451336
554.037842  377.192291  -5.16426051  6.399224159
1937.448975  718.742371  -2.590815138  7.057646901
1615.306885  797.66272  -3.214119751  7.196316972
1451.860229  801.791809  -3.524479575  7.198663221
1936.505127  141.171524  -2.585204214  5.975373789
1505.030273  813.225098  -3.424436921  7.221517115
560.164673  132.741089  -5.144550775  5.958589037
1491.022339  576.035217  -3.446250627  6.781723237
987.950134  378.973389  -4.374464137  6.41184141
1464.186768  548.959656  -3.495970958  6.731512022
1931.081177  296.264923  -2.596068067  6.265045106
1032.999512  431.697113  -4.293746224  6.50874281
620.185242  152.995575  -5.038014209  5.995597646
1491.718628  955.762634  -3.452707541  7.485935609
866.921265  353.167542  -4.595666161  6.362644354
352.900513  286.23645  -5.521802699  6.230803661
2070.163574  807.996643  -2.329031661  7.230159307
1029.069702  586.49408  -4.305857061  6.790491256
1839.832397  715.059937  -2.780263589  7.048449294
1909.997314  688.55188  -2.643721426  6.999947069
1337.939575  784.774902  -3.738818691  7.163150397
1337.939575  784.774902  -3.738818691  7.163150397
1324.55188  761.499573  -3.763488359  7.119434654
1377.790161  798.348877  -3.664052697  7.189754586
1557.731567  67.158386  -3.307134499  5.841915162
1738.424316  532.113708  -2.973956983  6.703803554
1528.202637  789.735107  -3.380137517  7.178549663
2062.084473  566.649597  -2.342634478  6.773812813
1260.320679  572.241638  -3.877881819  6.769610219
1413.164307  353.316406  -3.586094746  6.370179291
1476.869385  215.740479  -3.462032415  6.116407097
1325.9552  627.416016  -3.757223443  6.872780199
1447.936279  807.477661  -3.531982474  7.209437879
1447.936279  807.477661  -3.531982474  7.209437879
1855.367798  799.153687  -2.751398977  7.206551414
1553.156128  346.801208  -3.321414307  6.358911184
1642.732056  359.070313  -3.152684578  6.382021741
1435.962524  545.411377  -3.548907246  6.72436222
2004.236694  728.637634  -2.45914991  7.078192009
2004.236694  728.637634  -2.45914991  7.078192009
598.274048  18.985455  -5.071924752  5.754168495
598.274048  18.985455  -5.071924752  5.754168495
1140.629028  725.96759  -4.104917764  7.048505499
1673.005981  265.983154  -3.09233139  6.209383088
788.113647  613.68158  -4.747434119  6.833399637
508.090088  410.583862  -5.247954384  6.458113633
508.090088  410.583862  -5.247954384  6.458113633
1587.187866  718.666443  -3.267307035  7.047973197
1587.187866  718.666443  -3.267307035  7.047973197
1953.231689  723.400757  -2.56094154  7.066462759
168.993027  184.159744  -5.850130281  6.043167292
156.548416  217.301102  -5.874209957  6.102508106
705.205078  545.64563  -4.896332115  6.70790596
1963.814209  1170.442383  -2.539985822  7.916296891
2091.330811  860.972412  -2.286547232  7.332163581
342.933685  274.850067  -5.538683472  6.210502917
342.933685  274.850067  -5.538683472  6.210502917
685.837463  575.770996  -4.932807624  6.761943123
926.252502  575.372742  -4.494134527  6.767902709
1816.306274  118.544235  -2.813756138  5.933714229
2010.899536  774.534851  -2.446057086  7.165096868
1516.961792  622.046936  -3.398843265  6.867082738
1633.740967  207.870438  -3.167188382  6.101883807
2152.212158  767.64447  -2.164641873  7.15687335
463.852417  411.347076  -5.327303316  6.45828803
1880.822021  392.120758  -2.69620972  6.443943902
1941.060059  328.998779  -2.577712314  6.326259196
936.050903  324.25528  -4.468524872  6.311310068
936.050903  324.25528  -4.468524872  6.311310068
2159.513672  818.52301  -2.149535076  7.254025597
2033.366211  412.372345  -2.397562739  6.483495626
1360.296997  644.652771  -3.6935233  6.905417445
1679.012939  618.96991  -3.088249445  6.865337537
506.079956  335.033905  -5.248663374  6.322112324
1317.991211  774.666504  -3.775906192  7.143952672
875.492981  450.371185  -4.582999331  6.539448961
2012.982788  408.099731  -2.438632186  6.474664085
870.215759  158.508041  -4.58382232  6.009077389
257.645538  442.808044  -5.701053287  6.509371868
1615.475342  396.912781  -3.205637865  6.452119993
1316.040283  724.816101  -3.778189161  7.051991935
2028.302734  564.300964  -2.409294581  6.768780429
1617.359619  540.614075  -3.205142872  6.718253467
1154.577759  824.491272  -4.082030072  7.228524514
1864.761353  642.181458  -2.730663256  6.912384915
1864.761353  642.181458  -2.730663256  6.912384915
1531.896973  765.370178  -3.372779616  7.133398715
1633.012695  1156.929077  -3.186749119  7.869541247
1633.012695  1156.929077  -3.186749119  7.869541247
1907.955566  570.022949  -2.646221393  6.778064491
1566.070068  426.832153  -3.299824598  6.507172466
1918.677002  473.096619  -2.623823694  6.596057018
1656.574951  90.299316  -3.121316  5.883975921
1056.403931  765.007751  -4.26129766  7.116316336
1387.051392  319.792297  -3.634610093  6.308382671
1329.75061  684.544006  -3.75153152  6.97805991
1443.949219  811.954956  -3.539640371  7.217243471
585.158691  71.235191  -5.097508408  5.848264239
108.965836  486.944214  -5.970815657  6.583954803
108.965836  486.944214  -5.970815657  6.583954803
1007.415283  574.022095  -4.345227531  6.767331056
1007.415283  574.022095  -4.345227531  6.767331056
772.133057  694.952759  -4.779466688  6.979828849
1303.648315  794.883545  -3.803146825  7.180571133
205.184235  591.454041  -5.801655933  6.774532931
1350.847778  802.021851  -3.714980011  7.194898128
1351.915405  775.819763  -3.712396046  7.147036116
1351.915405  775.819763  -3.712396046  7.147036116
2018.980835  700.708984  -2.430327298  7.025544848
1310.205688  1434.005249  -3.807184771  8.372859316
839.78833  667.466125  -4.655265359  6.932485989
1490.744751  364.878052  -3.440523704  6.391959603
197.243103  313.947968  -5.804285898  6.276363526
197.243103  313.947968  -5.804285898  6.276363526
568.096375  310.570648  -5.13678488  6.279341147
2230.583496  1253.252808  -2.003158046  8.095034707
1421.19397  544.86908  -3.576477875  6.722907659
886.455505  617.810852  -4.568337529  6.843789256
886.455505  617.810852  -4.568337529  6.843789256
1486.816772  228.22998  -3.444055657  6.13957178
1651.817993  783.044922  -3.144088693  7.170353226
1390.74646  867.054382  -3.641411001  7.317603787
1692.457275  188.946503  -3.054176903  6.066143512
337.573853  456.035309  -5.557049225  6.535186174
2036.163086  835.882568  -2.397086745  7.281850389
1359.147827  1160.976563  -3.708850094  7.860693768
1072.496216  464.777191  -4.222302185  6.569828363
259.717926  131.540024  -5.683425524  5.951419689
1035.693115  425.917023  -4.288739291  6.49826108
415.225494  114.013947  -5.404187282  5.922963049
1514.74231  563.282898  -3.40073324  6.758826898
880.211365  347.411163  -4.571275489  6.35246142
1513.057495  660.587402  -3.407781145  6.937765366
912.820007  320.78183  -4.510854302  6.304581675
1435.795288  780.840576  -3.554467171  7.159335883
354.527374  149.178802  -5.513734807  5.985134639
1947.186646  597.955872  -2.56985242  6.83075995
369.455292  391.786896  -5.496128044  6.420635961
1157.716553  862.167969  -4.077452134  7.297520384
2122.443359  484.160828  -2.221807103  6.618839079
2034.299194  382.835388  -2.39667475  6.42717743
1410.119019  790.793152  -3.602930519  7.177154241
1374.726929  607.004639  -3.665186681  6.836685084
1843.535645  1074.828491  -2.776205644  7.727225336
1966.820068  1315.068848  -2.53494389  8.193202015
464.156494  388.84436  -5.32551734  6.417891236
1353.359131  797.025574  -3.710312074  7.186267578
1064.821411  115.877678  -4.226181133  5.932610496
1708.82373  127.053253  -3.023358318  5.951889929
1078.385498  570.130798  -4.21452629  6.762221165
511.992065  447.935059  -5.242076463  6.525614743
1826.831543  911.1651  -2.807168227  7.416727483
1552.547607  1089.602661  -3.340131055  7.738288787
1408.508057  519.083557  -3.599388567  6.67556514
2003.843628  1242.073608  -2.459992898  8.056638728
2056.361816  759.593567  -2.356329293  7.138015599
2188.645264  161.418533  -2.090299873  6.010145396
431.406891  631.937195  -5.393969419  6.854351877
2152.424561  801.502747  -2.163626886  7.221387686
483.102448  161.476456  -5.283806901  6.009278948
2124.269775  572.699158  -2.21907514  6.786328879
1673.9104  873.611694  -3.102587252  7.340813606
1348.837036  615.544495  -3.713948025  6.851638779
2047.512085  20.753223  -2.366903151  5.748295073
1933.716919  601.471802  -2.595603074  6.83715608
1355.692139  328.483887  -3.693490301  6.324226151
1463.529663  540.537903  -3.496740948  6.715480292
1463.529663  540.537903  -3.496740948  6.715480292
