559.088745  1259.670776  -7.382090667  6.602690038
1207.812012  1333.354492  -6.209976439  6.763251514
1179.683472  1109.692871  -6.255879821  6.352446873
111.082436  852.788147  -8.168249088  5.857736255
100.359245  1446.12439  -8.231643235  6.934523771
51.79821  1349.733154  -8.31377813  6.757359371
882.734497  1401.144653  -6.803350454  6.875862783
882.734497  1401.144653  -6.803350454  6.875862783
508.768982  989.922791  -7.458716636  6.114732892
1039.800781  1394.343506  -6.517883296  6.868681481
109.335564  831.851563  -8.167181103  5.81914435
563.264526  804.555847  -7.353140056  5.786989572
563.264526  804.555847  -7.353140056  5.786989572
160.481918  1028.9823  -8.091911116  6.175662963
842.991699  986.221375  -6.857690723  6.11892215
143.333527  804.766418  -8.105975926  5.772749894
191.62204  803.050781  -8.019377092  5.771357721
52.91362  1138.07019  -8.2937204  6.369052543
103.699593  1300.315674  -8.214114471  6.665667227
53.08963  840.117249  -8.269074732  5.832440746
350.887085  1074.273438  -7.750024716  6.263354464
240.424072  1341.348511  -7.967320792  6.743982343
1131.5177  1353.76062  -6.349552561  6.797923738
1166.098511  1303.82959  -6.285523422  6.706527915
554.525696  918.292542  -7.37293479  5.988329093
119.273705  1444.646362  -8.197191699  6.931969925
561.127441  1399.006958  -7.388641579  6.863175878
1126.305786  1029.536011  -6.35032455  6.204573801
673.943481  1214.261108  -7.172075493  6.524042605
398.721069  1278.355469  -7.675085724  6.633644186
1084.033447  1154.606689  -6.430146476  6.430408891
366.301788  862.564758  -7.707968282  5.882722783
1131.075073  862.033691  -6.337254726  5.903820623
1121.053345  1308.678345  -6.36744132  6.714514591
387.212799  879.941467  -7.67171677  5.914576018
387.212799  879.941467  -7.67171677  5.914576018
684.055298  1330.650391  -7.159695659  6.735272922
105.654961  1491.522583  -8.226275308  7.019213011
1199.009521  1218.060669  -6.223169261  6.552048812
337.984772  1465.532104  -7.79879706  6.975641513
1053.202393  1318.826782  -6.490951658  6.729931266
1244.596802  1312.617432  -6.142655345  6.725832652
173.185516  1422.628052  -8.096265057  6.891919309
493.596161  1178.373901  -7.496164132  6.453314553
1035.21814  1322.758423  -6.524142211  6.736399806
1035.21814  1322.758423  -6.524142211  6.736399806
1035.407837  1154.463623  -6.517786297  6.42825345
431.688446  1199.269409  -7.609518607  6.48983793
950.565796  1111.350708  -6.669540255  6.348651618
120.485481  1014.030701  -8.161262182  6.146336791
434.25412  858.065063  -7.583872952  5.875541934
123.159218  1299.84729  -8.179367939  6.666243947
568.243652  1073.175049  -7.356680009  6.26694261
1003.821655  1381.618896  -6.58293642  6.844942448
760.726257  836.421021  -6.998875823  5.847818796
1090.994629  1376.67041  -6.424156557  6.837403823
149.396408  878.999512  -8.102064979  5.906469723
1231.409546  1476.47644  -6.169961977  7.031191833
165.016113  836.757202  -8.069489417  5.830599371
110.030403  1351.917358  -8.205736584  6.760604254
114.229088  887.32782  -8.163910147  5.919349911
644.177124  1080.364014  -7.21988785  6.281794867
14.14079  884.553772  -8.343034737  5.910507874
937.918762  1052.758911  -6.689932981  6.240994738
702.786438  864.041443  -7.104037408  5.895769817
1232.020752  1410.520508  -6.167756007  6.906569064
104.724617  1478.789307  -8.227101297  6.994886353
88.772949  1182.779297  -8.233420211  6.452363302
934.035339  773.255554  -6.686566026  5.739204944
933.151917  1440.128296  -6.713664661  6.948664562
715.770508  767.626343  -7.076089784  5.723977955
711.014587  1370.391479  -7.11287229  6.808445545
1080.398315  1124.618774  -6.43653139  6.378897265
1144.065063  1212.240234  -6.323129916  6.53783294
976.862732  881.670288  -6.613897004  5.934804946
976.862732  881.670288  -6.613897004  5.934804946
1145.356201  1076.865967  -6.317232996  6.291007728
78.683304  865.473389  -8.226236308  5.878883498
78.683304  865.473389  -8.226236308  5.878883498
1101.833862  1076.482666  -6.39570994  6.288913472
1113.540527  1429.930298  -6.384591089  6.937950423
190.131073  850.883362  -8.024786019  5.85645992
1094.658936  987.863098  -6.4060848  6.128977452
77.53653  881.675354  -8.229575263  5.90769133
76.937767  1022.044312  -8.240668114  6.159540048
54.093307  1241.48999  -8.299472323  6.556871205
687.958069  748.301514  -7.124838129  5.688648717
1088.139282  1421.843994  -6.431129463  6.921085389
1088.139282  1421.843994  -6.431129463  6.921085389
70.768448  783.383545  -8.233824206  5.731739416
404.801178  1028.143555  -7.649928063  6.181975264
1014.759094  833.691467  -6.544615936  5.84992202
1142.513184  1160.620361  -6.324697895  6.443597942
1118.507324  1277.786865  -6.37113827  6.657768802
425.207764  1036.129395  -7.61371155  6.196912061
184.053314  1264.751953  -8.065013478  6.603318508
1104.922974  804.934204  -6.382559117  5.801124206
1755.015259  1171.126587  -5.201843004  6.490937717
2071.878662  1260.860352  -4.598773119  6.678068415
2059.778564  1060.283813  -4.623193791  6.305884869
142.092896  871.581055  -8.112606837  5.892371778
2014.861328  1459.454834  -4.702995717  7.049569989
1995.571045  877.09668  -4.749882086  5.964363737
1123.904541  1102.165894  -6.356557466  6.336459288
913.405151  1322.434082  -6.744801242  6.733600679
509.291321  1160.734375  -7.466651529  6.422469789
987.760925  1220.523071  -6.606496103  6.547486497
1156.465332  1078.087769  -6.29755426  6.299956092
1156.465332  1078.087769  -6.29755426  6.299956092
2217.538086  877.004761  -4.326608781  5.973514833
1596.995239  1327.280518  -5.485228191  6.793251127
2163.108887  1093.947021  -4.424563463  6.373844926
2036.515991  1447.176147  -4.662408263  7.026990042
1557.441895  1444.396484  -5.566597096  6.989546201
1107.23584  918.352112  -6.381079136  6.004100179
2045.859985  846.312073  -4.652085402  5.911219691
1710.308594  998.104919  -5.286050871  6.171454901
1710.308594  998.104919  -5.286050871  6.171454901
1657.093018  1173.866699  -5.385434534  6.488944071
1559.137817  1153.112671  -5.565812107  6.447773403
379.211517  986.928589  -7.69396647  6.107411706
379.211517  986.928589  -7.69396647  6.107411706
984.771912  905.199951  -6.600660182  5.976960971
700.121887  1475.508667  -7.129758062  6.981729592
2011.820435  788.593811  -4.72206746  5.80203525
2212.037354  1425.300415  -4.327368771  6.995478059
2212.037354  1425.300415  -4.327368771  6.995478059
1312.112183  787.042908  -6.011383111  5.775256142
1697.155396  1210.200562  -5.310094548  6.558935286
1015.852844  1156.768555  -6.55319982  6.431973432
1012.59375  1066.544067  -6.556040782  6.268506332
2109.413574  1151.65271  -4.525939099  6.479010364
1720.733398  1193.973999  -5.263663172  6.533223244
620.327271  882.938965  -7.252947405  5.927505161
1514.032471  1453.090088  -5.648535994  7.00153369
1514.032471  1453.090088  -5.648535994  7.00153369
1190.320679  869.176392  -6.230981156  5.919990282
942.659302  1328.407227  -6.692421947  6.743846832
1219.029785  1439.671631  -6.191911682  6.960544533
832.581055  1001.718018  -6.877320459  6.145719038
1552.23584  790.84613  -5.576555962  5.789678885
2193.869141  1237.283447  -4.363979278  6.642654683
2119.633301  1296.679321  -4.504895382  6.7501285
2088.922119  1332.397705  -4.561891615  6.816865907
959.214111  1187.1521  -6.656770427  6.486419346
1127.313599  835.015198  -6.343273645  5.855592769
1127.313599  835.015198  -6.343273645  5.855592769
2086.107422  1473.032349  -4.56895952  7.076565018
2003.748901  1406.305664  -4.727536386  6.945983008
556.942749  1157.113403  -7.380901683  6.417210483
1119.703247  1238.91333  -6.369957286  6.581172018
1043.476929  764.084595  -6.491034657  5.726245214
1491.677856  1058.277954  -5.688326458  6.271156513
589.842529  1278.809204  -7.325438429  6.63589284
1712.714966  1422.748535  -5.278349975  6.957475988
1367.646851  1197.88623  -5.916130393  6.52137186
1124.6521  1166.129272  -6.357118459  6.453246205
2012.190063  1029.574707  -4.714348564  6.247073707
1961.866821  836.13678  -4.815386204  5.887587867
1961.866821  836.13678  -4.815386204  5.887587867
2050.260742  921.414307  -4.64555349  6.047907887
370.12326  785.299683  -7.694959457  5.743982454
1217.938965  1315.185547  -6.19129469  6.730592961
1306.167114  1272.748535  -6.029413868  6.656292824
700.685242  1388.742065  -7.132678023  6.842065417
2080.310791  1075.322632  -4.584083317  6.334978729
2080.310791  1075.322632  -4.584083317  6.334978729
894.059875  1346.556396  -6.780765758  6.773926222
894.059875  1346.556396  -6.780765758  6.773926222
383.285461  1296.310669  -7.703993335  6.665201246
570.088196  890.155884  -7.344157177  5.938970834
1294.652588  773.542969  -6.041667704  5.75170513
946.172791  1197.93689  -6.680736104  6.505674334
986.262939  1470.261719  -6.618433943  7.007461433
1044.259521  769.094543  -6.489936672  5.735503317
972.277222  1013.75946  -6.626491834  6.171631765
972.277222  1013.75946  -6.626491834  6.171631765
943.858337  822.782166  -6.670344244  5.827711843
943.858337  822.782166  -6.670344244  5.827711843
1328.563599  1200.228027  -5.985235463  6.527869556
1569.87085  758.74408  -5.544226397  5.732532208
370.408722  841.016846  -7.698314412  5.84389332
1223.28833  1191.523926  -6.178619861  6.503924891
128.705627  1199.207275  -8.162137171  6.483413749
711.937378  1053.023926  -7.096124515  6.234215869
2091.066895  1330.029053  -4.56079863  6.808005927
977.275757  1001.174866  -6.617573954  6.148923691
1350.671631  973.551392  -5.94382302  6.112864189
1882.275879  1318.996094  -4.956279309  6.778197468
1186.331665  1309.026611  -6.247707931  6.715648524
795.499512  1246.72522  -6.954718418  6.587707322
728.472778  1427.193481  -7.084669669  6.914830483
2037.803101  851.109985  -4.671025147  5.918016309
1005.089966  1311.459717  -6.578139485  6.715727151
2158.377441  736.08606  -4.441684233  5.712630449
1131.075073  862.033691  -6.337300726  5.903942649
1042.697754  1142.644165  -6.50414748  6.406404132
1061.056396  1055.389282  -6.468837956  6.249422021
1168.172974  851.192261  -6.270644622  5.886666217
2133.799561  1072.74231  -4.480742707  6.33355593
1715.599487  861.904724  -5.277042992  5.923790708
511.658783  1161.569336  -7.46287658  6.423905365
1973.994507  822.937134  -4.7934145  5.863451913
183.335434  1035.984009  -8.050945667  6.18925581
1311.807617  848.848022  -6.011904104  5.886730842
2078.438477  1041.625244  -4.588740254  6.272077809
1584.904419  1330.108887  -5.516200774  6.77723856
340.419556  801.47937  -7.750539709  5.772874183
1789.610107  1021.338013  -5.135192901  6.220328747
468.400452  1198.823975  -7.543763491  6.490523847
468.400452  1198.823975  -7.543763491  6.490523847
715.033081  790.968872  -7.078523752  5.765525997
715.033081  790.968872  -7.078523752  5.765525997
2166.353027  1079.874146  -4.418428546  6.348817187
463.527496  1098.551147  -7.54759744  6.31019588
2050.095459  844.569641  -4.647568463  5.906691791
2001.922485  1367.435303  -4.729014367  6.875446834
791.750061  1232.138672  -6.960867335  6.561503184
791.750061  1232.138672  -6.960867335  6.561503184
893.542969  1291.060547  -6.779200779  6.672790486
668.46582  1474.936646  -7.196393166  7.001488071
1691.579224  1232.714111  -5.320110413  6.60053361
2128.520996  1149.387939  -4.489777586  6.475670527
2121.143799  1071.111572  -4.505731371  6.329305988
821.530334  1280.965088  -6.90923703  6.651159886
698.303467  1010.830322  -7.11878321  6.158146129
2111.595215  1486.526733  -4.518817195  7.105308899
1137.299072  1171.56311  -6.334345765  6.463347034
1014.029907  1153.590942  -6.554845798  6.4276912
144.16304  1034.764038  -8.122105709  6.186048755
1031.411743  1358.110718  -6.531794108  6.802082496
926.990417  1055.059814  -6.709683715  6.244728314
1891.761841  1324.03772  -4.93906954  6.786958811
1470.001465  1353.006714  -5.729006911  6.814700368
1477.794922  813.333618  -5.711663144  5.828124958
1630.098999  1060.575562  -5.436118852  6.279731411
925.711121  1084.509766  -6.713388665  6.298127536
689.340027  1183.669922  -7.142268894  6.468299125
1231.822266  1450.476196  -6.168662995  6.982411014
1231.822266  1450.476196  -6.168662995  6.982411014
1494.768188  836.097229  -5.681365552  5.869393217
1615.690918  1060.199341  -5.462049503  6.278593395
2038.082397  1483.64856  -4.658757312  7.095935759
1219.300171  1191.411133  -6.185676766  6.503830456
1219.300171  1191.411133  -6.185676766  6.503830456
1683.087646  1297.135498  -5.334315222  6.721798507
1691.944458  883.133728  -5.320837403  5.960668562
949.222229  1273.772339  -6.678234138  6.64501232
1642.972412  1117.932739  -5.411041189  6.38614806
968.227295  1202.126099  -6.641130637  6.514643281
1826.235474  819.219788  -5.070820767  5.850904206
1119.661133  797.029541  -6.356798463  5.788454381
1232.733521  1102.706421  -6.160177109  6.340954835
145.362106  1285.959473  -8.137557501  6.641282687
1644.217163  1125.720459  -5.409235214  6.400137292
1106.895142  1076.822144  -6.38679006  6.289745708
980.301697  1076.03125  -6.614538995  6.284431533
2206.342773  1409.639282  -4.337974628  6.966205214
999.057007  912.901306  -6.575082526  5.991248943
1250.790161  1091.552734  -6.126838558  6.322950079
1008.097351  1084.496704  -6.564706666  6.29992818
975.300354  1082.512207  -6.624203865  6.296067275
2197.658447  871.458313  -4.365224262  5.962051673
2049.831055  1123.674683  -4.642372532  6.422305293
1782.383423  887.973694  -5.151082687  5.975226789
1732.591919  1311.584595  -5.241203475  6.75156168
328.27298  1419.75647  -7.811138894  6.888125075
328.27298  1419.75647  -7.811138894  6.888125075
475.466309  892.937134  -7.513636897  5.940202761
1536.314087  1175.758789  -5.606721556  6.488217242
1096.677124  1059.796753  -6.40461982  6.258565599
329.204712  1084.047119  -7.790182176  6.280406937
554.053101  1384.642944  -7.400083425  6.833520985
2227.389893  1290.814941  -4.297944167  6.745401759
1255.540771  1006.767761  -6.116461697  6.168724172
1514.542847  1034.259277  -5.647764004  6.226981492
1491.74646  1356.453125  -5.689589441  6.819954022
2183.397949  1157.082153  -4.384458003  6.492666139
111.887138  1361.420654  -8.203699611  6.777855494
2084.902344  1135.956787  -4.573713456  6.448318619
1769.314453  858.154053  -5.175831354  5.920259948
712.781067  1490.025146  -7.116328243  7.028752508
1519.585693  1112.625977  -5.636833151  6.372097871
1055.820313  1423.961914  -6.489792674  6.922744586
1626.025269  1100.585083  -5.442651764  6.353012323
1640.907715  1374.296753  -5.414147147  6.858542704
1640.907715  1374.296753  -5.414147147  6.858542704
1010.069458  1311.74585  -6.569164606  6.716407409
995.581482  1112.023682  -6.588263349  6.349898797
1093.82666  1129.863525  -6.411791723  6.385480316
609.989746  757.281677  -7.264563248  5.702249106
2191.462158  1074.321411  -4.371746174  6.338345305
1791.423706  863.707336  -5.13453491  5.931067785
992.02002  1068.718628  -6.593226282  6.271535359
1267.778931  783.117493  -6.090038053  5.76802959
1207.992432  1288.275024  -6.208802455  6.679990716
1073.640991  1358.230225  -6.45516714  6.804006205
1123.252319  925.917297  -6.352968515  6.018437142
623.699768  1381.112183  -7.272146146  6.826156186
2004.899292  1459.693115  -4.723148446  7.047994091
661.141968  1097.818359  -7.189758255  6.313232272
1638.658203  1040.722412  -5.419743072  6.243386216
392.078644  1269.667969  -7.686478571  6.616892284
1707.543823  857.898376  -5.291406799  5.916570834
1754.291138  1398.140259  -5.199775032  6.914571196
322.113403  833.656982  -7.786345227  5.830041169
411.994385  1272.924927  -7.650804051  6.624091736
1198.418457  1124.715332  -6.222162275  6.381343782
659.286438  869.03833  -7.182806348  5.903799375
1140.209717  1093.36853  -6.326842866  6.321073327
2042.06665  1214.762573  -4.654557368  6.592449681
1238.186401  1090.477173  -6.149219256  6.319849719
794.923584  1325.690674  -6.959358355  6.731964238
1471.190186  1046.318848  -5.726312947  6.247935921
935.72998  1012.664124  -6.692042952  6.167666785
1709.331055  986.774841  -5.287768848  6.150537781
541.897278  1354.439575  -7.420591149  6.777904349
918.493042  1322.993652  -6.735689365  6.733472773
918.493042  1322.993652  -6.735689365  6.733472773
971.163269  1195.191895  -6.635419714  6.501418779
453.714233  764.448608  -7.542864504  5.70910629
2064.918945  749.640381  -4.619919835  5.733969889
1225.032349  1110.971069  -6.173937924  6.356606568
1225.032349  1110.971069  -6.173937924  6.356606568
577.558044  1022.079285  -7.335143299  6.174179978
1510.916504  1039.978882  -5.654667911  6.236649349
841.857361  1246.326294  -6.871250541  6.589344702
1115.166382  901.186462  -6.366973326  5.973520601
536.693481  1360.376953  -7.430388017  6.788590817
672.518799  910.332153  -7.160609647  5.977801365
672.518799  910.332153  -7.160609647  5.977801365
1472.467651  1166.507324  -5.723695982  6.46902444
714.145447  862.723877  -7.084010678  5.893801199
1240.601685  868.801025  -6.140492374  5.920645943
435.920959  1301.464111  -7.608833616  6.676203499
470.749054  1187.124268  -7.538779559  6.469425422
470.749054  1187.124268  -7.538779559  6.469425422
2172.935547  1132.820557  -4.404272736  6.447463422
760.155518  1078.78479  -7.010683665  6.282161063
179.624985  1359.74646  -8.079374284  6.775939966
410.941559  868.999451  -7.627058371  5.894893549
666.096252  1089.964478  -7.180654377  6.298769465
666.096252  1089.964478  -7.180654377  6.298769465
677.002258  1101.014893  -7.161352637  6.319304645
946.899719  1134.787964  -6.676958155  6.390143428
727.122314  1456.709961  -7.08834062  6.968790102
547.656982  1012.0625  -7.390206558  6.15633902
1247.25647  1066.012939  -6.132756478  6.277163943
653.496094  893.091003  -7.194216195  5.946603652
451.810638  882.360962  -7.554384349  5.920136951
987.189392  816.503113  -6.593623277  5.818951462
554.003906  923.368408  -7.374020776  5.997288618
1145.746948  1137.657837  -6.318040985  6.401840884
1145.746948  1137.657837  -6.318040985  6.401840884
1050.321167  796.046265  -6.479842808  5.783508416
1071.065063  915.080139  -6.446408257  5.997589675
266.896881  1301.941284  -7.916624474  6.67241047
266.896881  1301.941284  -7.916624474  6.67241047
375.859833  1403.05249  -7.724569059  6.860215695
612.3078  981.077454  -7.27186715  6.10232283
2075.434814  793.995605  -4.59948711  5.814988545
1741.970093  1137.453979  -5.223373715  6.431359431
2066.123047  1159.595947  -4.609382976  6.491388094
1504.791382  1303.329834  -5.664817774  6.724380296
1475.016602  1055.846436  -5.719648037  6.264603479
1475.016602  1055.846436  -5.719648037  6.264603479
2095.76123  1277.267456  -4.549334784  6.714526227
1397.621216  1246.855591  -5.861938122  6.612959547
1609.133911  974.312622  -5.473584348  6.121196645
1538.14563  1155.830322  -5.603649598  6.451184764
2116.881348  786.784119  -4.522404147  5.803711596
1594.822144  1353.436279  -5.499478999  6.821766512
2130.669678  1431.019043  -4.484181661  7.000591811
1601.986084  1159.701904  -5.486936168  6.460101738
1589.481934  1027.639771  -5.510763847  6.217407208
2238.273193  1261.221069  -4.275806465  6.693720914
1387.78479  1200.009155  -5.880510872  6.527664232
1939.617188  788.535095  -4.858875619  5.799433566
1681.593506  1175.282959  -5.337024185  6.497043904
2221.307861  1007.283264  -4.316970911  6.21447093
2232.855957  1243.890991  -4.287951302  6.657648953
1650.355469  1377.794678  -5.395720395  6.867705741
1554.275269  1404.222534  -5.574151994  6.912205795
1596.809692  1286.698364  -5.496017046  6.695071911
2233.44165  1111.785767  -4.290093273  6.410315258
1640.636475  842.18573  -5.414344145  5.885283481
1268.533203  1107.083862  -6.094959987  6.35189344
2035.828369  1109.559814  -4.669766164  6.395067687
2219.286133  1071.761108  -4.320228867  6.333726588
2150.097412  934.852783  -4.453497074  6.078004045
2207.233887  1067.384888  -4.341988574  6.325725925
1393.68042  1194.998291  -5.86875203  6.517651121
2042.629517  1417.433228  -4.650823419  6.971636785
2024.671753  1007.048523  -4.693462845  6.204275357
1923.630737  775.558167  -4.888737217  5.777002058
1840.806274  1281.188477  -5.036122234  6.704136193
1844.622437  859.05072  -5.035546242  5.924550037
1524.018677  883.619324  -5.628823259  5.955814406
2117.427002  764.257019  -4.520929167  5.762308854
1660.786255  1398.030029  -5.37608366  6.906728809
2012.97937  978.730347  -4.715072554  6.152075133
1599.683105  1012.529907  -5.4920291  6.191074946
1488.832275  1365.237061  -5.694996368  6.836740933
1794.871094  1481.735718  -5.122033078  7.075594112
1457.271973  1091.278687  -5.751446609  6.330357166
1398.002808  963.829529  -5.85764818  6.097083567
1514.569702  1305.681885  -5.646883016  6.727892976
2151.811035  1079.654297  -4.446564167  6.347236587
1868.797607  1226.021484  -4.983063948  6.603979715
1786.427124  879.165283  -5.144550775  5.958589037
1729.662598  1153.225708  -5.247954384  6.458113633
1729.662598  1153.225708  -5.247954384  6.458113633
1402.001709  933.964417  -5.850130281  6.043167292
1388.801147  967.209717  -5.874209957  6.102508106
1573.927612  1024.120483  -5.538683472  6.210502917
1573.927612  1024.120483  -5.538683472  6.210502917
1894.938354  1310.258179  -4.932807624  6.761943123
1687.475464  1155.104492  -5.327303316  6.45828803
2079.822754  1185.299072  -4.582999331  6.539448961
1484.923462  1188.432983  -5.701053287  6.509371868
1812.019653  818.041504  -5.097508408  5.848264239
1337.914185  1232.402344  -5.970815657  6.583954803
1337.914185  1232.402344  -5.970815657  6.583954803
1789.006592  1053.915405  -5.13678488  6.279341147
1494.049561  882.013123  -5.683425524  5.951419689
2118.47583  1057.72998  -4.510854302  6.304581675
1711.736572  909.112732  -5.283806901  6.009278948
78.835793  668.894592  -8.209897528  5.527708867
539.477173  1322.704834  -7.421596135  6.716235565
554.695557  743.477844  -7.362794927  5.676169271
554.695557  743.477844  -7.362794927  5.676169271
338.723083  753.29425  -7.749296726  5.686369364
435.736694  273.046478  -7.546432456  4.844739608
926.976013  27.275316  -6.67439519  4.432414373
947.716492  196.9328  -6.642977612  4.727147523
379.050598  233.031677  -7.644468136  4.773416064
379.050598  233.031677  -7.644468136  4.773416064
930.087769  560.770874  -6.686176031  5.36325865
339.719696  1072.14978  -7.770099446  6.259127695
339.719696  1072.14978  -7.770099446  6.259127695
499.493103  1088.750244  -7.481826325  6.293651978
661.024597  1101.446167  -7.190332247  6.320106504
359.482635  276.562012  -7.680410653  4.848383285
82.937546  1105.136475  -8.236819166  6.31039051
197.366577  287.863495  -7.964941824  4.862720282
732.013672  624.076904  -7.039472277  5.469413323
706.007996  768.408569  -7.093602549  5.72472808
706.007996  768.408569  -7.093602549  5.72472808
996.546204  314.942444  -6.560718719  4.933874899
996.546204  314.942444  -6.560718719  4.933874899
53.917194  989.589294  -8.281251568  6.101085682
122.337372  104.641167  -8.089434149  4.54180177
391.546814  741.032471  -7.652524028  5.666231884
1023.75354  584.199036  -6.520898255  5.407511381
126.422607  374.552643  -8.098434028  5.01107049
969.620789  1094.787231  -6.634398728  6.317483365
265.070282  1332.573242  -7.922737392  6.730163068
84.646545  485.34317  -8.181408911  5.203783792
494.222076  205.757874  -7.440417882  4.729736625
488.852325  526.078308  -7.466220535  5.28889543
411.639587  143.193024  -7.582898965  4.618596689
628.694519  437.740234  -7.213869931  5.137946871
1052.64856  210.292191  -6.459116086  4.753076223
985.426514  682.247192  -6.592220295  5.58029978
76.262459  596.603516  -8.206138579  5.399260914
432.157837  745.055847  -7.579999004  5.673836548
235.126144  1240.280518  -7.970708747  6.559934666
409.621246  1310.719482  -7.656706972  6.690919439
136.917084  1136.695068  -8.14214944  6.369401444
471.404297  432.504669  -7.491573194  5.124010331
1079.418213  598.165588  -6.42240858  5.434742253
47.178204  390.821289  -8.237418158  5.036901772
322.109131  466.131226  -7.756973623  5.177764654
972.041443  713.08551  -6.616865964  5.632916503
1061.967163  633.254028  -6.45439715  5.494682478
638.832214  108.804924  -7.181415367  4.566056936
595.695984  582.483276  -7.279766044  5.391361073
398.673279  653.729065  -7.633571283  5.510782289
398.673279  653.729065  -7.633571283  5.510782289
87.927017  6.485551  -8.145369396  4.371342062
716.128235  1001.951721  -7.086483645  6.142856159
64.239136  1275.047363  -8.28331254  6.617834058
562.850708  554.638123  -7.336772277  5.341578631
160.116837  201.665131  -8.027980976  4.711615985
116.577072  1283.582031  -8.189808798  6.636344073
667.139587  236.320724  -7.137084964  4.788449871
574.167786  631.726257  -7.320601494  5.47784519
670.906494  338.304657  -7.134486999  4.965908207
377.329681  610.288391  -7.669282802  5.433359279
112.356163  536.19281  -8.136259519  5.29378193
571.865356  480.261902  -7.316870545  5.211229051
35.19175  579.022461  -8.277428619  5.366708808
125.580406  637.094849  -8.122279707  5.472528067
95.11055  1271.663208  -8.227488291  6.613311931
664.063232  557.855103  -7.156887697  5.350336283
1022.067505  762.866821  -6.529321142  5.724160953
959.838074  473.384216  -6.63051478  5.212443866
959.838074  473.384216  -6.63051478  5.212443866
239.773331  429.645599  -7.901785674  5.110833624
1090.669556  816.679443  -6.408401769  5.821074335
410.116333  333.820038  -7.595509795  4.950025996
703.736267  230.376724  -7.072173837  4.779151147
347.336182  1081.196899  -7.756343631  6.274869987
347.336182  1081.196899  -7.756343631  6.274869987
281.847809  540.49939  -7.834832575  5.30725441
281.847809  540.49939  -7.834832575  5.30725441
714.43988  1338.067993  -7.105691386  6.75121383
917.906677  679.72937  -6.712970671  5.577066762
950.66095  639.700134  -6.652464485  5.503335162
409.564636  500.36438  -7.605964654  5.241340081
73.029793  282.892609  -8.185384858  4.84949634
73.029793  282.892609  -8.185384858  4.84949634
258.563049  227.80188  -7.855138302  4.760576468
96.0867  483.021942  -8.165089131  5.200158771
848.643738  167.001205  -6.815980284  4.672684955
459.434723  331.402435  -7.508152971  4.946899705
391.709625  22.995413  -7.611597579  4.410286109
884.261414  806.855774  -6.776631814  5.797956697
592.299133  628.863403  -7.288333929  5.473648179
483.779877  390.065277  -7.467695515  5.050311113
1055.112915  544.829041  -6.46407202  5.338457181
15.816051  1155.412964  -8.362013481  6.399218466
24.923628  768.917664  -8.314677118  5.704076434
633.117493  1097.116821  -7.24066757  6.311837746
740.090088  596.530884  -7.023171497  5.420029028
640.90448  424.10611  -7.191392233  5.115007064
166.954407  772.925415  -8.061610523  5.716725367
53.969292  287.990784  -8.219669397  4.857992595
60.323872  529.802734  -8.226917299  5.28047801
92.224411  748.937439  -8.192060768  5.670817185
461.549957  1409.450439  -7.570953126  6.877658345
861.809875  967.837158  -6.823214187  6.085676013
861.809875  967.837158  -6.823214187  6.085676013
72.89032  1063.988525  -8.251009975  6.235001427
948.592346  759.173035  -6.660153381  5.715033538
715.960327  24.688683  -7.042838232  4.422429874
58.165905  827.444641  -8.259343863  5.809376701
1058.533325  1081.680542  -6.473827888  6.296609537
933.723267  1488.871704  -6.714858645  7.041361649
1046.461304  1053.165405  -6.494700608  6.245195256
582.437866  297.910065  -7.288822922  4.892843086
698.498718  1406.543579  -7.137454959  6.874547396
868.790222  150.375656  -6.780048768  4.644737656
713.756836  656.517639  -7.073756816  5.526057036
419.542908  54.406429  -7.56395122  4.465408596
524.895081  72.380486  -7.38035869  4.499538695
394.934906  531.147888  -7.633156289  5.29451613
394.934906  531.147888  -7.633156289  5.29451613
476.355591  1088.223267  -7.523183768  6.291341889
380.514893  868.95929  -7.681523638  5.893536848
396.546021  548.500122  -7.63157731  5.325202562
968.530396  838.91449  -6.627449821  5.858106152
534.534729  1152.688599  -7.421474137  6.409077536
375.753082  1008.422485  -7.700892377  6.145345038
377.785858  1089.466064  -7.702348358  6.291352438
412.526917  598.929626  -7.606122652  5.415313355
106.233299  787.169861  -8.170430059  5.739935697
551.904968  464.341644  -7.351111084  5.182574517
290.0354  1284.269409  -7.872432069  6.640513054
593.567322  739.369446  -7.293065865  5.669959735
455.437469  566.666565  -7.527750707  5.3591734
615.640686  90.932549  -7.221681825  4.534777627
415.986603  1070.38208  -7.632233301  6.258717261
1039.086304  748.363037  -6.498494557  5.698275374
714.690491  77.457794  -7.047138174  4.51425823
507.589752  1036.370483  -7.46438856  6.199566914
507.589752  1036.370483  -7.46438856  6.199566914
756.333435  374.890076  -6.985318006  5.032303401
756.333435  374.890076  -6.985318006  5.032303401
122.929779  767.572144  -8.139024482  5.705621895
182.616974  1414.11084  -8.077811305  6.875731935
278.3974  772.911377  -7.859493243  5.719384569
589.640991  1477.715576  -7.341351215  7.006787244
1051.085449  335.526245  -6.465290003  4.970992905
610.243774  212.131149  -7.236517626  4.744494174
348.819916  717.774414  -7.728486006  5.622740903
395.79184  1189.181641  -7.674267735  6.470687265
79.224686  458.870483  -8.187692827  5.156885085
550.812195  323.930084  -7.34616015  4.937033814
550.812195  323.930084  -7.34616015  4.937033814
610.933655  436.899536  -7.24514151  5.136396933
606.617554  272.800751  -7.244773515  4.849703672
460.440521  28.16523  -7.491379196  4.421080283
909.450439  1347.022583  -6.753087131  6.776777322
909.450439  1347.022583  -6.753087131  6.776777322
28.185377  416.864716  -8.272483686  5.081569661
621.06311  1131.048218  -7.264085255  6.372706156
621.06311  1131.048218  -7.264085255  6.372706156
939.501038  1318.647461  -6.697519878  6.726290782
399.199799  801.252319  -7.642144168  5.772452871
966.165405  11.979841  -6.60528712  4.406703045
642.757019  280.186768  -7.181381368  4.864159118
506.898041  504.647217  -7.433622974  5.252433905
648.790222  493.464325  -7.180753376  5.236439197
138.25322  725.630188  -8.107701903  5.630790683
718.204224  1312.018311  -7.097008503  6.702474884
904.957153  1486.991089  -6.767170941  7.035334107
717.258911  802.430298  -7.075201796  5.786008358
503.606689  329.538055  -7.429748026  4.945159927
1060.241821  354.814423  -6.449689213  5.004683015
79.938507  336.039124  -8.176668975  4.942700508
200.705612  271.963501  -7.958243914  4.83550269
241.014648  1358.991943  -7.968311779  6.778354449
944.735474  866.561768  -6.670874237  5.906540265
26.545948  523.635132  -8.288319473  5.269158346
430.376282  784.221924  -7.585588929  5.743298742
509.791626  196.399216  -7.412635256  4.713968925
162.963928  701.15155  -8.061582524  5.588195019
443.258301  429.193268  -7.541087527  5.117117489
475.527222  1329.931274  -7.539170553  6.730067913
32.356251  374.491791  -8.262363822  5.007828251
118.125481  476.216034  -8.121259721  5.188385561
118.125481  476.216034  -8.121259721  5.188385561
925.908264  58.066044  -6.677070154  4.486054391
407.414337  344.979248  -7.60031773  4.969094956
505.050842  1295.058838  -7.482659314  6.665664229
517.125732  1.670387  -7.390369556  4.377484872
942.419678  852.018616  -6.674517188  5.88077174
1025.256348  1172.511963  -6.536766042  6.460306246
1025.256348  1172.511963  -6.536766042  6.460306246
534.084717  1116.169678  -7.42053415  6.343555906
563.002136  188.520905  -7.31867852  4.701816324
1022.561951  1042.38855  -6.537368033  6.224918657
1022.561951  1042.38855  -6.537368033  6.224918657
129.301331  1476.237549  -8.181638908  6.989906907
929.333008  986.566467  -6.702779808  6.120753808
186.842804  656.314331  -8.01430316  5.50914916
1014.247864  1007.059692  -6.551199847  6.161575419
389.619293  544.82782  -7.643632148  5.318427431
149.631805  1171.826782  -8.121822713  6.434088708
134.934097  1178.503052  -8.149052347  6.445936826
381.440247  1365.755249  -7.710924242  6.790087132
835.954468  194.613586  -6.838870976  4.720618692
140.738251  865.325073  -8.112641837  5.87940115
66.183922  599.096436  -8.224519331  5.40344925
704.138611  1436.305176  -7.12845608  6.928486867
446.585358  1485.675903  -7.603058694  7.016999644
447.289978  596.667114  -7.543791491  5.41171925
533.445129  1260.263306  -7.428977036  6.6031904
578.371887  313.170258  -7.296555818  4.919293759
781.105652  975.146545  -6.968554231  6.096491297
370.164215  874.381836  -7.701966363  5.904148914
451.297852  774.865234  -7.547702438  5.727413362
47.320145  748.560181  -8.27292168  5.668612063
682.722473  1493.513306  -7.171434502  7.036174631
379.379028  738.516602  -7.674632731  5.660710959
152.975067  6.920648  -8.031126934  4.374176029
689.063354  690.244751  -7.119809196  5.585499356
222.280548  780.082947  -7.962664855  5.731931217
651.663025  406.732178  -7.171506501  5.084748701
995.844971  663.084351  -6.573053553  5.546583328
151.439926  1360.109253  -8.130641594  6.775574415
500.380341  472.536774  -7.442631852  5.195210241
379.400391  850.487183  -7.68282362  5.860926773
1005.667114  1429.624634  -6.581325442  6.933280849
1005.667114  1429.624634  -6.581325442  6.933280849
710.384583  1115.633301  -7.101929437  6.346947049
184.758347  249.386337  -7.985705545  4.795472204
689.303955  1488.021729  -7.159165667  7.025740112
607.555176  579.090637  -7.258450331  5.385805598
346.22226  849.547791  -7.743250807  5.858839565
380.458496  750.270935  -7.673411747  5.681738207
135.722015  1015.239441  -8.135796525  6.150678302
85.474541  888.577026  -8.216099445  5.920533207
455.407043  424.021362  -7.519205822  5.108725211
189.272369  618.247559  -8.006704262  5.441570891
189.272369  618.247559  -8.006704262  5.441570891
598.887512  682.772888  -7.279718044  5.569106415
598.887512  682.772888  -7.279718044  5.569106415
696.029968  1492.921631  -7.146903832  7.034568139
696.029968  1492.921631  -7.146903832  7.034568139
85.20639  871.089111  -8.216529439  5.89056375
664.679382  1286.29126  -7.192738215  6.654389987
760.127014  266.0383  -6.974347154  4.842830504
646.21106  603.133484  -7.19084024  5.429200232
496.379578  1032.020508  -7.48443929  6.191421345
78.292908  1131.061646  -8.248433009  6.358281654
418.158966  466.101166  -7.587449904  5.181036185
48.146461  562.884766  -8.252938949  5.338666026
881.905762  73.325722  -6.754485112  4.511557351
881.905762  73.325722  -6.754485112  4.511557351
159.505951  252.908325  -8.030330944  4.800716242
483.028717  1014.572449  -7.50670999  6.158635743
483.028717  1014.572449  -7.50670999  6.158635743
94.050827  15.117286  -8.135230533  4.386281943
707.689392  1316.710693  -7.116227244  6.710862978
431.184387  339.680939  -7.558149298  4.960660188
94.776482  289.599518  -8.147728365  4.862031412
174.077591  103.064606  -7.997771382  4.541453139
174.077591  103.064606  -7.997771382  4.541453139
575.245361  7.86275  -7.289026919  4.389936848
536.722229  1023.676575  -7.410797281  6.177108831
178.631454  635.760803  -8.027733979  5.472163919
381.345001  1066.212036  -7.694418464  6.249655463
370.6875  1286.555664  -7.726605031  6.64736029
370.6875  1286.555664  -7.726605031  6.64736029
1085.711426  1040.349854  -6.423673563  6.221848105
1024.397095  1096.372314  -6.535764055  6.32187898
547.904053  927.090576  -7.384934629  6.003618918
1069.666016  890.803345  -6.448105235  5.954017757
411.728668  390.932892  -7.594850804  5.049446745
233.289276  1339.724609  -7.978949636  6.738578411
364.121399  697.381348  -7.698871404  5.587505879
583.754944  337.493591  -7.288472927  4.96183138
625.543884  237.854965  -7.21019298  4.789786498
55.819637  549.966614  -8.237206161  5.315330096
698.273071  529.915405  -7.094345539  5.301554045
338.860321  694.050598  -7.743827799  5.5806124
94.265976  622.718689  -8.176906972  5.446519398
821.690918  1260.473511  -6.908026046  6.613830344
506.191132  1012.772522  -7.465498545  6.156766619
146.287949  1183.518188  -8.128920618  6.455247826
98.867317  738.86853  -8.178408952  5.652966971
128.22316  870.610535  -8.136484516  5.889043914
407.770233  733.202209  -7.622212436  5.651438281
888.134399  196.558441  -6.747542205  4.725456828
95.150383  107.623001  -8.138676486  4.546368136
999.597961  606.711548  -6.564499668  5.446322742
596.477966  407.897156  -7.269408183  5.084989225
497.578522  1318.424438  -7.498123106  6.70923972
421.913055  626.962524  -7.590816858  5.464306469
87.521896  226.37265  -8.157935227  4.751937824
627.941467  323.530945  -7.209853985  4.938841252
61.937153  1335.062012  -8.293344405  6.728448307
564.110535  293.053101  -7.320867491  4.883805199
696.981934  561.693481  -7.098373485  5.357724076
82.819267  1170.817261  -8.243295079  6.430338932
917.678589  727.095154  -6.714162655  5.657216772
63.430126  319.619049  -8.204944595  4.913333461
518.820251  905.819702  -7.435989942  5.964576522
579.484497  1150.259521  -7.339887235  6.404898828
233.195587  1006.806946  -7.959049903  6.138521958
621.269287  1367.061646  -7.275843097  6.80073309
671.892822  487.098755  -7.139439932  5.226314174
629.035828  732.098022  -7.229021727  5.657785686
592.316711  267.571106  -7.270144173  4.84029926
545.451294  536.528992  -7.366793873  5.309257197
1036.570313  343.777618  -6.491111656  4.985205992
447.067932  85.218498  -7.517323847  4.519612578
134.560944  857.631836  -8.124501677  5.86623
134.560944  857.631836  -8.124501677  5.86623
681.154053  1028.140381  -7.150473784  6.188737805
540.013733  1003.135864  -7.403808375  6.140237277
536.673096  897.880188  -7.403823374  5.951091234
105.042427  645.486938  -8.159775202  5.486651663
564.277954  285.952362  -7.320249499  4.871498394
564.277954  285.952362  -7.320249499  4.871498394
333.88739  1440.939087  -7.804177987  6.929472754
88.982101  759.454163  -8.199185672  5.68962768
444.160126  596.219299  -7.549371416  5.410743999
482.021393  730.621155  -7.490809204  5.650066961
447.078583  720.189636  -7.552206378  5.630130104
841.574158  981.606323  -6.859967693  6.109482729
990.86377  1025.473145  -6.593842274  6.193725742
787.504761  324.04895  -6.928367772  4.944427586
516.227966  1100.666748  -7.452115725  6.31531499
101.925888  1208.202148  -8.211434507  6.499076043
1089.326172  332.70752  -6.39788791  4.967758937
219.514587  70.463783  -7.916256479  4.486376015
365.004364  689.311157  -7.696708433  5.572663195
494.644501  232.113525  -7.439717892  4.775467624
963.241943  81.904549  -6.612334025  4.528309455
496.59671  733.201538  -7.465009551  5.655550406
270.611908  1244.712891  -7.905158629  6.567939697
509.383179  49.086128  -7.406229342  4.459025884
491.790527  998.981995  -7.490287211  6.131061982
915.557373  866.15448  -6.722958536  5.904668248
168.932724  567.904175  -8.038444835  5.351723167
120.754921  139.82872  -8.094636079  4.603020518
82.617706  1108.002075  -8.237755153  6.315688865
1006.362427  1187.179077  -6.571458575  6.487279244
99.834335  434.664581  -8.14952634  5.115008015
1051.597778  1120.720825  -6.487556704  6.3673658
211.359634  279.056732  -7.939501166  4.848209875
566.785645  630.202332  -7.333683318  5.474721379
675.004639  905.100342  -7.155664714  5.968085054
41.972191  1049.220947  -8.305011248  6.206930235
930.635742  133.006653  -6.670958236  4.616078185
930.635742  133.006653  -6.670958236  4.616078185
145.237335  509.650574  -8.075824332  5.248334777
615.595703  1076.728638  -7.271410156  6.274935357
667.635925  1410.968018  -7.193605203  6.88155376
964.945313  402.578094  -6.619097934  5.086251699
462.125916  123.526855  -7.492981175  4.586101927
57.4977  824.210022  -8.259784857  5.803589406
425.913788  800.828308  -7.593895817  5.772368766
629.494263  1087.124756  -7.246660489  6.293749629
492.63031  237.937805  -7.444570826  4.785421684
639.504822  779.017151  -7.212652947  5.741463098
683.044922  91.128838  -7.103332418  4.537453147
155.505157  83.728447  -8.030236946  4.507130127
698.810547  405.871002  -7.087986624  5.084706018
54.334053  1001.933655  -8.279800587  6.123075322
571.448914  334.739807  -7.309817639  4.956647551
51.794395  455.474854  -8.235718181  5.149839018
462.132507  238.187668  -7.498212104  4.785059469
653.873169  310.423279  -7.163523608  4.916776803
116.57946  521.103943  -8.127608635  5.267380045
106.919907  1067.085815  -8.190954783  6.242703956
1079.846558  233.857681  -6.411965721  4.794932746
148.694336  197.111984  -8.047193717  4.703598514
148.694336  197.111984  -8.047193717  4.703598514
443.526276  482.880737  -7.543971489  5.211362372
715.885132  131.371246  -7.047683167  4.607341701
76.764534  1081.484253  -8.24616704  6.267257666
76.764534  1081.484253  -8.24616704  6.267257666
409.3284  723.871094  -7.619337475  5.635398637
187.009995  618.682434  -8.010691209  5.442193709
984.116211  715.250183  -6.59560725  5.638664774
714.24231  234.045639  -7.054181079  4.785556322
38.910679  220.761993  -8.242767086  4.740612547
709.968384  1471.504395  -7.120030193  6.994550732
460.913849  673.050232  -7.524040757  5.547057166
719.524902  73.352516  -7.039053283  4.507068559
719.524902  73.352516  -7.039053283  4.507068559
931.358521  202.158401  -6.671850224  4.73596144
75.727142  83.11026  -8.171533044  4.503161089
441.84726  709.872864  -7.560731263  5.61188632
458.601654  886.917236  -7.542210512  5.92820905
713.316833  367.277832  -7.060583993  5.017932921
498.73465  1001.74707  -7.478054376  6.136554967
17.326889  1380.68457  -8.378869254  6.811649897
669.099304  1114.467285  -7.176378435  6.34393288
1085.305542  1178.494995  -6.428457499  6.473909032
987.647461  640.456726  -6.586893367  5.506177797
409.944366  798.13678  -7.622479432  5.767169027
61.624073  1006.796326  -8.265716777  6.130907231
421.639099  1315.379883  -7.635541257  6.700971272
869.158142  473.909882  -6.790594626  5.208579685
495.07489  668.594299  -7.463335574  5.540429553
23.343843  560.808777  -8.296921357  5.334285876
20.381399  1099.266602  -8.349095655  6.297324753
173.03392  692.211792  -8.04257178  5.572459584
172.774567  858.67865  -8.057487579  5.870412238
701.999084  598.101074  -7.09130558  5.422059166
569.070374  81.21566  -7.303549724  4.515461122
68.654564  878.863342  -8.244891057  5.902211732
1077.983154  498.462311  -6.422225583  5.257388708
141.79274  473.340515  -8.079221286  5.184654549
17.208696  293.646912  -8.285169515  4.866919355
17.208696  293.646912  -8.285169515  4.866919355
983.560669  883.727783  -6.602027163  5.938444412
983.560669  883.727783  -6.602027163  5.938444412
107.285202  1331.932739  -8.209547533  6.723058757
391.301514  513.31012  -7.638405218  5.263087652
924.178223  865.24054  -6.707483744  5.903213556
885.32605  1391.584717  -6.798729517  6.857790562
59.891266  464.803223  -8.222825354  5.166810935
104.399796  1025.70874  -8.192782758  6.168179547
1045.785034  713.729492  -6.485560731  5.637641621
425.694519  913.37207  -7.604010681  5.975638288
565.757874  516.083252  -7.329587373  5.27376659
530.945801  547.849915  -7.393207517  5.328675928
963.490479  1093.973389  -6.645527578  6.316759774
280.394836  754.786072  -7.855316299  5.687628283
194.814697  653.074097  -8.000046352  5.50357585
602.014038  1071.035278  -7.295353834  6.263839062
602.014038  1071.035278  -7.295353834  6.263839062
581.368469  857.148804  -7.322771465  5.88111364
581.368469  857.148804  -7.322771465  5.88111364
42.542068  789.828491  -8.284556523  5.741893683
42.542068  789.828491  -8.284556523  5.741893683
566.167908  504.262177  -7.328214392  5.253104915
1055.808838  1182.923096  -6.481980779  6.482256071
678.893494  1494.341309  -7.179193397  7.039628164
544.07666  933.539368  -7.392192531  6.014914718
990.683044  1279.792969  -6.603305146  6.657930896
730.52356  855.950134  -7.054169079  5.882260987
553.156372  1016.698425  -7.380434689  6.164751416
799.345215  455.123749  -6.91289498  5.173479656
529.450134  316.029297  -7.383311651  4.922875842
498.169525  387.696136  -7.442216858  5.046646319
595.953491  1149.573364  -7.310309633  6.405123734
420.396851  550.81366  -7.588724886  5.329636065
335.438416  1399.252197  -7.798653062  6.852935142
497.907104  339.796509  -7.440703878  4.963108551
817.922058  1003.984192  -6.903797103  6.149923686
743.191467  37.983215  -6.996028862  4.446997389
743.191467  37.983215  -6.996028862  4.446997389
32.715561  132.097  -8.249052001  4.586785502
992.89447  534.156128  -6.57404254  5.317882363
1030.796509  316.912201  -6.500509529  4.938330693
25.871353  119.3908  -8.260912842  4.564633763
937.300171  362.454865  -6.666540295  5.015380227
611.8927  250.208176  -7.234840648  4.810740923
802.102661  964.591614  -6.93004475  6.076686916
922.899231  1297.328613  -6.726738485  6.686324112
236.055115  1320.231689  -7.973541708  6.704950859
1190.695068  692.576965  -6.226724213  5.604761752
1582.536011  165.205124  -5.523438677  4.681427189
1241.02832  502.8172  -6.133214472  5.26902103
1863.060181  537.259033  -5.008434607  5.342115276
1182.716797  775.677368  -6.242574  5.751717689
1741.916504  579.247131  -5.2318756  5.414458811
1243.10022  280.686951  -6.124976583  4.87900136
780.987915  104.982399  -6.931910725  4.564229773
1512.923706  26.314585  -5.646273024  4.440145706
109.288963  340.001099  -8.12427268  4.950126564
109.288963  340.001099  -8.12427268  4.950126564
81.498337  319.968323  -8.172274034  4.914551286
1389.177124  505.469574  -5.868610032  5.276666876
1389.177124  505.469574  -5.868610032  5.276666876
1568.073853  284.004852  -5.547408354  4.889127728
1183.942261  1275.863525  -6.25222487  6.65669897
918.615112  614.108032  -6.707730741  5.457121015
491.91568  166.61058  -7.442659852  4.661800257
1842.481201  1088.848877  -5.035627241  6.346766967
2075.726074  728.296143  -4.599005116  5.695771436
2075.726074  728.296143  -4.599005116  5.695771436
1697.169434  356.801788  -5.315028481  5.018151233
1697.169434  356.801788  -5.315028481  5.018151233
1974.487915  456.203552  -4.802739375  5.199150925
1684.011353  175.503677  -5.340680136  4.700238595
1720.466919  298.333008  -5.272474054  4.915583568
1065.582397  466.463196  -6.442545309  5.201069318
660.762146  467.917358  -7.157084695  5.191894997
2040.362427  1281.236938  -4.656392344  6.716917756
1806.233398  672.549255  -5.10927625  5.585186384
821.502869  441.1203  -6.872486524  5.149560107
821.502869  441.1203  -6.872486524  5.149560107
1665.274414  791.706604  -5.369817744  5.795138776
1516.100342  747.414612  -5.642034081  5.710667634
1054.549316  345.559113  -6.459520081  4.988683769
1505.846924  530.3797  -5.658360861  5.32351708
1505.846924  530.3797  -5.658360861  5.32351708
2022.859253  1089.050781  -4.693477845  6.357519554
2075.480957  418.516052  -4.614822903  5.133161644
1778.275391  367.070557  -5.168616451  5.037878039
1585.996582  559.189026  -5.514217801  5.376066437
1202.528442  132.109573  -6.194191651  4.620671778
1529.571289  243.625061  -5.616195429  4.818126769
1529.571289  243.625061  -5.616195429  4.818126769
1805.098999  490.974579  -5.116820148  5.257648691
2068.041016  848.410461  -4.610200965  5.916245364
2136.491455  852.570557  -4.483026677  5.92460525
1572.952393  434.106903  -5.53808648  5.153535257
1568.288452  322.874298  -5.547310356  4.957439689
1625.168457  1013.799866  -5.445496726  6.193493697
1294.444824  67.902908  -6.031426841  4.510570912
2106.846924  737.021667  -4.541968883  5.712004794
2106.846924  737.021667  -4.541968883  5.712004794
1616.759521  384.15976  -5.459678535  5.066421086
2137.621826  378.016541  -4.501859423  5.060727384
1686.202148  123.575867  -5.336800188  4.609320277
1241.852661  317.175934  -6.127791545  4.942675656
64.883057  460.800354  -8.215541452  5.160089955
1055.341187  734.480103  -6.468140965  5.675181158
1097.131226  556.435608  -6.390164014  5.361326271
2210.469727  1293.416748  -4.328992749  6.749478941
1110.69812  32.600506  -6.352638519  4.446421523
1573.906982  1451.351929  -5.537414489  7.002283298
1591.574585  673.102478  -5.504502932  5.579899541
1619.884766  662.296326  -5.452705629  5.561091517
1521.907227  501.209259  -5.628500263  5.272087516
1495.180542  1472.371094  -5.682731533  7.040695128
2026.676514  327.789856  -4.710421617  4.969639336
1184.539185  402.65451  -6.230987156  5.091659082
1223.213867  441.342255  -6.163386066  5.160303043
1795.478882  348.910095  -5.13601989  5.005583223
488.852325  526.078308  -7.468668502  5.289256263
1034.170532  409.778687  -6.497408571  5.100561238
1080.046143  394.031067  -6.416058666  5.07445243
1080.046143  394.031067  -6.416058666  5.07445243
1641.902344  566.970276  -5.413010163  5.39106778
391.249908  705.067017  -7.651299044  5.602433528
1207.561401  204.824585  -6.186744751  4.74570916
1207.561401  204.824585  -6.186744751  4.74570916
2158.101563  1163.261108  -4.434845325  6.501419581
1206.875977  493.104126  -6.193213664  5.251230868
2218.868164  329.595398  -4.35195344  4.974611335
1691.083008  206.680298  -5.327356315  4.754546771
1848.733887  659.585815  -5.025200381  5.565066718
1666.938354  565.477844  -5.367713772  5.388671191
1283.618408  238.431976  -6.052942552  4.805901706
1276.042603  714.587402  -6.07388627  5.646310026
1671.989624  1142.362061  -5.356885918  6.432166715
1606.046143  1100.12207  -5.47934727  6.351521332
1486.640869  292.573517  -5.693097394  4.903288815
1161.445679  558.194458  -6.275776553  5.36465146
643.965515  96.255623  -7.17225349  4.54461273
1269.935181  322.544312  -6.078236212  4.952789801
1269.935181  322.544312  -6.078236212  4.952789801
64.076416  390.624695  -8.204737597  5.035942862
979.121277  465.992462  -6.596063244  5.197773581
1245.302979  34.046303  -6.117526683  4.451089342
1245.302979  34.046303  -6.117526683  4.451089342
1135.295166  371.146729  -6.31765099  5.035210778
1510.600342  644.662598  -5.65105396  5.526867992
1170.430664  57.835651  -6.248851916  4.491153576
2126.846191  478.209503  -4.516427227  5.239681541
1576.366211  1482.340942  -5.533285544  7.058990317
1053.769897  384.180695  -6.461999048  5.056223954
2117.596924  1037.922119  -4.512015287  6.268533869
1539.578979  672.592102  -5.598310669  5.578483466
1175.883301  680.599121  -6.252418868  5.582884945
1295.517578  655.377319  -6.037963753  5.54076546
1621.161255  788.584961  -5.450145663  5.788396221
1335.405151  1195.522583  -5.974748604  6.516032876
1335.405151  1195.522583  -5.974748604  6.516032876
1292.790771  292.944244  -6.037334762  4.901181235
1807.05603  534.530579  -5.110700231  5.336375517
1902.626099  433.39386  -4.934935596  5.157330627
2119.736816  1454.331665  -4.502037421  7.046239356
2119.736816  1454.331665  -4.502037421  7.046239356
1977.345825  1446.296631  -4.776451728  7.020219591
1672.731689  392.896942  -5.358749893  5.082193506
1147.074341  255.750427  -6.294311304  4.833849643
1669.34436  372.076324  -5.365114807  5.045419832
1663.003296  507.261017  -5.375117673  5.284978461
1484.816406  871.667725  -5.699454308  5.933342423
927.609436  571.719177  -6.691410961  5.382949504
725.265808  557.567871  -7.048454156  5.351516022
1737.765015  738.407837  -5.237422525  5.700394379
1737.765015  738.407837  -5.237422525  5.700394379
1220.22522  554.575928  -6.170687968  5.360248698
1499.716064  1223.182617  -5.673972651  6.574831593
952.917175  593.286682  -6.645758575  5.421314575
952.917175  593.286682  -6.645758575  5.421314575
254.012344  716.337708  -7.900109696  5.618429481
1645.291504  179.10907  -5.410132202  4.70620103
2084.092529  40.687057  -4.611808944  4.462058371
736.135315  658.87677  -7.034391346  5.531203593
1709.626221  540.799744  -5.289230828  5.346592152
1829.678101  623.589783  -5.068676796  5.496772343
1829.678101  623.589783  -5.068676796  5.496772343
934.645996  681.763794  -6.682172085  5.577682841
109.250809  273.278229  -8.120525731  4.834347447
109.250809  273.278229  -8.120525731  4.834347447
667.129456  750.129944  -7.163588607  5.693192998
1153.543213  858.733582  -6.296613273  5.900653913
1609.584351  1064.473633  -5.473265352  6.286549307
1738.123657  1088.243774  -5.233191582  6.338129798
2170.050049  1354.717407  -4.406033713  6.863372964
1111.895142  195.281677  -6.354738491  4.728293249
1291.809692  365.208466  -6.040068725  5.028028829
1336.848877  905.68512  -5.968025695  5.989355766
1726.244751  101.788956  -5.264331163  4.570789384
506.825897  64.206108  -7.411165276  4.485041741
1459.702026  1436.100464  -5.749312638  6.966259345
1563.50415  497.120758  -5.555377247  5.264793715
801.70752  38.26889  -6.893760238  4.448724824
1292.947021  95.693405  -6.034461801  4.558488367
740.97998  633.90332  -7.024001485  5.486764628
1475.246826  1331.878906  -5.71936604  6.774878553
41.56926  490.39093  -8.259876855  5.211761691
1394.023193  534.596497  -5.860174146  5.328430954
1351.577515  542.226074  -5.93638112  5.340689829
1351.577515  542.226074  -5.93638112  5.340689829
2026.572021  767.567383  -4.693006851  5.76527301
1613.953857  379.277893  -5.464644468  5.057638246
1593.306519  442.20401  -5.501784968  5.168138003
1307.160034  817.039612  -6.019887997  5.829580594
694.813599  715.03418  -7.111054314  5.629686033
1507.167236  693.129089  -5.657385874  5.613552217
1274.07251  789.279968  -6.078758205  5.779286957
951.878174  61.383583  -6.631723764  4.492376051
1556.917847  768.256653  -5.567842079  5.749320132
928.351563  617.440002  -6.691110965  5.463058412
985.342773  84.074928  -6.574090539  4.532705
1621.884277  556.547974  -5.449484672  5.372210233
1621.884277  556.547974  -5.449484672  5.372210233
367.319733  260.662109  -7.664661865  4.821236371
1531.540649  803.942932  -5.614308454  5.812559223
2052.880127  92.694435  -4.669953161  4.556351382
1259.567139  691.764771  -6.103006878  5.604935935
696.448792  332.001129  -7.089204608  4.955722248
2223.550293  640.350525  -4.322823832  5.538104673
1234.337524  225.368851  -6.139679385  4.782494426
1234.337524  225.368851  -6.139691385  4.782563591
973.078979  399.294098  -6.604612129  5.08067925
1472.253174  842.93689  -5.722053004  5.881028162
1472.253174  842.93689  -5.722053004  5.881028162
1521.178345  723.829407  -5.632198213  5.668781051
1567.980103  122.27565  -5.549027333  4.606422529
1567.980103  122.27565  -5.549027333  4.606422529
1255.887451  135.146957  -6.100426913  4.626841972
1712.828125  735.843384  -5.283074911  5.695115855
1523.94873  47.672478  -5.626301293  4.477132591
1575.206665  143.266068  -5.534470528  4.643324599
642.539673  358.821167  -7.185284315  5.000685552
1689.342529  575.855042  -5.327889308  5.407352935
1187.906982  19.396034  -6.21732534  4.424807703
2026.952637  620.687561  -4.696285807  5.497705823
201.082703  293.967346  -7.962727854  4.873128539
442.140198  220.290909  -7.532614641  4.753199157
1398.940186  466.311981  -5.850808272  5.207669016
1398.940186  466.311981  -5.850808272  5.207669016
1687.016235  1439.566162  -5.326551326  6.986450683
1289.331665  833.956055  -6.052455558  5.859164022
1623.038208  356.150696  -5.449162676  5.016369056
739.692627  360.368774  -7.014127618  5.006510528
434.227417  468.175018  -7.559381281  5.185392857
1623.248657  1384.935669  -5.446230716  6.879927626
1132.308716  382.949463  -6.323110917  5.055776569
140.118851  715.892273  -8.103027966  5.613342369
1740.628784  406.411163  -5.236153543  5.106814322
1628.856323  540.403259  -5.43625485  5.343618439
1247.447021  13.691611  -6.112946744  4.416091481
1485.705933  794.157104  -5.697041341  5.793922931
2009.121704  1080.087646  -4.720362483  6.339623235
1636.581909  344.588806  -5.424144013  4.996512073
776.797668  275.731293  -6.945689539  4.860104362
1821.065063  1069.136108  -5.076289694  6.309340266
1183.505859  265.169067  -6.230061169  4.850863062
1011.73822  82.500954  -6.528140158  4.530447307
1125.074951  495.420105  -6.338605708  5.25340374
266.328003  464.15329  -7.856324286  5.172447938
1572.684937  296.837799  -5.538262477  4.911643048
1148.532837  130.684921  -6.288822378  4.616649964
1850.434448  367.198944  -5.035512242  5.038616764
1850.434448  367.198944  -5.035512242  5.038616764
553.632629  224.411743  -7.33654628  4.763989968
1669.162842  1465.748413  -5.35970888  7.034635389
1567.781616  268.306305  -5.54844234  4.861712197
1745.774048  541.549683  -5.224306702  5.347551966
1179.590088  411.324707  -6.239939036  5.106364315
1801.840088  1001.550964  -5.113046199  6.184029979
782.075562  485.926758  -6.944773551  5.227468398
1494.745117  545.742004  -5.680594562  5.350189784
1569.209961  347.407074  -5.54553438  5.000598702
1157.496094  297.390045  -6.276649542  4.906663156
2027.907593  1285.752319  -4.680606018  6.72428082
2027.907593  1285.752319  -4.680606018  6.72428082
1106.129028  577.690674  -6.374291228  5.398296055
1238.739258  1484.524414  -6.156690156  7.046775298
1299.191895  111.572845  -6.02408294  4.585851119
913.055176  588.81665  -6.717746606  5.412546401
1189.325684  1269.168701  -6.242326004  6.643418928
1078.50708  212.507706  -6.414171691  4.758068096
2019.062256  1184.923828  -4.700453751  6.534504793
1581.866943  450.982788  -5.521878698  5.183882433
1176.023193  605.488647  -6.250495894  5.449602708
1236.485229  1303.096436  -6.15713415  6.70907491
1160.049927  144.054092  -6.269016644  4.640206331
1274.175293  1083.674438  -6.084222131  6.309445544
1298.585571  286.886566  -6.02779789  4.890854091
715.931396  647.615417  -7.068876882  5.50981848
715.931396  647.615417  -7.068876882  5.50981848
1500.740967  343.101105  -5.66814873  4.992521409
2065.38501  218.358154  -4.641930538  4.775571599
1017.858032  467.917175  -6.527594165  5.202012915
67.587982  427.195831  -8.205543587  5.101142577
1204.531006  527.057495  -6.197761603  5.311310353
2059.699463  246.024689  -4.65069642  4.824528746
1159.657471  550.113892  -6.278842512  5.352603523
933.458313  635.437866  -6.683233071  5.496001909
1114.31958  369.980469  -6.354671492  5.032716385
1114.31958  369.980469  -6.354671492  5.032716385
1766.944702  464.251282  -5.186740207  5.210132902
958.334961  354.657898  -6.629277797  5.002330303
1812.286987  446.432159  -5.10328533  5.178924189
1812.286987  446.432159  -5.10328533  5.178924189
644.672485  306.960876  -7.179241396  4.910553212
1585.652466  100.367546  -5.515923778  4.568254776
250.99794  712.964233  -7.904663635  5.612181087
1188.739868  451.085724  -6.224549243  5.177508391
1205.905273  468.187714  -6.194461648  5.207225444
979.730469  116.957108  -6.584501399  4.589520154
1600.574097  634.742676  -5.487954154  5.511269548
1977.388428  815.07843  -4.784606619  5.85061802
506.809662  542.746094  -7.434814957  5.318245716
942.060425  79.238518  -6.649182529  4.523018454
942.060425  79.238518  -6.649182529  4.523018454
698.561035  498.235138  -7.092732561  5.246388683
1563.531006  402.513245  -5.556084238  5.097681978
1114.334229  86.033173  -6.347580587  4.53889719
1186.902954  538.63562  -6.229705173  5.330874385
1538.767944  116.50206  -5.599800649  4.596640648
2015.367065  719.671265  -4.714180566  5.677412732
1214.906128  10.053102  -6.16978498  4.409203127
1714.555786  123.828194  -5.286311868  4.609844106
1508.285889  1497.114624  -5.65846186  7.087771742
1168.22168  277.236572  -6.257306802  4.871621741
2069.866455  474.417969  -4.623649784  5.232446419
1266.764404  696.996094  -6.090343049  5.614395223
1205.356079  362.988922  -6.193241664  5.022379163
1205.300903  249.954941  -6.191146692  4.824750356
1668.452271  1419.974609  -5.361502856  6.948106513
1139.662476  49.338326  -6.302514194  4.476141274
1128.631592  390.246185  -6.329643829  5.068543202
1185.630005  1219.317017  -6.247918928  6.552415525
1726.546143  283.620239  -5.264999154  4.890381981
1356.53186  84.282104  -5.922186311  4.539143256
290.381744  557.062012  -7.820530767  5.336614844
1243.053589  1366.775269  -6.14670929  6.825206212
1565.473755  721.877625  -5.5514803  5.667016535
1565.473755  721.877625  -5.5514803  5.667016535
905.623901  576.409851  -6.73013444  5.390262787
660.565369  487.570313  -7.159788658  5.226588032
660.565369  487.570313  -7.159788658  5.226588032
1502.073242  526.235413  -5.664808775  5.3164032
1126.713867  176.545364  -6.328152849  4.69588563
1126.713867  176.545364  -6.328152849  4.69588563
1848.586182  594.780762  -5.033181274  5.445111114
1516.218018  96.692741  -5.640212106  4.562037261
1607.11731  621.865723  -5.475876317  5.488686775
694.690613  364.261017  -7.093424551  5.011903413
1870.92627  219.861282  -5.001241704  4.778233766
1122.09668  266.526672  -6.338715707  4.85213153
1712.627686  160.785095  -5.289150829  4.674219039
1587.023438  1000.795227  -5.515368785  6.16784706
2006.741821  1302.993286  -4.721129473  6.754722981
1063.830566  195.927582  -6.439454351  4.728212585
186.550262  572.043884  -8.010730208  5.360380536
1289.114624  1152.765869  -6.058336479  6.435935993
2048.358398  549.793945  -4.659313304  5.368937968
939.496887  506.917358  -6.668493269  5.269901097
1243.833496  1409.985229  -6.145937301  6.906883016
2043.008423  1035.615967  -4.656187347  6.259379116
1237.466064  447.883789  -6.138357403  5.172030653
1889.942139  1243.574097  -4.943334483  6.637430674
507.917786  276.086639  -7.419700161  4.85244934
1628.600586  1042.662354  -5.438192824  6.247018107
2131.23584  1429.12085  -4.480599709  6.999616669
1507.386719  15.207902  -5.655080905  4.420619882
751.202393  594.917725  -7.004050754  5.417956076
751.202393  594.917725  -7.004050754  5.417956076
475.048645  542.641663  -7.490990202  5.317159236
1543.478027  413.057617  -5.59156576  5.116482035
1160.632202  120.827614  -6.267297668  4.599940409
1160.632202  120.827614  -6.267297668  4.599940409
1730.477905  160.325119  -5.25789225  4.673343294
1730.477905  160.325119  -5.25789225  4.673343294
1595.860107  529.460815  -5.495614051  5.323551104
1279.746948  11.961351  -6.056221508  4.413638601
2218.061768  75.286575  -4.364656269  4.523283762
1531.853516  414.513275  -5.61239348  5.118644881
1531.853516  414.513275  -5.61239348  5.118644881
682.130493  527.064209  -7.122968154  5.296475406
682.130493  527.064209  -7.122968154  5.296475406
2008.512329  90.662071  -4.749152096  4.549858032
2027.571655  701.548645  -4.692217862  5.644756582
1179.843994  581.01416  -6.243244991  5.405605566
1493.462769  666.903381  -5.681963544  5.566358536
1580.874146  708.064392  -5.523725673  5.64187891
1162.150391  42.857975  -6.263090724  4.465578618
1656.718994  216.574524  -5.38941848  4.77178326
1577.483887  230.268616  -5.530865577  4.794931549
1195.206787  1312.735107  -6.232707133  6.723997842
1195.206787  1312.735107  -6.232707133  6.723997842
1553.108643  849.135193  -5.575794972  5.894177533
1660.514282  595.350586  -5.379584613  5.441539998
1675.90332  888.865356  -5.350421005  5.970857699
1392.238403  547.121582  -5.863009108  5.35070745
1651.125  496.769989  -5.395668396  5.266451222
732.155212  97.428436  -7.017378574  4.549259339
621.0047  606.244263  -7.236994619  5.434801519
1678.598389  910.592834  -5.34560807  6.009750604
1678.598389  910.592834  -5.34560807  6.009750604
1695.393311  276.342224  -5.318364436  4.876612994
976.869446  325.384186  -6.595693249  4.951734049
1813.786255  318.082581  -5.103765324  4.950915511
2146.894287  1486.186157  -4.450271117  7.107316971
1768.502441  466.845642  -5.184697235  5.214502341
1821.393433  680.962769  -5.081582622  5.600297628
1321.105103  61.143272  -5.984336475  4.49887866
2055.4021  79.312996  -4.664293237  4.530289955
689.063354  690.244751  -7.119629199  5.585369112
1426.061279  1455.605347  -5.811202805  7.002298715
1852.807983  643.857483  -5.022972411  5.534492236
2006.286133  986.289307  -4.727930381  6.165704028
2234.752686  1090.458984  -4.288252297  6.370564128
2173.677002  250.917572  -4.441967229  4.834044505
1161.987061  389.42868  -6.270571623  5.06782679
2068.02417  534.928406  -4.623023793  5.342487935
342.691284  514.722717  -7.72444206  5.263632767
1785.73938  11.468524  -5.157306604  4.413247999
98.809151  523.666504  -8.157853228  5.271061034
98.809151  523.666504  -8.157853228  5.271061034
918.020325  552.952393  -6.70705575  5.349148306
918.020325  552.952393  -6.70705575  5.349148306
1004.136902  503.405975  -6.552841825  5.264105497
1505.911987  1307.781128  -5.6629548  6.731441372
626.370605  509.306488  -7.222135819  5.264521988
537.304626  292.332428  -7.36845685  4.881622767
30.09889  534.555237  -8.281893559  5.288184185
14.592826  476.282196  -8.303515268  5.185012195
1697.490601  444.075287  -5.313164506  5.173265483
1766.761597  503.119568  -5.186469211  5.279275629
1501.094482  646.149292  -5.668037731  5.529392203
1738.126099  1194.711914  -5.231411606  6.535512654
2208.777832  542.833801  -4.356350381  5.359639649
1494.461304  1489.465454  -5.684782506  7.069755659
1575.458618  144.168594  -5.535363516  4.644684796
1625.541016  379.173096  -5.443859748  5.05725991
1786.401978  152.988281  -5.15604862  4.660561982
1661.151001  317.733948  -5.380266603  4.949324444
1302.293579  31.869484  -6.016735039  4.44737711
1604.648315  105.172272  -5.482440229  4.577111591
1835.989624  365.034271  -5.061163897  5.034542878
1531.180786  1182.480591  -5.61609943  6.500958331
1582.000977  242.283218  -5.521581702  4.815834819
2195.144287  1378.528809  -4.360379327  6.906470608
1806.903809  191.074585  -5.11816613  4.727341336
568.16217  286.6203  -7.313428591  4.872709867
1659.854858  24.075369  -5.382706571  4.435307083
1217.127319  524.217285  -6.175637901  5.306345819
1079.557007  123.916046  -6.409728751  4.603724161
2079.975098  545.787964  -4.600721093  5.362265544
2079.975098  545.787964  -4.600721093  5.362265544
2071.161133  665.117798  -4.61205194  5.579049731
1090.892334  122.737556  -6.38973802  4.601908859
1090.892334  122.737556  -6.38973802  4.601908859
2194.768799  697.227356  -4.375083129  5.641729221
1255.142578  753.19635  -6.112066756  5.714322908
1384.200684  545.232483  -5.877638911  5.34727959
1174.723267  298.581635  -6.246067953  4.909053892
1144.497314  233.204636  -6.297708258  4.794550184
1618.343506  1069.359131  -5.456424579  6.296496304
1763.068237  1492.884399  -5.182262268  7.093483779
2042.081055  1277.228149  -4.653389384  6.709657193
1308.119629  273.768066  -6.009797132  4.867942285
41.533501  533.980042  -8.261671831  5.28753642
1512.821899  319.613831  -5.646828017  4.951137097
1012.698059  672.941467  -6.543124956  5.564242282
395.550629  80.893356  -7.605789657  4.510703655
28.188808  126.794113  -8.257199892  4.577514092
943.034302  566.080627  -6.663385338  5.373104706
1751.804688  34.243591  -5.218910775  4.45342009
380.458496  750.270935  -7.673854741  5.681958675
2019.94519  658.597473  -4.70793365  5.566232584
2059.707275  228.07933  -4.652018403  4.792741455
1748.390625  215.233414  -5.223823708  4.769745133
2156.496582  349.949738  -4.467844881  5.010270313
2206.711426  1152.734375  -4.337709632  6.487265441
1770.157715  337.266632  -5.182509264  4.984738071
1727.054688  723.884888  -5.257107261  5.67425005
1497.408569  748.458557  -5.675070637  5.712566491
1129.124023  628.189941  -6.33476876  5.488609681
1695.710327  506.957581  -5.31588647  5.28504214
1014.342163  396.811401  -6.531759109  5.077385051
1116.099121  183.616547  -6.346934596  4.708105222
1643.944946  228.690796  -5.411920177  4.792688805
2051.053955  107.856163  -4.672134132  4.580651529
2051.053955  107.856163  -4.672134132  4.580651529
2059.219482  1176.971069  -4.622744797  6.522519088
1733.675659  347.06662  -5.248632375  5.00159059
1798.861938  1051.492188  -5.118387127  6.275238575
1040.077881  286.504364  -6.48338076  4.885351012
1531.552979  137.323441  -5.612722475  4.632564085
2112.830566  514.390259  -4.540848899  5.305593073
1171.203613  372.69104  -6.254035846  5.038516107
2012.13208  682.500671  -4.721960462  5.609516768
2125.50415  450.273163  -4.520410174  5.190178425
2192.26001  34.070198  -4.413594611  4.45044815
1158.3396  1192.261353  -6.296628273  6.502309181
1474.208496  1317.111084  -5.721278015  6.747376996
1789.330811  546.146484  -5.144344778  5.356770179
22.650991  626.046997  -8.303889263  5.449066459
1170.755249  482.788635  -6.257212803  5.232522716
1854.510132  843.582092  -5.017235488  5.896785014
1854.510132  843.582092  -5.017235488  5.896785014
1786.474243  1402.782715  -5.138105862  6.927093846
753.243408  103.387558  -6.980961065  4.560173878
1392.458862  555.751038  -5.862725111  5.366130821
2158.925537  341.646454  -4.464136931  4.995237446
1765.670532  112.416931  -5.193001123  4.58964269
1909.957153  1216.7948  -4.905545991  6.588897491
2116.206055  655.698914  -4.526160096  5.563397814
1339.999146  508.222778  -5.95646985  5.280612883
1878.607788  110.856712  -4.989980855  4.586676018
1918.637207  727.432556  -4.901749042  5.685760056
1659.423584  560.11377  -5.380772597  5.379473812
1179.659424  1292.54248  -6.260380761  6.687083288
1187.952271  60.187305  -6.218197328  4.495520074
1490.923828  130.413025  -5.684673507  4.620141216
2074.292969  646.378845  -4.606225019  5.545044136
1672.505737  359.72345  -5.35898989  5.023483583
1690.976807  226.640121  -5.328547299  4.789717602
2163.941895  701.036682  -4.43375534  5.648008702
1506.59314  1268.495605  -5.661326821  6.658907319
1683.50293  259.203461  -5.341207129  4.846669591
819.546692  517.596741  -6.879627428  5.283854961
1469.221802  1395.639282  -5.731401879  6.891388655
1740.800171  595.208923  -5.232792588  5.443709256
2238.424316  328.299347  -4.316505917  4.972820897
1684.39502  708.537781  -5.335598204  5.645345579
1901.309326  1309.97522  -4.920864785  6.762459178
502.430634  292.559265  -7.43019102  4.880902898
1783.07251  758.601074  -5.152796664  5.738885545
1104.110229  47.204994  -6.364687357  4.471657781
735.588989  87.004608  -7.011180658  4.531435981
178.631454  635.760803  -8.028619967  5.47248951
2085.361816  651.838806  -4.585151302  5.55544189
2085.361816  651.838806  -4.585151302  5.55544189
1856.618286  247.958084  -5.028116342  4.827844444
1253.854858  235.748306  -6.105396846  4.800917106
1184.558472  747.050232  -6.238500055  5.70128294
1608.163818  146.817978  -5.476237312  4.649363036
2181.672363  693.631592  -4.39881481  5.635141982
463.182831  552.393372  -7.512896907  5.334170922
1673.299316  213.349457  -5.359220887  4.765818933
2203.012451  34.911419  -4.394716865  4.451990295
2106.71167  532.027466  -4.549973776  5.337894465
2145.323242  1145.059082  -4.457896015  6.468567581
1135.493896  95.67028  -6.31097408  4.556097332
1239.341675  260.668091  -6.131025501  4.843901987
535.92981  152.578598  -7.365261893  4.638576175
976.67627  475.508362  -6.600609183  5.214120868
353.103516  653.84845  -7.714319196  5.509140192
1626.269653  560.836182  -5.441333782  5.379854302
824.625671  401.396851  -6.866582604  5.081094569
352.414063  667.432312  -7.717621152  5.533623626
977.287231  75.129013  -6.587527359  4.517113424
1133.537476  908.27655  -6.334105769  5.986619852
1850.686401  235.200912  -5.038353204  4.805047777
1215.30188  626.658142  -6.180786832  5.488080898
1221.337891  80.985138  -6.159912113  4.531879881
70.063881  451.855896  -8.203101619  5.14395463
2112.059326  559.77063  -4.539077922  5.388421214
1555.707275  319.825562  -5.569775053  4.951450947
1619.697998  408.499603  -5.454013611  5.109274664
1264.127686  593.745911  -6.09317801  5.430733841
1916.813721  722.934021  -4.902247036  5.679448919
1569.188232  688.141235  -5.544820389  5.605909454
1730.101318  1206.403076  -5.24597541  6.557262289
2222.794922  371.41687  -4.342900562  5.049515329
150.087402  714.891418  -8.084244219  5.610907716
682.511902  731.18573  -7.133880007  5.658004088
1118.328613  46.222767  -6.339464696  4.469662516
1096.223877  91.50354  -6.379441159  4.548016964
1687.884155  652.701355  -5.330165278  5.544767397
1439.181396  12.289943  -5.775701282  4.415422846
98.172607  523.036682  -8.160258196  5.270188658
1196.136597  1259.172485  -6.229638174  6.626027369
912.596741  90.15168  -6.70115883  4.541365338
1722.041504  11.263443  -5.271204071  4.412903146
1697.722656  400.811462  -5.313262505  5.096663205
446.745575  453.711487  -7.536376591  5.160373173
2026.721069  355.420471  -4.708594641  5.018876326
1797.744263  172.535355  -5.134880905  4.694945344
2006.704956  828.1203  -4.730938341  5.874738782
1119.188843  367.313904  -6.346015608  5.028288998
1781.077026  142.553635  -5.165240497  4.642346267
228.329147  519.535706  -7.928978308  5.268558528
1744.847656  289.124969  -5.229318635  4.899604528
1744.847656  289.124969  -5.229318635  4.899604528
1234.978149  77.458862  -6.136131433  4.526119228
1116.748413  240.418869  -6.346974595  4.806400563
1159.418091  63.303326  -6.268191656  4.500480885
1572.908325  1108.525024  -5.540151452  6.365668026
2210.640869  158.651428  -4.37577612  4.670024948
1918.561646  79.858734  -4.915372859  4.532041865
1918.561646  79.858734  -4.915372859  4.532041865
1817.645752  586.937012  -5.091621487  5.429778178
1894.905029  1229.639648  -4.933960609  6.611454159
1161.640869  223.55806  -6.268048657  4.778489034
1859.056152  300.623871  -5.021259434  4.920593319
1596.428467  107.356499  -5.496705037  4.580436361
1198.285522  541.707825  -6.209485445  5.336957143
1266.507202  730.705444  -6.091255036  5.674370197
1544.01062  303.722687  -5.590933769  4.923550503
2078.843262  446.759064  -4.607370003  5.183024293
1621.643555  760.724609  -5.449427673  5.738041522
587.215027  302.564606  -7.279952041  4.90116693
1776.722412  735.07251  -5.165216497  5.696030886
1548.525879  13.611195  -5.582110887  4.417845444
58.320652  404.370911  -8.218907407  5.060781457
1269.807495  1059.268677  -6.09175603  6.264720574
1269.807495  1059.268677  -6.09175603  6.264720574
1269.807495  1059.268677  -6.09175603  6.264720574
1193.429199  559.684998  -6.218487324  5.368611047
1600.606079  541.634399  -5.487668158  5.345324409
1056.409424  138.767227  -6.4506432  4.628996272
1507.255859  265.428223  -5.65621789  4.856705473
1152.485962  765.949341  -6.296461275  5.73354281
1152.485962  765.949341  -6.296461275  5.73354281
1618.461182  293.228027  -5.457467565  4.905851276
2014.773926  1113.480469  -4.709310632  6.401625861
1487.477905  825.458923  -5.694417376  5.849858612
1199.779663  215.623505  -6.200457567  4.764905126
1808.129395  483.953217  -5.111256223  5.245623376
1622.459595  485.192963  -5.448737682  5.245104723
1148.498047  272.745239  -6.292091334  4.863645924
1776.110107  475.001648  -5.169761436  5.229279935
1654.713989  352.310577  -5.391383454  5.01025977
1654.713989  352.310577  -5.391383454  5.01025977
718.944702  621.708679  -7.062050973  5.464240845
2098.799072  605.274719  -4.562685605  5.470926989
1674.716919  584.728088  -5.35375496  5.423343306
1643.578979  330.636688  -5.412174174  4.971753134
1114.25647  164.661926  -6.347025595  4.673391022
1542.979614  923.248596  -5.594752717  6.027092728
2166.24292  295.365265  -4.452174092  4.913008968
1706.679932  1376.842407  -5.28914083  6.872121268
1105.973022  325.851776  -6.368373307  4.955320563
2145.379639  566.354675  -4.476251768  5.400890316
1472.019165  569.953064  -5.719845034  5.39309347
1239.855225  724.650757  -6.139202391  5.663112461
1742.913452  758.252014  -5.22745166  5.736985633
1718.165283  1141.598389  -5.269490094  6.436042856
2190.652832  735.565735  -4.384411004  5.710754009
2190.652832  735.565735  -4.384411004  5.710754009
775.319092  43.199074  -6.939330625  4.45656123
1541.722046  486.788177  -5.594260724  5.246656847
1344.627441  911.985535  -5.953893885  6.001240511
1510.245361  293.094391  -5.650967961  4.904545901
1143.021973  864.381714  -6.315951013  5.908387322
1171.471191  291.146515  -6.251876875  4.896008984
1604.623291  336.418762  -5.482045234  4.981665898
1476.351807  1397.056641  -5.718088058  6.895099508
1621.911621  908.536743  -5.450962652  6.002841981
1430.869385  1401.366577  -5.802209926  6.900514334
1430.869385  1401.366577  -5.802209926  6.900514334
1213.840454  409.943329  -6.179293852  5.104937076
1125.855957  157.87912  -6.329158835  4.663392911
1750.269043  597.370422  -5.215353822  5.447530924
22.799849  351.9841  -8.277032625  4.968131285
1825.859253  833.580017  -5.071112763  5.877310059
1153.535522  84.874718  -6.279262507  4.53742404
2035.03833  1293.418579  -4.666783204  6.738896256
1896.521973  1281.803467  -4.930609654  6.7086874
1409.214966  477.273285  -5.832650516  5.227213036
431.893555  71.139061  -7.542626507  4.494904445
1161.319092  255.052399  -6.269040644  4.832945021
1730.133911  339.849701  -5.255093288  4.988915035
1205.057983  254.968903  -6.191899682  4.833472788
1718.800171  1414.712524  -5.266384136  6.943052914
2210.469238  586.479248  -4.350318462  5.439008076
1774.7229  147.255203  -5.177155336  4.65093116
1808.370239  722.640381  -5.105793297  5.675066429
976.001099  108.752632  -6.590208322  4.575601776
1657.439697  142.985413  -5.388375494  4.643172241
892.989563  666.379883  -6.756331087  5.549593596
1153.057983  60.706902  -6.279357505  4.495860412
1268.903809  89.503914  -6.076756231  4.547443068
1932.643188  434.545471  -4.880517328  5.159587447
1502.805054  675.558655  -5.665317768  5.582438574
1502.805054  675.558655  -5.665317768  5.582438574
1557.969971  690.626221  -5.565003118  5.610534788
1557.969971  690.626221  -5.565003118  5.610534788
224.894333  477.839661  -7.9295463  5.195008141
2201.443848  551.287964  -4.370225194  5.374498725
2201.443848  551.287964  -4.370225194  5.374498725
1773.291138  166.939804  -5.179582304  4.685207374
1823.049927  305.799255  -5.086671554  4.929569822
1823.049927  305.799255  -5.086671554  4.929569822
466.236877  435.201233  -7.501151065  5.128599195
1675.076904  1307.692383  -5.349460018  6.739792448
675.566528  477.942444  -7.132055031  5.209886354
675.566528  477.942444  -7.132055031  5.209886354
1196.357666  221.952744  -6.206615484  4.776074425
1780.163086  545.792786  -5.161649545  5.355644213
480.500763  457.717438  -7.477210387  5.168568775
1662.443237  1031.61731  -5.375544667  6.228828376
1662.443237  1031.61731  -5.375544667  6.228828376
1040.039917  210.63768  -6.481350787  4.753413127
1693.379395  483.148895  -5.319757418  5.242716179
126.377304  536.783081  -8.110211869  5.294863328
1105.130737  184.727371  -6.366097338  4.709417492
1780.699219  261.639618  -5.164940501  4.851408834
2072.78418  496.359528  -4.616755877  5.272644829
206.302017  58.550724  -7.93921517  4.465033509
2125.460693  776.680298  -4.504435389  5.785312652
473.190582  241.842728  -7.478927364  4.791727947
1821.728149  343.102875  -5.088547529  4.995498665
1798.183838  684.999207  -5.12488604  5.607083618
1703.819336  247.003342  -5.304467623  4.82544648
1222.092285  322.510956  -6.162928072  4.951750688
1429.178101  552.255432  -5.796449003  5.360753659
962.112122  346.790192  -6.622267891  4.988688393
660.674988  314.333344  -7.15147077  4.923756712
1751.168091  1086.780029  -5.208221918  6.336824937
1738.070435  848.689392  -5.234703562  5.900919435
27.262915  220.71907  -8.262606819  4.740088897
1210.359009  749.999451  -6.192247677  5.707770262
1255.221558  703.630371  -6.111218768  5.625545375
964.793152  195.187729  -6.613039015  4.724840705
2241.928223  305.444305  -4.310813994  4.931003242
1673.145996  595.594055  -5.356585922  5.442667481
2061.983154  1243.28894  -4.615862889  6.646948601
1139.908203  77.625305  -6.302713191  4.524791553
178.08548  333.84079  -8.002468319  4.941954591
2175.637695  405.095276  -4.429045403  5.109436472
1584.252319  91.080894  -5.51874574  4.552382959
1776.422241  1481.874268  -5.157622599  7.072860464
134.996994  563.463074  -8.098093032  5.342620945
115.95871  688.250305  -8.144245411  5.563641829
1611.431519  526.452576  -5.468385418  5.318513928
1611.431519  526.452576  -5.468385418  5.318513928
1567.457397  442.262543  -5.548197344  5.16794573
933.588318  280.714294  -6.670312245  4.872655457
2149.579346  609.546082  -4.46490792  5.479763287
1550.699829  326.97403  -5.57895393  4.964575553
1905.93103  1291.362183  -4.912488898  6.727210231
1506.77124  311.553101  -5.657569872  4.936716543
1272.810913  735.31189  -6.080051187  5.682638906
370.542999  262.441742  -7.660511921  4.824684197
1757.485352  617.012878  -5.201362011  5.483326084
1745.887939  480.750641  -5.225061692  5.239121862
1285.042603  83.70945  -6.048012618  4.536945065
1627.55542  577.083008  -5.438869815  5.408931705
1702.870972  732.112671  -5.301307666  5.688743915
1696.69165  315.237427  -5.315169479  4.945185929
1097.864502  160.771286  -6.378400173  4.667913284
2116.102783  515.90918  -4.534150989  5.308750741
1829.449951  614.417969  -5.068116804  5.48025586
249.11795  460.091309  -7.886390881  5.164833168
282.550751  545.625488  -7.834025586  5.316232802
1549.35022  550.750305  -5.580523909  5.360351731
1682.467407  319.202118  -5.342023118  4.952113556
1522.696045  619.312805  -5.628828259  5.482111022
377.798615  694.881287  -7.674175737  5.583067174
1673.868896  1031.014771  -5.354570949  6.228243806
1018.249023  153.502609  -6.518105293  4.653730691
1760.642944  1403.375122  -5.187032204  6.926276323
1150.888428  200.184204  -6.286229413  4.737703372
2123.21875  558.341797  -4.518518199  5.385907028
2024.996704  998.879211  -4.691987865  6.189788162
2171.04126  607.861206  -4.423877473  5.477761974
1589.671021  1072.394409  -5.509446865  6.300106581
1269.861084  202.288727  -6.076738232  4.742959479
1269.861084  202.288727  -6.076738232  4.742959479
30.693165  625.239868  -8.289764453  5.448445953
2225.836182  406.797455  -4.334471676  5.113123741
1754.598999  369.83667  -5.210428889  5.042216592
1562.032959  167.294342  -5.553329275  4.683784325
1631.986694  418.307129  -5.432051907  5.126585434
429.078125  710.056152  -7.583580956  5.6116813
1710.429321  1135.302368  -5.284729889  6.422897622
1710.429321  1135.302368  -5.284729889  6.422897622
2069.185303  1025.791016  -4.608997982  6.24034928
2069.185303  1025.791016  -4.608997982  6.24034928
1524.877808  660.682739  -5.625152308  5.555615325
1140.048096  152.443817  -6.304311169  4.654295368
1057.481323  726.074524  -6.465065006  5.659580697
1128.331177  188.438995  -6.32583688  4.716368749
127.760849  292.954132  -8.087829171  4.869252489
1156.874146  1027.067627  -6.295228292  6.200872158
1651.516846  1097.012085  -5.395178403  6.348643304
2130.415527  1481.153564  -4.482179688  7.096828604
543.327454  126.991714  -7.350877087  4.594548846
1608.13623  373.032867  -5.474949329  5.046260748
1608.13623  373.032867  -5.474962329  5.046254595
952.044556  399.900848  -6.64170463  5.081163693
570.148071  275.473145  -7.309593642  4.853394111
1244.352783  734.067871  -6.130989502  5.679891407
963.527954  431.016296  -6.622517888  5.136018398
1295.688965  255.176361  -6.031747837  4.835422904
1295.688965  255.176361  -6.031747837  4.835422904
1598.798096  1089.723877  -5.49271309  6.332094309
927.279053  744.257507  -6.697826874  5.688081853
1793.136719  691.032288  -5.134349912  5.617541924
977.349121  639.223022  -6.605136122  5.503891171
1100.502686  339.881714  -6.378432172  4.97975384
1197.912964  233.922791  -6.204102518  4.796697394
1844.557007  248.485992  -5.049358056  4.828531479
2145.347656  536.432922  -4.477248754  5.346921217
558.7995  467.925171  -7.339554239  5.18922268
881.71106  171.841431  -6.758024064  4.682420678
2219.594971  1047.548706  -4.319021883  6.289323353
809.869324  58.432053  -6.880530416  4.483147786
1175.525146  256.605469  -6.244007981  4.835953732
304.740479  524.264771  -7.793405132  5.279680943
1668.052734  905.891602  -5.36492681  6.00095496
1188.428589  257.138062  -6.220692295  4.836926294
1819.680054  1140.842041  -5.077468678  6.442235396
2212.055176  196.847748  -4.371714174  4.738113305
2076.861328  567.736328  -4.60539003  5.401839917
733.87207  301.494751  -7.021765515  4.903564292
1557.412476  158.757721  -5.566522097  4.669970123
1766.933594  256.821045  -5.189888165  4.842967808
997.812927  531.135681  -6.565205659  5.312953154
593.723633  92.040955  -7.260482303  4.535749251
1229.448975  705.791382  -6.157372147  5.628527559
1481.377563  750.549255  -5.70307826  5.717069604
2154.966797  434.343933  -4.4663899  5.161990931
1682.87915  63.383102  -5.342405113  4.504229296
1169.469727  362.711914  -6.256855808  5.021138697
2199.845459  331.208588  -4.387910956  4.977049355
1269.297607  288.333374  -6.078801204  4.892832432
1822.929565  761.950439  -5.077510677  5.747111777
1130.53833  291.398529  -6.323534911  4.895795643
1096.999023  730.288513  -6.395105948  5.668131626
626.497803  7.216706  -7.19901813  4.390600475
387.890472  496.953522  -7.643170154  5.234205455
1645.742798  1089.59082  -5.405555263  6.334935205
382.731171  499.84613  -7.652895023  5.239239898
382.731171  499.84613  -7.652895023  5.239239898
1525.403198  586.508301  -5.623586329  5.423739749
1548.286865  658.646973  -5.582797878  5.552541496
705.049133  735.393555  -7.094055543  5.666734383
1680.969482  286.788452  -5.345015078  4.894933855
90.332375  462.52713  -8.168994078  5.163672752
1739.117432  176.800934  -5.241222474  4.702364068
1798.858398  654.737488  -5.124266048  5.552396651
708.92865  439.92868  -7.071330849  5.144397242
1292.577759  725.919067  -6.044517665  5.666552814
1788.447266  258.05307  -5.15084869  4.845129899
1041.830444  460.027039  -6.485248735  5.189188872
1705.928711  388.953186  -5.298399705  5.075545205
1580.957153  696.776123  -5.523278679  5.622138422
1588.868286  652.270569  -5.509197868  5.542368194
2035.816284  573.148376  -4.681899001  5.411062497
102.627937  309.141785  -8.13544253  4.896371471
2041.20874  32.810909  -4.692624856  4.449115213
1391.805542  468.346558  -5.863436102  5.211070849
1678.229858  158.69696  -5.350789  4.670201911
1678.229858  158.69696  -5.350789  4.670201911
1591.33252  1397.753296  -5.505420919  6.901945016
1908.056274  520.85022  -4.923841745  5.314502773
1691.022827  333.000366  -5.326077333  4.976839585
1842.41687  96.783951  -5.05503298  4.562576082
1310.611206  657.494934  -6.011074115  5.544911946
809.719116  149.298782  -6.883486376  4.641299885
715.361206  95.978226  -7.047034175  4.546320461
2041.317383  533.813416  -4.673592112  5.339870849
2143.48877  652.544556  -4.474276794  5.558549982
1695.880493  336.730713  -5.317293451  4.983128159
1522.534302  11.898729  -5.628657261  4.414754328
1631.978027  644.018555  -5.431274917  5.528393356
1631.978027  644.018555  -5.431274917  5.528393356
1887.768799  1258.597046  -4.947614425  6.664428709
2146.871338  1421.664185  -4.451903095  6.985380612
1151.260986  1133.079346  -6.307929121  6.394207482
1773.904541  726.382813  -5.170771422  5.680051752
390.259857  258.19223  -7.626649376  4.817300255
2093.690918  650.059692  -4.569522513  5.552266874
800.144653  445.646027  -6.910974006  5.156954462
1067.672485  263.922394  -6.434025424  4.846701526
2151.337402  494.638702  -4.469161863  5.270658061
1244.516846  1389.970093  -6.144369322  6.86927378
2033.409912  1241.892334  -4.671199145  6.641888304
840.272461  475.872711  -6.841542941  5.21128906
840.272461  475.872711  -6.841542941  5.21128906
2156.823975  38.513294  -4.478220741  4.458366141
2208.190918  338.258301  -4.373244154  4.989481895
1544.303345  559.458557  -5.589626786  5.376116478
1544.303345  559.458557  -5.589626786  5.376116478
1161.897095  132.112808  -6.265250695  4.619409769
1789.092407  438.916229  -5.146573748  5.16528003
1604.262207  647.269287  -5.481361243  5.533906246
2240.570801  1055.843628  -4.278840424  6.305803278
1434.814819  1396.616577  -5.795030022  6.891423976
620.286133  574.811096  -7.235528639  5.379051465
1762.685303  567.326599  -5.192786126  5.394126178
2010.603516  1385.581055  -4.712778585  6.909522985
2010.603516  1385.581055  -4.712778585  6.909522985
1846.309692  674.823425  -5.034757253  5.590413474
1794.189819  1059.052856  -5.126726015  6.289356194
1969.529541  49.111767  -4.8231201  4.477620331
1757.176147  459.126373  -5.205731952  5.200637924
1540.508179  399.279053  -5.597116685  5.092089168
495.441772  545.622009  -7.454870688  5.32315854
1444.502441  555.666565  -5.76918237  5.367283505
347.488251  598.667725  -7.720891108  5.411955449
