114.466866  1330.782471  -12.3659326  6.60583788
1088.673218  1061.138184  -10.61708614  6.144065904
123.233345  808.182617  -12.2996515  5.674032115
76.73835  1193.526733  -12.42074087  6.357435842
1073.318115  1447.416016  -10.65747559  6.841006722
1140.858521  863.872314  -10.51920045  5.801315301
1001.271423  1410.293335  -10.7830669  6.76916283
533.434204  1250.629028  -11.60545184  6.466443768
1200.744263  1127.113525  -10.42183976  6.265667196
1004.644409  883.55072  -10.75736425  5.830752905
1031.813232  1048.609741  -10.71544181  6.121734563
515.020508  920.311646  -11.61293774  5.879217321
643.771362  822.488831  -11.38045687  5.710303537
355.228638  1312.30957  -11.93135345  6.577565427
604.028809  785.239502  -11.44947994  5.645649985
444.86499  1053.378662  -11.74895391  6.114135044
78.873993  1109.573486  -12.40962202  6.207797939
1131.759766  1161.253418  -10.54354613  6.326356853
480.164612  828.73645  -11.66875099  5.719787949
480.164612  828.73645  -11.66875099  5.719787949
360.843842  942.605652  -11.88870203  5.915420117
1233.577515  821.45105  -10.35677564  5.729758806
1130.159302  1148.067017  -10.54666008  6.301061393
106.705177  1147.929932  -12.36243465  6.275986831
1114.178223  1373.555542  -10.58193261  6.708188323
12.787253  1077.786987  -12.52582445  6.148852007
280.830688  1054.702759  -12.04282895  6.114017103
718.098511  778.137024  -11.25014762  5.637417426
145.95224  1309.493896  -12.30779839  6.568539314
28.777077  903.608276  -12.47665411  5.838572406
758.803345  936.149719  -11.18693447  5.913201702
605.967896  990.217285  -11.45910981  6.00518823
83.329453  1125.097046  -12.40172712  6.234952855
829.180481  779.290955  -11.05700222  5.642171329
829.180481  779.290955  -11.05700222  5.642171329
191.848877  1227.553345  -12.2178846  6.422403946
764.952637  1041.525391  -11.18207553  6.097509448
491.953278  1265.98291  -11.68115482  6.494557905
582.470154  1136.97876  -11.51035012  6.2647737
134.207275  1335.854248  -12.33067708  6.615232371
1054.851318  754.945007  -10.66628747  5.607474966
74.293404  1047.238525  -12.410993  6.095512382
8.592741  1108.74353  -12.53638831  6.204390191
1128.724854  854.195068  -10.54039717  5.783290994
1089.442505  904.442688  -10.61029923  5.869501036
514.219299  940.067322  -11.61701868  5.914399179
522.508789  848.676941  -11.59474998  5.754258734
672.862  782.001343  -11.32961955  5.643432842
768.7995  792.368042  -11.1625668  5.663303111
440.925476  766.06488  -11.73503609  5.609645313
440.925476  766.06488  -11.73503609  5.609645313
55.090191  1287.084106  -12.4703302  6.526963273
692.44458  1140.384399  -11.31600473  6.272520293
1209.631714  756.043579  -10.3969401  5.615177407
611.299988  871.476685  -11.44207804  5.797136348
68.131172  839.461853  -12.40032914  5.727784484
200.321442  1075.703491  -12.18840999  6.149777523
765.183472  1120.766724  -11.18655747  6.238511812
96.869141  893.971069  -12.35478975  5.824118218
888.143616  1297.574463  -10.97840628  6.558369201
539.498779  1112.330566  -11.58544411  6.220278703
801.40094  1435.120117  -11.14127108  6.809053381
559.263794  1233.042603  -11.55761848  6.434368975
1185.596436  923.768188  -10.44338947  5.905920895
519.076538  1270.40625  -11.63307347  6.502396701
519.076538  1270.40625  -11.63307347  6.502396701
718.659363  1124.129883  -11.26866237  6.244418424
473.836731  1388.937256  -11.72470423  6.718735804
113.510864  1159.844604  -12.3516818  6.297925514
433.60675  763.960083  -11.74789892  5.605781003
1115.244873  1078.801758  -10.57081076  6.176234475
1139.719604  1182.774536  -10.5308423  6.363412259
112.740059  999.388367  -12.33833098  6.011837429
827.283081  1464.674316  -11.09684268  6.863345442
1131.158936  1072.355713  -10.54262314  6.165695411
477.916046  1008.061646  -11.68567676  6.03354528
576.496948  935.804749  -11.50661617  5.907914023
209.651566  1029.502808  -12.16874826  6.068569269
790.611694  902.460022  -11.13014423  5.85481884
792.853577  1396.328003  -11.1547309  6.739379805
706.004883  1163.047485  -11.29323904  6.312878996
706.004883  1163.047485  -11.29323904  6.312878996
157.047699  1136.896851  -12.27154287  6.25771627
181.643051  1169.097046  -12.23051143  6.316084466
195.359268  989.913818  -12.19017097  5.997473829
1140.514771  1144.374146  -10.52832533  6.294692755
1196.066895  1081.048706  -10.42912567  6.182597083
1085.23584  1211.991333  -10.62796699  6.413743815
940.998047  1270.25415  -10.88478253  6.511466264
62.083088  1072.635376  -12.43425969  6.141136275
1216.726807  765.92865  -10.38493726  5.632427033
703.511169  1416.928101  -11.31421576  6.772085236
704.47998  1124.165405  -11.29355603  6.243324056
1150.825195  1151.775879  -10.51020158  6.308572762
609.302673  775.03595  -11.44052406  5.630200401
109.926735  878.663818  -12.33086808  5.797848175
109.926735  878.663818  -12.33086808  5.797848175
634.245728  1135.098755  -11.41833336  6.261847078
634.245728  1135.098755  -11.41833336  6.261847078
540.900757  1402.819092  -11.60551584  6.745711915
1153.203369  1190.657104  -10.50730461  6.378280808
1112.773438  1058.035278  -10.57470971  6.139017009
687.948242  1110.11438  -11.32036567  6.217732129
1152.705811  1073.202637  -10.50484065  6.167945165
88.986061  892.046692  -12.36795658  5.82040377
1164.286255  1316.40625  -10.49104683  6.60701912
224.371689  1239.364136  -12.16123436  6.444809683
1189.872925  1129.543335  -10.4411435  6.269461055
700.003235  1074.72522  -11.29851097  6.155735492
48.12582  922.289673  -12.44368256  5.872403121
39.10342  1053.886475  -12.47500114  6.106481854
7.564846  1165.016479  -12.54379221  6.305472674
8.173242  1038.047974  -12.52697444  6.076433788
944.265564  1262.491699  -10.87837062  6.498124651
129.229446  1292.068726  -12.336182  6.536964595
800.526001  1140.786255  -11.1253133  6.275490865
687.107056  867.808777  -11.30889783  5.792370484
115.877686  1487.289795  -12.3813994  6.894726497
876.819031  1334.904053  -11.00131197  6.62715109
693.152039  1019.895874  -11.30719085  6.058592756
689.834778  937.313721  -11.30858883  5.913418508
827.00116  1421.007813  -11.09475171  6.783713317
586.79303  1338.112915  -11.51757002  6.627124323
1093.561157  926.912354  -10.60400131  5.90945056
665.672424  933.009094  -11.35039627  5.905713447
739.066895  1115.559448  -11.23199486  6.229333817
42.007145  902.103088  -12.45423242  5.837493704
646.195435  925.586304  -11.38379982  5.892593525
642.068115  1232.216919  -11.40964147  6.43308545
590.88623  961.35022  -11.48303048  5.953259685
1291.254028  912.126953  -10.25933395  5.890910885
758.35437  1018.118896  -11.19266139  6.05688809
1692.958618  1419.877319  -9.539810633  6.827725759
1170.337158  1095.67688  -10.47440806  6.208470311
544.403809  876.846191  -11.55829947  5.803489074
2119.981689  1370.125488  -8.70097392  6.813110151
1222.036255  924.461792  -10.37872734  5.907708686
1164.365967  792.755676  -10.47724702  5.677882956
1110.577148  1326.161621  -10.58614355  6.621803064
1655.014404  804.55481  -9.613224645  5.714521553
1655.014404  804.55481  -9.613224645  5.714521553
713.556519  900.766113  -11.26378244  5.849632201
1008.476807  1372.947632  -10.76952509  6.700562534
1746.645508  1263.117676  -9.442544942  6.543360505
486.021118  1271.403809  -11.69254067  6.50518423
811.645508  1420.211304  -11.12226634  6.783108225
679.066772  1435.144409  -11.35913215  6.805893677
277.834351  1408.780762  -12.08157643  6.753662623
145.246994  973.909912  -12.27816879  5.967532621
854.486755  1072.802002  -11.0282606  6.158608001
1058.792603  1419.948242  -10.68211126  6.792731676
1058.792603  1419.948242  -10.68211126  6.792731676
458.078979  1314.335693  -11.74520596  6.581912136
1748.973389  1201.257446  -9.431077096  6.440700123
1233.200317  921.103516  -10.3595526  5.902967828
1203.653564  1100.163086  -10.41587684  6.217918157
797.075195  1420.67395  -11.14808299  6.78330235
797.075195  1420.67395  -11.14808299  6.78330235
223.846024  1106.87793  -12.14885653  6.20559777
1906.000732  1385.743652  -9.183742424  6.732141371
1018.405701  1409.307983  -10.7536853  6.767890511
1822.10376  1202.410889  -9.306549772  6.435065268
1017.98468  1373.249878  -10.75314431  6.70135879
2159.64209  1237.145386  -8.684301144  6.517166071
2159.64209  1237.145386  -8.684301144  6.517166071
2213.377441  1410.973267  -8.572347651  6.846122497
1645.509033  1100.557495  -9.628928434  6.243919423
1107.419678  1035.005859  -10.5824526  6.097916201
1115.51001  848.163696  -10.56297187  5.772358449
2027.182251  995.916687  -8.937450738  6.071460337
1933.438354  1048.436401  -9.111529396  6.158575606
2038.278198  1286.150269  -8.906566154  6.601064192
1734.921509  1020.956604  -9.470859561  6.100735611
1184.470947  1252.654785  -10.45384633  6.490657194
1093.83728  1390.734375  -10.61895911  6.737105842
1093.83728  1390.734375  -10.61895911  6.737105842
174.471008  835.304871  -12.19711288  5.716919538
1870.753662  1209.192749  -9.220213933  6.448483908
1298.550171  1288.980103  -10.25171305  6.564097619
732.830627  1448.270508  -11.26317144  6.828037099
1877.911255  1319.996582  -9.202148176  6.654922133
444.86499  1053.378662  -11.7491489  6.114013656
1604.514648  1178.424927  -9.704025423  6.378527638
1223.144287  803.146912  -10.3745154  5.697299227
2139.456299  806.512512  -8.734290472  5.737537714
2139.456299  806.512512  -8.734290472  5.737537714
266.769623  1064.522949  -12.06818161  6.131146195
1224.341431  1018.40564  -10.37798535  6.072058951
1224.341431  1018.40564  -10.37798535  6.072058951
146.900757  1114.062012  -12.28639867  6.216110343
238.519547  1282.873901  -12.14038464  6.524145117
1055.94104  1032.928467  -10.67306038  6.092614631
1157.663452  1017.10083  -10.49459179  6.06864796
662.190308  994.909424  -11.36004414  6.014331396
1901.942993  1429.963989  -9.153693828  6.861054404
1157.413696  1053.890625  -10.49605177  6.134275786
811.905457  846.165405  -11.09000077  5.758437003
1975.292847  1295.154541  -9.021962601  6.616413331
1150.636353  984.587585  -10.50571064  6.011504604
1128.974121  1409.915649  -10.55653395  6.774527639
2177.842041  1102.577148  -8.658054498  6.270180157
1664.482422  1247.607178  -9.594620895  6.507763687
1765.21936  840.218262  -9.416527292  5.782915529
1640.013306  1206.643555  -9.638071311  6.43592907
1129.075195  1130.783691  -10.54797407  6.270337354
504.209747  887.09259  -11.62990451  5.821090556
992.336426  1354.456177  -10.79770671  6.666570378
992.336426  1354.456177  -10.79770671  6.666570378
805.747375  837.40033  -11.10063563  5.742608854
2008.765381  1239.136597  -8.961970408  6.514136599
2210.48877  1248.097412  -8.588526433  6.54056869
798.011414  1357.009888  -11.14287106  6.666850833
587.440125  1326.567749  -11.51518205  6.605595102
881.568054  1307.715698  -10.9914851  6.577738898
1213.603516  1158.688965  -10.39993106  6.322851272
1684.174805  1344.63269  -9.555664419  6.689886952
2052.681885  1267.159058  -8.878226535  6.568560116
2052.681885  1267.159058  -8.878226535  6.568560116
2052.681885  1267.159058  -8.878226535  6.568560116
238.793686  1488.064087  -12.15664942  6.896005001
1706.247192  1314.105347  -9.51545796  6.634964116
294.551117  1031.151367  -12.01615031  6.072757433
1727.023926  1317.684448  -9.476036491  6.644284871
1283.877441  1025.610352  -10.27272977  6.08866219
1260.135254  859.683838  -10.31112525  5.798101256
801.042236  1401.960205  -11.1401771  6.749155535
1181.425049  1300.988159  -10.46012725  6.579238037
159.428604  1178.746948  -12.27111188  6.3338354
2151.138672  1038.701782  -8.708591818  6.153527264
2043.955078  1216.585327  -8.897289278  6.475103818
2043.955078  1216.585327  -8.897289278  6.475103818
1023.803162  822.307495  -10.72184773  5.724221983
1052.468872  1058.760376  -10.68029829  6.138544455
706.681213  1008.087708  -11.28265818  6.037861619
1132.100952  828.886047  -10.53379826  5.739547394
1226.622192  836.917908  -10.36940047  5.756346224
632.904785  995.87561  -11.41182144  6.015499768
661.299438  902.110535  -11.3555882  5.851381833
1089.448486  1127.309082  -10.61749813  6.262129297
1144.03418  771.193115  -10.51131556  5.639676039
1145.769287  807.244934  -10.50942159  5.70237732
1145.769287  807.244934  -10.50942159  5.70237732
166.796082  1266.194092  -12.26555596  6.490099057
912.643005  1232.459717  -10.93304989  6.443413491
1718.329834  1127.008911  -9.498167193  6.291966995
1718.329834  1127.008911  -9.498167193  6.291966995
1718.329834  1127.008911  -9.498167193  6.291966995
1603.84314  1127.638672  -9.704775413  6.287411862
1603.84314  1127.638672  -9.704775413  6.287411862
1579.882813  764.969177  -9.749455812  5.641581408
569.234741  794.186035  -11.51115711  5.661750081
1247.049438  861.342712  -10.33423394  5.799879026
1345.571655  1334.400024  -10.16831618  6.649339545
1345.571655  1334.400024  -10.16831618  6.649339545
1261.838135  1320.014771  -10.31755717  6.618777349
827.144409  1413.369263  -11.09410972  6.769562571
1626.528564  1084.37146  -9.664044961  6.210465271
1039.578491  803.339478  -10.69372811  5.691797766
2143.511963  1313.153442  -8.708481819  6.659034182
2227.175049  910.010498  -8.56647273  5.928005715
473.542023  1057.228882  -11.69784359  6.120971766
2112.429932  823.99646  -8.78269982  5.767506071
1965.266602  815.555908  -9.054287166  5.746561112
1372.771118  880.656555  -10.11495189  5.837040991
2212.28418  1268.4823  -8.583740498  6.578748371
1190.00415  1139.108765  -10.4411745  6.287149101
1190.00415  1139.108765  -10.4411745  6.287149101
1066.101807  1267.458008  -10.66364051  6.511890364
956.961365  1252.819946  -10.85549393  6.480259528
1096.518799  1245.501465  -10.60908324  6.474989757
1130.518433  1105.442627  -10.54466311  6.224688666
1152.262573  1408.995972  -10.5154585  6.774951546
513.869263  999.710815  -11.62117263  6.019503588
513.869263  999.710815  -11.62117263  6.019503588
1030.753662  1154.706909  -10.72152273  6.309289981
1818.580566  1062.792114  -9.318397612  6.180447598
1045.561523  1428.046265  -10.70626694  6.804099076
1697.898438  761.611389  -9.539960631  5.639972893
481.444824  1049.869385  -11.68423678  6.10962029
1123.879761  1096.572754  -10.55598796  6.209386664
726.678406  903.862976  -11.24229172  5.855281356
286.143707  842.721619  -12.01419434  5.738961332
1297.806274  1217.458252  -10.25206605  6.432082292
375.328827  1265.265991  -11.890856  6.492776512
1128.21814  1191.452026  -10.55129402  6.379017579
277.620728  1351.526367  -12.07479452  6.647794737
277.620728  1351.526367  -12.07479452  6.647794737
621.698975  1009.71283  -11.43194417  6.039116058
1271.425537  924.06311  -10.2929755  5.909998018
1268.685791  1171.172607  -10.30320536  6.346435389
921.324768  1220.235474  -10.9173331  6.422586868
546.624695  838.61792  -11.55380153  5.738108728
429.617523  1402.510254  -11.80557114  6.743559944
1852.099365  1029.120728  -9.258002425  6.121317314
811.981262  1100.787354  -11.10342559  6.205428313
559.78186  1008.016479  -11.54053971  6.034236274
1800.540649  761.622314  -9.355022119  5.644317055
1145.12085  1169.462646  -10.52093843  6.34004495
1168.903564  1009.86908  -10.47490905  6.055936438
1168.903564  1009.86908  -10.47490905  6.055936438
1307.988892  1220.213379  -10.23401829  6.437892989
1165.832397  1157.166382  -10.48408993  6.318476075
1165.832397  1157.166382  -10.48408993  6.318476075
1134.052734  998.04718  -10.53570523  6.034122895
679.436584  1077.515869  -11.33474348  6.160364721
1626.154907  1304.620483  -9.661779992  6.612161697
1142.668823  1013.117432  -10.52093443  6.061087957
1186.263062  1029.788574  -10.44537145  6.091490662
592.399475  1018.37146  -11.48467046  6.054222192
1204.079224  923.59021  -10.41088291  5.906099373
1276.965942  1161.279541  -10.28798357  6.33021284
591.828735  975.688965  -11.48266949  5.97908694
2232.581055  865.531372  -8.558545837  5.847583581
2232.581055  865.531372  -8.558545837  5.847583581
2177.311768  798.500488  -8.66307243  5.725215512
1673.990723  1234.911255  -9.576040145  6.486601532
696.56488  1376.774902  -11.32407662  6.69883655
1679.146729  1292.47876  -9.566404275  6.591762835
757.689331  1255.986328  -11.20780819  6.480849007
1726.087402  762.820862  -9.488819319  5.643630585
1811.79541  883.314758  -9.332044428  5.860655932
1813.273193  1444.655884  -9.31633464  6.883628455
1268.944458  1017.871643  -10.30083039  6.073171787
1729.143555  1429.053345  -9.471280555  6.849609431
1668.880249  1169.755127  -9.586312007  6.367783062
2155.316162  745.088989  -8.707071838  5.628485331
1116.94873  773.403687  -10.55864092  5.643152002
1870.876831  1262.941772  -9.216975977  6.548464621
1255.959229  1020.809021  -10.3222991  6.077420299
1081.137329  1077.888794  -10.62962297  6.172105165
1286.273682  1373.37561  -10.27436375  6.718621339
583.67865  1179.220215  -11.51065311  6.339354539
461.657654  1112.314331  -11.72382024  6.219431681
784.068481  814.732605  -11.13693914  5.70230728
1349.335205  1379.53418  -10.16188226  6.7327279
1437.356079  837.570862  -10.0027324  5.762935325
1297.025513  889.664368  -10.24716311  5.851310438
1664.133545  1026.93042  -9.596755867  6.109230082
1664.133545  1026.93042  -9.596755867  6.109230082
1097.6698  1330.032471  -10.60984223  6.627711065
1627.813843  859.282104  -9.664809951  5.808740046
1132.68811  1310.993164  -10.54713808  6.594545519
858.110229  1227.071045  -11.0283646  6.432617766
2214.023682  920.591919  -8.591046399  5.945996797
1085.346313  911.611572  -10.61734313  5.8816499
1791.34082  1323.028809  -9.359291062  6.657084828
1220.063354  856.950012  -10.38134731  5.791989849
686.889832  1393.921753  -11.34163439  6.728659167
1151.852173  1120.162964  -10.50746661  6.251148883
1108.935791  1076.099609  -10.58173461  6.170667983
237.165146  891.167419  -12.10478512  5.82299203
1112.05188  1132.844482  -10.57797566  6.272966731
1113.862549  1069.628174  -10.57311573  6.160730864
1291.076782  886.942566  -10.25776297  5.846296854
240.974213  1349.242676  -12.14139363  6.644022839
429.756226  1440.391846  -11.80837811  6.812609998
1256.167358  1133.348145  -10.32461407  6.27830089
1256.167358  1133.348145  -10.32461407  6.27830089
788.632751  1100.316162  -11.14399405  6.202987706
1331.041626  848.216492  -10.18697292  5.779324113
1354.298096  1199.473022  -10.1514594  6.4025488
2119.421875  1429.635376  -8.748902275  6.874348383
555.819092  910.733337  -11.54257268  5.862717985
759.76825  1296.546753  -11.2068322  6.555814489
531.176025  1183.283691  -11.60478385  6.346218185
765.793335  909.452576  -11.17337265  5.86610274
1359.123657  1290.891968  -10.14379051  6.569592704
479.985809  1059.722412  -11.68657175  6.12526453
1114.163574  1051.052368  -10.57152275  6.127062691
1154.00415  1401.557251  -10.51219155  6.761711859
1608.603394  792.258179  -9.699566483  5.689838169
795.266907  1431.603027  -11.15227494  6.803263681
602.921692  1147.838745  -11.47489059  6.284317791
852.426147  895.419434  -11.02243868  5.845022973
263.843262  1034.921387  -12.07168856  6.078855864
1149.353516  1176.122437  -10.51383453  6.35205592
257.85965  1050.102295  -12.0837444  6.105747006
812.873352  879.08606  -11.09032177  5.815596545
758.179932  1039.192139  -11.19419237  6.094146457
490.025085  1398.873169  -11.69615262  6.736651157
501.568787  1288.901611  -11.66568603  6.536483808
501.568787  1288.901611  -11.66568603  6.536483808
1025.515869  786.307617  -10.71752879  5.661609419
1025.515869  786.307617  -10.71752879  5.661609419
2160.842041  1088.417114  -8.69059506  6.243173364
677.704956  1036.565063  -11.33514347  6.088265442
993.339966  1471.489014  -10.80090266  6.882211963
993.339966  1471.489014  -10.80090266  6.882211963
416.618835  1219.693359  -11.81313604  6.411127584
403.348602  1286.360596  -11.84249065  6.53089816
1301.184692  1051.745972  -10.24354516  6.135615491
1651.854492  1284.79541  -9.615686612  6.576832799
123.865417  1011.525024  -12.31893524  6.033072245
1063.59729  1034.505615  -10.65969056  6.096094401
1335.285278  1247.348022  -10.18604794  6.488057338
1238.648193  1016.075989  -10.35271269  6.069255638
1384.324951  1158.727661  -10.09786512  6.330509211
1384.324951  1158.727661  -10.09786512  6.330509211
225.586746  835.37915  -12.1213059  5.72479602
1744.553101  932.717346  -9.454258784  5.944407978
735.009216  1040.875488  -11.23469883  6.096597859
1195.853394  1128.462891  -10.43068465  6.267573332
1155.40271  905.485779  -10.49546977  5.873902221
1146.491089  1075.118164  -10.5156635  6.171406751
1963.51001  893.68811  -9.053477177  5.886563748
586.350952  1356.908813  -11.51980999  6.66126792
1149.668579  1114.12854  -10.51141556  6.240753115
1139.713013  817.276245  -10.52019844  5.719549975
806.005432  1300.633545  -11.1251383  6.562754415
528.966614  924.866638  -11.58934005  5.887484393
575.682556  1120.650635  -11.52119797  6.235527092
1722.293213  1144.006104  -9.491523283  6.322051413
1730.911743  1268.384766  -9.47167055  6.55176545
2170.010498  798.005371  -8.677328238  5.723734476
474.696411  993.041199  -11.69047069  6.006859149
1814.360352  1307.057129  -9.317969618  6.628317615
1289.514038  1270.83728  -10.26742984  6.5299764
743.055969  1459.825806  -11.24675866  6.852129117
1335.782471  915.535583  -10.18016502  5.896978977
2033.724609  988.58606  -8.925739896  6.058270126
2033.724609  988.58606  -8.925739896  6.058270126
626.913086  1358.926514  -11.44762796  6.666086999
1196.133423  1021.914429  -10.42776868  6.07760479
1196.133423  1021.914429  -10.42776868  6.07760479
486.043854  990.947021  -11.67050396  6.003262722
690.61792  1004.453003  -11.3106078  6.031384712
477.156799  896.555298  -11.67963584  5.837295835
1916.170166  824.500122  -9.142511979  5.760992473
1366.850708  1429.230469  -10.13101068  6.825476497
1620.174805  1078.52002  -9.675802803  6.200406214
2209.37915  1041.673706  -8.595612338  6.164863257
1774.74646  1096.822388  -9.397196552  6.239673182
2117.635254  1400.200684  -8.753970207  6.81935599
1689.603271  1130.065674  -9.548391517  6.297166187
1348.480469  1349.222412  -10.16283425  6.676677734
1717.147095  986.320313  -9.502284138  6.039307104
2020.879883  1229.168457  -8.939731707  6.496820559
2104.408691  1368.063354  -8.779281866  6.758765768
1424.537231  1285.987793  -10.02656208  6.563989302
1424.537231  1285.987793  -10.02656208  6.563989302
1735.46582  1256.888428  -9.463769656  6.530801724
1727.023926  1317.684448  -9.476963478  6.643848977
1753.110474  902.877136  -9.439370984  5.89192224
1964.545654  1269.931274  -9.04136934  6.569232161
1669.876953  1312.632324  -9.583347047  6.628094836
1415.537964  804.895203  -10.03928191  5.705653048
1785.954102  996.362061  -9.379808786  6.058197192
1546.067749  830.039063  -9.810457991  5.753351186
1683.073975  1214.492432  -9.560728351  6.448752541
1391.544189  860.087708  -10.08211734  5.801497504
1391.544189  860.087708  -10.08211734  5.801497504
1851.552124  900.451172  -9.259238408  5.893246963
1594.453003  819.221924  -9.724023154  5.736702378
1821.047974  1139.899902  -9.311407706  6.320552336
2154.556152  1245.510742  -8.691406049  6.533635361
1762.46936  979.965759  -9.421523224  6.029375324
1745.805542  1092.241943  -9.449149853  6.230481376
1745.805542  1092.241943  -9.449149853  6.230481376
1398.615845  1085.567627  -10.07181947  6.20020645
1866.126953  1240.829468  -9.225853857  6.508412599
1692.150757  1318.117554  -9.541092616  6.641321527
1692.150757  1318.117554  -9.541092616  6.641321527
1816.534424  887.717224  -9.322962551  5.868529334
2185.394531  1049.801392  -8.645016673  6.175152661
2156.166016  1175.697144  -8.69351402  6.403787796
1694.498291  1150.497314  -9.540383625  6.334099272
1843.068115  1077.064087  -9.272424231  6.207853545
1694.938721  1198.062378  -9.539058643  6.419963579
1665.714111  1087.155884  -9.594039903  6.218257736
1804.214355  1036.06665  -9.345763244  6.130793334
1804.214355  1036.06665  -9.345763244  6.130793334
1688.340088  1086.736084  -9.552895457  6.21792722
1911.423462  902.116882  -9.150554871  5.898861101
1323.248169  1132.178345  -10.20586067  6.279896508
1329.244385  1084.177246  -10.19455682  6.195005685
1792.785034  1142.827271  -9.362983012  6.324306024
1792.785034  1142.827271  -9.362983012  6.324306024
2226.033936  1149.056763  -8.563688767  6.359029157
1728.949097  1119.587891  -9.47908145  6.278862827
1728.949097  1119.587891  -9.47908145  6.278862827
1627.608032  1055.891846  -9.662942976  6.159120692
1645.504272  1145.491455  -9.628987433  6.322476587
680.228882  1462.423828  -11.35948715  6.855847631
238.820602  869.491211  -12.09713722  5.782670472
600.178345  1238.94043  -11.48567845  6.446627347
287.792023  818.281189  -12.00908941  5.696317481
244.117386  1008.476379  -12.10344114  6.030555728
608.386169  1074.802368  -11.46008979  6.15460372
709.243958  1398.5177  -11.3032509  6.739637458
449.986969  246.579193  -11.68785373  4.719341804
628.334595  285.184448  -11.38279583  4.791383904
186.098541  489.701965  -12.16261334  5.124154084
148.580612  388.245636  -12.21828359  4.94887345
148.580612  388.245636  -12.21828359  4.94887345
189.113678  319.013489  -12.14157262  4.832778899
486.021118  1271.403809  -11.69183268  6.504217933
586.55719  647.601257  -11.47148364  5.407976019
209.468262  285.43811  -12.10419413  4.776256962
879.844788  268.318756  -10.94965266  4.771300131
726.82019  1070.018433  -11.25074461  6.147780534
580.084229  593.701721  -11.47961653  5.315450279
679.865173  572.000427  -11.30590287  5.281838375
555.537048  730.956848  -11.53108384  5.551273695
794.233459  536.476501  -11.10748854  5.224470949
794.233459  536.476501  -11.10748854  5.224470949
809.396912  1015.232483  -11.1031646  6.053437476
1045.296265  1474.269043  -10.70825991  6.888160066
660.415771  1456.693359  -11.39431568  6.844235842
795.551392  287.559692  -11.09487771  4.801122478
255.798706  1367.857056  -12.11595997  6.677773804
799.182373  1472.218994  -11.147566  6.877194608
539.317871  280.501434  -11.53565978  4.780265578
772.130859  1091.490601  -11.17258466  6.18717396
807.617065  1359.74646  -11.12577729  6.67123323
790.424805  1011.635559  -11.13617815  6.046919927
458.078979  1314.335693  -11.74594495  6.581723859
458.078979  1314.335693  -11.74594495  6.581723859
653.206787  360.325684  -11.34315137  4.920270686
615.501221  741.998718  -11.42727024  5.572457498
782.837646  1122.069458  -11.15550889  6.24174097
82.488693  1137.06543  -12.40449209  6.255808228
816.416565  797.097961  -11.0804869  5.67329917
211.817947  1078.7771  -12.16884826  6.155646945
950.278687  517.284302  -10.83808516  5.197039975
950.278687  517.284302  -10.83808516  5.197039975
549.497925  227.521942  -11.51594304  4.690548975
649.811096  965.218689  -11.38009787  5.961863206
81.675095  275.832947  -12.32525515  4.755187397
666.65033  1231.519775  -11.36747304  6.434879901
119.018425  489.78421  -12.27816779  5.120762714
811.479614  1358.42041  -11.11896838  6.669564858
625.724304  510.964111  -11.39671165  5.175378133
941.885315  479.770905  -10.85090599  5.132252943
267.022034  706.308228  -12.03683203  5.500784902
81.379425  1073.275513  -12.40098713  6.1422255
81.379425  1073.275513  -12.40098713  6.1422255
353.875519  1262.560059  -11.92904248  6.486999102
764.11377  472.145203  -11.15826785  5.113895303
737.876892  1376.894409  -11.2515416  6.702792508
714.634827  665.852173  -11.25015362  5.443455691
822.674377  279.250916  -11.04807334  4.786556974
822.674377  279.250916  -11.04807334  4.786556974
248.532654  159.03801  -12.02885114  4.563794277
825.029114  1423.576782  -11.09851566  6.78845976
71.601448  708.056519  -12.37959542  5.496808453
106.476624  525.06842  -12.30516142  5.18202073
801.421509  558.502075  -11.0957527  5.262376951
801.421509  558.502075  -11.0957527  5.262376951
137.298096  1323.458618  -12.32467516  6.593718964
751.431519  782.19397  -11.19263939  5.645439019
913.694031  1282.942383  -10.93365988  6.534853644
1072.517456  736.64502  -10.6343619  5.576788349
265.487701  617.397522  -12.03229609  5.346312847
782.246155  520.608765  -11.12741827  5.197605719
716.231567  736.816162  -11.2512206  5.566328147
223.260025  487.829773  -12.09793421  5.122477793
529.257813  674.971558  -11.57352027  5.454496841
179.571152  93.715027  -12.1432666  4.451083145
158.534225  829.777466  -12.24085929  5.714019032
107.08709  590.98053  -12.30826838  5.295393798
132.021286  838.060181  -12.28834265  5.727099522
823.108398  701.43689  -11.06405112  5.507408376
793.700378  685.958008  -11.11604142  5.482337236
775.063416  703.855469  -11.147477  5.511760614
766.30072  405.724945  -11.15159794  5.002948501
355.228638  1312.30957  -11.93134945  6.577404604
56.924225  175.291565  -12.36006268  4.584243698
56.924225  175.291565  -12.36006268  4.584243698
233.735138  618.876831  -12.08766835  5.347483659
273.531738  338.729034  -11.99714057  4.869498563
211.985901  749.16864  -12.13832167  5.573864909
502.497498  726.672791  -11.6227776  5.541636521
146.449661  1158.904541  -12.29300059  6.297913262
734.988159  293.241943  -11.1993563  4.8086732
665.763245  1376.190552  -11.37952188  6.698258901
201.343918  193.667252  -12.11202002  4.620548418
479.783661  712.752869  -11.66309106  5.51802867
729.087402  1087.249634  -11.24784765  6.178353792
640.28595  292.667603  -11.35929915  4.804645998
103.500671  1060.610352  -12.35995868  6.120084073
803.327515  1071.710815  -11.11710441  6.153664128
141.899002  748.859619  -12.26143101  5.570717018
520.647156  1488.505005  -11.64925825  6.904591853
239.996628  683.226746  -12.08309741  5.459682778
60.843555  1017.86145  -12.43152872  6.042598265
60.843555  1017.86145  -12.43152872  6.042598265
450.942078  1388.654907  -11.76561668  6.717855516
568.995728  392.480072  -11.4894994  4.971638085
767.63269  489.299042  -11.15095795  5.143138044
60.137638  965.282837  -12.42889476  5.950363664
464.692261  1361.907959  -11.73884504  6.669600258
148.629395  96.077286  -12.19660388  4.453830362
218.743469  326.475372  -12.0910123  4.846542643
504.517517  210.441086  -11.59235101  4.660335787
1052.072266  1111.965942  -10.68275625  6.233697136
465.768005  1109.084839  -11.71597135  6.213213287
32.823551  717.748413  -12.44913049  5.512365214
830.403015  1351.692993  -11.08500784  6.657877689
1037.154297  1027.7323  -10.70583194  6.083651396
456.777435  770.273071  -11.70734347  5.617325378
31.929106  732.051208  -12.45014947  5.536407809
57.044704  1018.664001  -12.43859963  6.043989253
263.760345  248.811096  -12.00750843  4.716455537
717.490173  762.616455  -11.25040362  5.610463725
734.102539  511.617615  -11.21013916  5.180631625
1063.747681  261.559418  -10.6346389  4.764702822
544.070923  301.998077  -11.52831088  4.817111425
468.29837  797.613342  -11.68759973  5.662044978
84.164604  62.446857  -12.30493143  4.395079951
250.084183  661.024841  -12.0619177  5.421148337
128.6147  235.871094  -12.24115628  4.689019787
485.096436  792.185425  -11.65786513  5.655574607
257.669464  63.716854  -12.00764743  4.403366922
252.473053  336.203735  -12.03341808  4.8640449
666.784485  594.288391  -11.32970955  5.319314075
612.674255  647.289063  -11.42611825  5.408591691
612.674255  647.289063  -11.42611825  5.408591691
333.347931  436.980743  -11.89923988  5.039153912
73.444611  471.075409  -12.35709172  5.087768745
626.524109  597.469482  -11.39928861  5.323419046
201.248077  17.559547  -12.10178816  4.323694099
605.445923  765.067871  -11.44648298  5.6123634
930.659302  512.292725  -10.87136972  5.187486133
102.835075  1382.031616  -12.39341223  6.700325547
662.383606  259.816071  -11.32319164  4.749729459
751.808472  868.949097  -11.19535236  5.795060139
420.250153  844.703918  -11.77675853  5.745788539
605.605774  295.554382  -11.42187531  4.808059597
709.658264  193.94072  -11.23928676  4.639354344
239.273453  1318.66748  -12.14181862  6.58841981
412.811798  1457.075684  -11.84079267  6.844059455
546.628601  1250.215942  -11.58190815  6.466331399
1000.700989  801.189209  -10.7609922  5.686902113
208.774139  261.65094  -12.10386913  4.735858265
86.276672  755.730896  -12.36015668  5.580916269
863.544739  261.639679  -10.97714929  4.759492275
514.94696  722.301453  -11.60181089  5.535493439
42.095951  983.461853  -12.46139432  5.980733087
263.015686  305.477692  -12.01287636  4.81232439
253.959244  1026.780884  -12.08916033  6.065004884
1084.404907  1206.11792  -10.62915697  6.402837731
556.141541  67.216011  -11.49610431  4.420396154
655.620239  532.762085  -11.34640032  5.214020331
335.66153  1286.228271  -11.96401501  6.529719756
1009.040466  616.581482  -10.74005048  5.368111811
608.832153  1149.616577  -11.46399174  6.286992918
257.189392  1053.233521  -12.08533638  6.111363675
507.070648  506.282227  -11.60163389  5.163440789
1050.248779  303.848083  -10.65905557  4.836113351
316.421448  1295.301636  -11.99979653  6.546133479
1007.565796  1478.802246  -10.77591  6.897171972
667.334717  292.179718  -11.31659372  4.804965757
743.106079  1212.71875  -11.23085188  6.402744851
597.880371  868.380066  -11.46533172  5.79124936
464.589813  1394.399292  -11.741769  6.728971653
228.659134  462.118225  -12.08471539  5.078399435
1043.059326  1489.488525  -10.71294385  6.918360592
260.77948  75.317841  -12.00334848  4.42293083
194.319351  1092.207397  -12.20082083  6.179039965
737.509338  1137.731445  -11.23612081  6.268455462
115.555305  846.305115  -12.31752426  5.74076363
560.225586  283.276062  -11.49974326  4.785777086
234.404434  858.769775  -12.10705409  5.766327556
234.404434  858.769775  -12.10705409  5.766327556
488.340271  1001.918579  -11.66691701  6.022660401
782.059692  747.910278  -11.13737414  5.586998576
77.89566  627.437683  -12.36207966  5.357146488
163.5867  1145.134155  -12.26167001  6.27315839
825.255981  1162.029175  -11.08325786  6.314478951
636.871033  1051.439087  -11.40915048  6.116264371
625.63269  1022.757935  -11.42591325  6.062459691
490.595428  308.758362  -11.62079563  4.826469182
741.839233  940.860168  -11.21690207  5.920362927
303.627655  810.246765  -11.9801798  5.682658463
284.315765  600.224304  -11.99789356  5.317711225
146.088959  1178.65979  -12.29466956  6.332126112
207.304764  518.292175  -12.12705182  5.173922319
601.822083  639.422607  -11.444712  5.394608364
792.164673  986.054199  -11.13172121  6.001624669
1050.569336  1044.099487  -10.68285725  6.111372541
1050.569336  1044.099487  -10.68285725  6.111372541
481.341644  271.436371  -11.63486444  4.762825876
702.406555  1284.593872  -11.30774684  6.531804798
301.036713  81.783829  -11.9349664  4.435110134
301.036713  81.783829  -11.9349664  4.435110134
510.648163  1296.03894  -11.64994824  6.548672922
694.655151  479.859436  -11.27682626  5.124750476
655.005615  754.657532  -11.35929115  5.595704945
9.025386  761.430725  -12.49645085  5.587998904
167.317398  1030.762695  -12.24385025  6.069069623
784.14209  1181.559814  -11.15599789  6.345846131
784.14209  1181.559814  -11.15599789  6.345846131
48.828362  914.15802  -12.44269157  5.85845499
210.330795  763.78656  -12.14224461  5.599194866
591.499268  256.013702  -11.445039  4.740570296
591.499268  256.013702  -11.445039  4.740570296
430.71463  1354.559204  -11.79960023  6.656483922
792.516113  751.735718  -11.11940638  5.593795847
543.738098  508.693939  -11.53821774  5.169023198
237.176651  686.523254  -12.08725735  5.465112498
115.043175  753.219055  -12.30973036  5.577614902
1029.315918  1140.557129  -10.7238267  6.284438681
607.122314  511.391327  -11.42898921  5.175681785
572.539856  365.953674  -11.48254449  4.926989266
754.804504  737.465881  -11.1843535  5.568288674
754.804504  737.465881  -11.1843535  5.568288674
181.529694  1263.855469  -12.23925831  6.486619318
59.66222  745.165955  -12.40577707  5.561354068
904.233093  463.672028  -10.91495213  5.104218001
1004.19812  1491.595215  -10.78243091  6.919996636
1007.705383  1129.963623  -10.76141219  6.264809454
1007.705383  1129.963623  -10.76141219  6.264809454
81.963852  590.671753  -12.35239979  5.293991297
707.036377  271.682465  -11.24643667  4.771218882
117.268906  1118.797607  -12.34101494  6.224484081
675.087219  1051.44458  -11.3407734  6.114094294
675.087219  1051.44458  -11.3407734  6.114094294
29.949295  26.704206  -12.39468222  4.333241118
487.093231  893.742432  -11.66162308  5.832644278
487.093231  893.742432  -11.66162308  5.832644278
297.848969  762.122314  -11.98624971  5.598403351
235.395828  767.673584  -12.0985062  5.606816785
235.395828  767.673584  -12.0985062  5.606816785
596.772705  1114.222656  -11.48357248  6.224518639
545.621338  717.593384  -11.54763462  5.527969645
271.886169  1031.240356  -12.05680776  6.072228252
506.631531  322.035919  -11.593523  4.849623028
224.392288  718.69281  -12.113418  5.520937593
255.729309  1006.347412  -12.0838224  6.028045988
810.170715  751.290649  -11.08877179  5.593489178
106.838837  123.8311  -12.2699329  4.499234215
590.676453  616.618896  -11.46239076  5.355025941
871.942627  1340.678955  -11.01029585  6.637340267
710.116821  525.710388  -11.2518836  5.203443831
457.084259  321.422607  -11.67903885  4.846805661
219.127899  575.81488  -12.11068104  5.272266762
24.514847  842.040222  -12.47887608  5.730483099
769.059265  1453.725464  -11.20032229  6.842787377
125.903862  231.283432  -12.24510723  4.68157181
1031.939331  1089.937256  -10.71732779  6.194536444
657.243958  122.191612  -11.3259606  4.516280357
572.972778  629.339111  -11.49425633  5.376075176
276.57016  225.716553  -11.98445774  4.67791505
276.57016  225.716553  -11.98445774  4.67791505
94.275993  1223.752808  -12.39210425  6.411861922
39.394814  731.394958  -12.43978161  5.536474008
1017.455688  806.080017  -10.73223759  5.69581216
127.056183  108.71022  -12.23423438  4.474534556
127.056183  108.71022  -12.23423438  4.474534556
256.961761  642.639038  -12.04913887  5.390040357
295.029175  1028.338745  -12.01508533  6.06822411
819.918457  1308.868042  -11.10112462  6.579163599
100.843575  738.778137  -12.33263405  5.55180395
742.914612  1013.25061  -11.21899904  6.047277336
561.026123  1413.210083  -11.56990832  6.764571476
70.371506  1089.292358  -12.42227685  6.170484303
70.371506  1089.292358  -12.42227685  6.170484303
832.879761  1132.949585  -11.06835306  6.262609079
832.879761  1132.949585  -11.06835306  6.262609079
678.049377  273.056549  -11.296177  4.772869138
678.049377  273.056549  -11.296177  4.772869138
191.40361  400.133911  -12.14472458  4.970795866
182.760254  201.794708  -12.14550857  4.633464866
227.621552  868.947571  -12.11973192  5.783086146
227.621552  868.947571  -12.11973192  5.783086146
354.750549  911.254272  -11.89770091  5.860642586
330.542694  1281.992676  -11.97314389  6.522511342
99.4142  746.415344  -12.33586101  5.564955127
99.4142  746.415344  -12.33586101  5.564955127
80.503021  1184.451904  -12.41391596  6.341680215
494.097229  754.304016  -11.64036537  5.590283304
106.858978  617.12262  -12.31015636  5.34030269
36.121269  1156.629883  -12.49067893  6.29037015
750.163879  1121.91748  -11.21236613  6.239494935
313.501038  1299.932373  -12.00543646  6.554688241
540.250916  725.682373  -11.55742848  5.54157755
628.703369  649.388489  -11.39870062  5.412956749
21.09263  202.393097  -12.42345183  4.62875682
583.339539  572.862061  -11.47295162  5.28021261
501.672546  1071.266357  -11.64848926  6.14508099
535.753906  214.403854  -11.53923973  4.66797107
264.490723  1082.3302  -12.07537551  6.164201563
654.087097  143.823837  -11.33269251  4.552520074
806.709229  1377.838013  -11.12857625  6.704727834
806.709229  1377.838013  -11.12857625  6.704727834
261.524017  85.391434  -12.00272049  4.439893247
261.524017  85.391434  -12.00272049  4.439893247
85.719261  759.70105  -12.36170766  5.587866931
756.093506  801.902405  -11.18529249  5.679555165
165.176895  216.343567  -12.17596116  4.657545878
86.762169  1377.094482  -12.42215485  6.691163886
530.148682  691.057251  -11.57336027  5.481928509
412.239746  826.911743  -11.78976436  5.714687107
135.524384  543.240479  -12.25519709  5.214317948
565.318604  1181.323486  -11.54440666  6.342405958
97.374954  175.205154  -12.28976963  4.585743887
225.980667  249.660126  -12.07311354  4.716748008
137.807297  764.137878  -12.27018389  5.597269263
137.807297  764.137878  -12.27018389  5.597269263
1079.383911  1044.973755  -10.63253993  6.116175228
610.838379  901.572327  -11.444637  5.849762688
529.92334  616.826904  -11.56832334  5.353664662
687.623291  1198.282959  -11.32817657  6.376166421
52.566029  1374.976563  -12.48331303  6.68603005
255.330276  801.069641  -12.06559965  5.66550448
661.942749  209.283997  -11.32199665  4.663689987
800.123047  1272.509766  -11.13360919  6.511879359
866.216003  893.897339  -10.998581  5.84353105
866.216003  893.897339  -10.998581  5.84353105
699.820496  518.486084  -11.26929236  5.190845072
810.087463  1443.546387  -11.12651028  6.825640695
1089.242676  1314.975098  -10.62432004  6.599220579
1089.242676  1314.975098  -10.62432004  6.599220579
799.362915  581.788086  -11.10017064  5.302176178
544.88208  677.629822  -11.54659363  5.459116524
544.88208  677.629822  -11.54659363  5.459116524
528.159241  656.667175  -11.57399326  5.422316419
220.32048  641.081421  -12.113287  5.385754373
115.858536  1384.120239  -12.37006655  6.704219461
1030.615845  689.097717  -10.70528195  5.493116238
73.722069  742.981873  -12.38071941  5.558085456
884.387939  745.327148  -10.96068751  5.586476532
462.546265  745.617615  -11.69596162  5.574901045
637.187927  521.26532  -11.3775189  5.193503798
263.37204  25.448042  -11.99625958  4.338571512
28.064857  1037.213745  -12.49219191  6.076000571
188.478195  75.592766  -12.12741481  4.420973636
581.817627  648.083618  -11.48004053  5.409153466
581.817627  648.083618  -11.48004053  5.409153466
520.88739  478.445465  -11.57625623  5.116216105
243.101105  749.397461  -12.0835774  5.575447862
260.488159  568.284485  -12.03730603  5.261744448
260.488159  568.284485  -12.03730603  5.261744448
780.194946  216.370926  -11.11842339  4.680170689
689.875122  487.290436  -11.28520015  5.137323059
701.240723  554.066101  -11.26826137  5.251598444
987.314514  1419.503296  -10.80931155  6.785457267
85.643082  743.788513  -12.36017668  5.560063904
212.613724  121.880676  -12.08828434  4.49981596
115.726036  193.119217  -12.26013103  4.6163655
36.515385  707.800476  -12.44104259  5.494860285
476.860504  582.507935  -11.65815313  5.292788838
228.13446  699.489624  -12.10492012  5.487504021
811.474182  1486.196411  -11.12651728  6.903785631
239.382492  205.726944  -12.04747389  4.642276533
684.008667  286.27594  -11.28690612  4.795452659
560.926697  1160.419556  -11.55006058  6.305871669
60.550919  1219.576294  -12.45361142  6.404958983
716.890808  1135.141602  -11.27236632  6.263411553
708.657043  347.273163  -11.24707666  4.899562901
251.955093  359.941559  -12.03611804  4.904672214
705.707886  1293.279907  -11.30252891  6.547779815
627.000122  258.436646  -11.38368782  4.745784317
777.894165  696.805725  -11.14180608  5.49833639
716.373779  1412.730713  -11.29144006  6.765468817
831.054626  303.860443  -11.03465752  4.829856493
146.156174  75.729195  -12.19954284  4.419513074
696.56488  1376.774902  -11.32436362  6.699298319
457.014557  759.316223  -11.70599148  5.598168577
639.217346  499.987366  -11.37292197  5.157287638
32.109703  994.235474  -12.47941608  5.999264672
104.933807  130.849106  -12.27410284  4.510924345
695.806885  490.279602  -11.27507128  5.142604643
57.913498  1240.842651  -12.45982834  6.442628044
1038.479248  836.564941  -10.69679406  5.749667805
358.637482  445.085663  -11.85483448  5.053733018
728.132019  247.871002  -11.20937717  4.731542208
91.717415  734.137756  -12.34819884  5.543266206
572.795227  1067.632568  -11.52230896  6.14057805
286.40033  37.955257  -11.9577341  4.360869339
222.042831  563.941223  -12.10415613  5.252948885
555.235901  1298.061279  -11.57066031  6.553498313
74.608009  187.061508  -12.33028808  4.604668164
74.608009  187.061508  -12.33028808  4.604668164
150.043243  527.988342  -12.22869245  5.188555939
1045.363159  322.783142  -10.66802845  4.868432443
106.514313  583.912842  -12.30902837  5.283345287
35.963661  1023.101501  -12.47643612  6.051051978
166.019928  484.895416  -12.19719088  5.11511301
457.970856  734.541321  -11.70310252  5.555350777
655.246094  219.776764  -11.33374249  4.681429154
1055.934204  657.703308  -10.66049555  5.440233849
672.345093  1110.648438  -11.35016727  6.22008953
247.236099  738.810425  -12.07441053  5.556316718
247.236099  738.810425  -12.07441053  5.556316718
730.666504  584.97998  -11.21872404  5.305074147
237.31665  747.261108  -12.09381127  5.571607865
237.31665  747.261108  -12.09381127  5.571607865
73.415749  93.178459  -12.32568015  4.446357118
135.76239  342.727814  -12.23631635  4.870445559
459.089325  1320.043335  -11.74524396  6.593340307
235.981201  245.043732  -12.05571178  4.708886901
33.570599  319.393127  -12.41158799  4.827305835
569.75116  730.974976  -11.50629117  5.552082624
755.728882  602.175964  -11.17598962  5.3352475
567.911377  753.829834  -11.51109911  5.591627229
89.380287  590.767822  -12.33882697  5.294233852
571.065247  1297.986572  -11.54226069  6.553471133
86.407791  1133.922241  -12.39735318  6.250527924
862.331665  1293.059692  -11.02504365  6.551977441
87.608414  293.167114  -12.31603428  4.784802397
815.993042  707.626953  -11.07662495  5.518827769
681.176819  196.291336  -11.28829211  4.642376702
627.103455  1299.657837  -11.44269803  6.557919561
625.537415  1156.041382  -11.43522913  6.298982537
800.943359  830.112854  -11.10866552  5.729690859
497.738739  549.184204  -11.62003664  5.236627548
306.595673  25.635248  -11.92222358  4.34083588
306.595673  25.635248  -11.92222358  4.34083588
168.84697  1226.302368  -12.25841105  6.418349689
233.382492  1329.197144  -12.15313247  6.607193723
41.916313  301.548767  -12.39545021  4.797396117
41.916313  301.548767  -12.39545021  4.797396117
473.319336  1381.230591  -11.72511123  6.705329909
220.166702  834.037842  -12.12950879  5.721201704
709.453796  503.83252  -11.25229459  5.166203377
104.148048  356.374451  -12.2921496  4.892586435
305.530121  899.87854  -11.98495773  5.840037675
78.263107  776.843567  -12.37691646  5.617790106
782.914795  703.131592  -11.13362119  5.509540574
837.098083  751.175415  -11.04166142  5.592574399
263.591797  693.605591  -12.04138097  5.478367159
84.333931  233.810791  -12.31720926  4.684000118
697.954041  1214.843384  -11.3112828  6.406555719
800.156433  1005.993591  -11.11897138  6.037159093
424.171478  28.639961  -11.72102628  4.350185277
876.788879  729.766724  -10.97268135  5.558988732
130.911758  516.641968  -12.26146401  5.168269664
618.123108  347.162201  -11.40310556  4.896315367
688.430054  1066.404297  -11.3183827  6.14094331
695.257507  481.70694  -11.27579327  5.128031338
1062.673218  1057.859131  -10.66223153  6.137562153
1062.673218  1057.859131  -10.66223153  6.137562153
116.575897  722.248779  -12.30353544  5.5234863
258.565613  585.948486  -12.04177597  5.291956238
258.565613  585.948486  -12.04177597  5.291956238
1045.117188  1327.973145  -10.70292998  6.620103621
10.597744  272.420624  -12.4479965  4.746622173
40.791714  317.351715  -12.39846817  4.824182979
640.158569  1468.901611  -11.43206317  6.868046319
638.053833  649.672546  -11.38237884  5.413484071
764.513916  659.736023  -11.16314879  5.433784726
764.513916  659.736023  -11.16314879  5.433784726
204.259125  123.828087  -12.10281915  4.502808884
1093.825562  1416.134644  -10.6196471  6.785124105
770.018738  523.767273  -11.14867798  5.202175708
75.988686  1331.981934  -12.43636266  6.608089698
215.856873  85.326874  -12.08076444  4.438258345
215.856873  85.326874  -12.08076444  4.438258345
485.110168  344.761536  -11.63190748  4.88735598
1883.265259  1069.788452  -9.198742222  6.197866314
1603.669434  265.675232  -9.70424542  4.781883865
1268.613159  451.638367  -10.28757357  5.092869033
2224.94043  620.55957  -8.57392063  5.411123765
1883.963013  711.78949  -9.203194162  5.56088292
2165.264648  284.093475  -8.703356888  4.818949933
1130.936401  216.02153  -10.51882546  4.689162563
1796.536255  625.226379  -9.364677989  5.404851309
1275.922241  288.404907  -10.27179878  4.815469951
1275.922241  288.404907  -10.27179878  4.815469951
1953.215088  345.632385  -9.082848782  4.921477301
2198.361328  344.325836  -8.641951714  4.923899593
1705.542114  1030.135742  -9.52293886  6.116931155
1705.542114  1030.135742  -9.52293886  6.116931155
1719.109497  629.404785  -9.502740132  5.409891163
559.80719  308.841553  -11.50177223  4.829119214
1488.113159  531.73175  -9.908232675  5.235898397
1564.449585  1074.910522  -9.776031454  6.189933658
1988.713989  121.064507  -9.020497621  4.536282873
1903.088379  491.303833  -9.173453562  5.174923376
1336.497925  1036.305908  -10.18087001  6.109875129
206.476898  124.951309  -12.0988932  4.504824008
1337.671387  321.172089  -10.1663222  4.871958729
792.536621  253.760483  -11.09871166  4.743787772
1400.215942  292.312775  -10.05756067  4.824587533
726.762146  184.278427  -11.20891217  4.623734776
1494.10791  1261.062256  -9.901891761  6.52144629
178.771225  454.088257  -12.1730802  5.061096538
1813.088623  68.42511  -9.331440437  4.445532975
1925.988647  555.960999  -9.133886095  5.287411181
1639.276611  566.16156  -9.643812233  5.298825046
1046.918823  557.120178  -10.67079941  5.259002689
58.503059  533.805054  -12.3887223  5.195103759
1284.571167  382.78952  -10.25906795  4.975810615
1284.571167  382.78952  -10.25906795  4.975810615
2123.235596  1048.747925  -8.757818155  6.171732789
1426.719604  1091.251465  -10.02179115  6.211939468
1465.81543  285.425873  -9.943799197  4.813718347
1305.470337  223.496414  -10.21893849  4.705397348
1305.470337  223.496414  -10.21893849  4.705397348
1668.202393  658.71228  -9.593230914  5.459549213
1828.773682  1053.668823  -9.301249843  6.163479817
1371.802246  580.590454  -10.11157394  5.316872123
1950.173828  615.714783  -9.085421747  5.394270947
570.230286  124.156837  -11.47501259  4.516595341
1879.855469  773.910583  -9.209791073  5.670843721
797.830688  397.756561  -11.0956367  4.98842549
1681.868286  1265.48999  -9.561659339  6.541868325
1681.868286  1265.48999  -9.561659339  6.541868325
1721.215698  1399.993042  -9.486212354  6.79531293
1361.679321  399.496033  -10.12606174  5.006047115
688.253906  664.681152  -11.29660199  5.440314367
1654.448608  855.979309  -9.616844596  5.803855766
1959.759888  560.68042  -9.072085926  5.296339221
1853.475586  155.185669  -9.261526377  4.594504614
840.108276  36.020725  -11.00994285  4.376319358
1364.761841  388.726349  -10.12068482  4.98783445
725.647522  587.6427  -11.23056688  5.310708723
1845.465454  376.035187  -9.276250179  4.973972188
1349.723022  1476.659058  -10.16194626  6.913369684
1079.468384  629.301819  -10.61807512  5.404479083
1834.46936  1003.874512  -9.291401975  6.074682314
1879.829102  1107.491455  -9.204699142  6.26541211
667.410522  131.59877  -11.30919082  4.53246526
1840.932251  632.119202  -9.283794078  5.418592268
1160.533813  509.591614  -10.47524305  5.189288428
1269.527222  554.652344  -10.28873556  5.269469777
1269.527222  554.652344  -10.28873556  5.269469777
1314.319336  509.132141  -10.21005161  5.192662534
147.210754  359.878998  -12.2179476  4.900437842
176.988647  416.947571  -12.17107923  4.998907251
2209.944092  207.894958  -8.622774972  4.687301257
236.707031  302.752899  -12.05822875  4.806411612
1282.418701  366.461853  -10.26238691  4.948059636
1324.233032  434.820313  -10.19172786  5.065675797
1366.850708  1429.230469  -10.13062468  6.826097153
1337.046143  674.128296  -10.181305  5.466711078
1812.745117  93.934959  -9.332986416  4.489003433
1208.360352  461.120972  -10.39138917  5.107611464
1274.202637  586.765686  -10.28121466  5.324837279
1073.179199  19.669062  -10.61181921  4.355390496
1771.148682  740.385193  -9.408208404  5.606109579
821.150696  695.90448  -11.06747008  5.498263522
1157.354858  40.884388  -10.46817614  4.392519794
1844.82373  595.023132  -9.278303152  5.354059417
2022.173828  285.961517  -8.962097406  4.820897204
2036.382446  955.903809  -8.922366941  5.999075434
1764.739868  987.884277  -9.417061284  6.043534984
1769.645386  1005.957581  -9.408665397  6.075847493
1651.677734  1267.74585  -9.616375603  6.545572973
824.622192  606.369141  -11.05718722  5.344800605
741.551331  471.438202  -11.19620234  5.112152544
741.551331  471.438202  -11.19620234  5.112152544
1648.042969  214.763046  -9.625413481  4.695429672
1414.887939  648.803589  -10.03811193  5.435663708
1414.887939  648.803589  -10.03811193  5.435663708
1144.844604  480.978607  -10.50133469  5.140239807
1098.448975  34.147648  -10.56940978  4.378808555
1515.053955  567.403381  -9.862312293  5.297344264
1654.876221  501.566711  -9.616809597  5.187047736
1854.247681  1082.097046  -9.251506512  6.218408134
570.794983  460.888092  -11.48997439  5.088521635
1842.55188  570.078857  -9.283361084  5.309575881
1688.16687  297.040741  -9.556727405  4.836504788
455.315216  616.156799  -11.69852459  5.350186136
455.315216  616.156799  -11.69925058  5.350172184
1218.210205  258.708221  -10.37080445  4.763642351
778.189087  687.100098  -11.14258507  5.483346171
2211.256348  645.553223  -8.60660419  5.453508391
1749.047974  384.803101  -9.448400863  4.988001439
1677.659302  521.525208  -9.576620137  5.221838307
1677.659302  521.525208  -9.577033132  5.221773342
1726.467773  900.35437  -9.486909345  5.886427905
1293.881958  769.562378  -10.25048207  5.641798237
643.2901  40.149525  -11.34620833  4.377351614
1174.041382  537.477478  -10.45288535  5.237352203
2195.623047  342.713257  -8.646653651  4.921041318
1618.691528  509.374725  -9.680043746  5.199669226
1915.993408  83.978149  -9.147828907  4.472064103
1235.219116  35.962547  -10.33436794  4.385430472
1593.96106  622.504639  -9.724810143  5.394383527
1539.106812  533.350403  -9.819706866  5.239094921
1539.106812  533.350403  -9.819706866  5.239094921
486.403564  678.266602  -11.64855226  5.458197276
1857.094849  575.285828  -9.257032438  5.319229297
2199.945068  506.845245  -8.637350776  5.208199095
1809.531494  191.333374  -9.339743325  4.656252322
476.067139  603.864807  -11.65988911  5.329266656
1221.933105  21.711584  -10.35670364  4.360934981
1816.127197  506.924774  -9.329746459  5.199771502
47.590633  470.307312  -12.40154513  5.085463919
1736.970337  716.585999  -9.469791575  5.562873956
266.053192  599.261353  -12.03086511  5.315437325
1651.535645  295.768799  -9.621498534  4.833923515
1861.140381  612.631104  -9.248190557  5.384828967
1126.787231  341.363037  -10.52880332  4.901791847
1126.787231  341.363037  -10.52880332  4.901791847
1147.870483  99.139069  -10.4861019  4.492173588
1234.478271  176.985779  -10.33961387  4.625244963
753.119019  306.246979  -11.16916071  4.831556697
1984.759033  247.987259  -9.029694497  4.755046922
1396.108276  321.072449  -10.06515356  4.873263181
800.32312  637.555115  -11.10126962  5.397929096
800.32312  637.555115  -11.10126962  5.397929096
1201.794922  584.302551  -10.40722196  5.318615268
1201.794922  584.302551  -10.40722196  5.318615268
1249.811279  393.867767  -10.31904015  4.994037922
1811.286865  574.868713  -9.339118333  5.317624311
1219.337036  199.698456  -10.36654751  4.663545355
1088.981323  290.945465  -10.59196348  4.814747127
1088.981323  290.945465  -10.59202147  4.815151335
1157.767578  553.507324  -10.48161496  5.264382468
1570.014648  1468.588745  -9.763856618  6.908791383
1570.014648  1468.588745  -9.763856618  6.908791383
1367.409912  723.348816  -10.1218608  5.56253857
273.531738  338.729034  -11.99731756  4.869137828
1599.978394  534.410461  -9.713402297  5.242591606
1134.314209  343.738953  -10.51646749  4.906016327
1298.476807  312.480133  -10.2334713  4.856704616
755.595337  457.229309  -11.17111268  5.088379319
1363.478516  278.852509  -10.12048882  4.800672928
1805.910767  1355.600952  -9.332349424  6.717652509
164.132156  457.949951  -12.19826586  5.068714276
1385.228271  1160.447144  -10.09632714  6.333262897
1808.307007  1020.597534  -9.33938533  6.103562185
1296.212402  602.292542  -10.24324917  5.352244179
1130.271606  370.170959  -10.52370339  4.950832118
2210.365479  743.934692  -8.603005238  5.628926023
514.093262  672.653809  -11.60373486  5.451819123
775.34668  37.208248  -11.12054236  4.376209386
681.004028  203.110672  -11.2887241  4.653812251
681.004028  203.110672  -11.2887241  4.653812251
1246.870483  1026.105713  -10.33880188  6.087084418
1246.870483  1026.105713  -10.33880188  6.087084418
1920.353027  152.053223  -9.143765962  4.589603518
1080.184814  101.251549  -10.60177434  4.493697667
171.477631  233.996552  -12.16651229  4.68776251
171.477631  233.996552  -12.16651229  4.68776251
1149.287109  61.562405  -10.48263095  4.427543696
1593.748535  1383.14978  -9.721062194  6.752191107
1817.916382  363.083862  -9.325449517  4.951219456
1095.677612  56.168602  -10.57378372  4.417773915
1657.318481  457.212036  -9.612004661  5.110834132
1130.771851  33.832752  -10.51367853  4.380407975
1608.958374  664.182007  -9.697066517  5.467922752
1322.920654  282.088745  -10.19055988  4.80553668
223.256271  546.044067  -12.09949319  5.222457235
801.20343  497.953735  -11.09407272  5.159465076
1777.078247  1368.8573  -9.38465672  6.741081845
1777.078247  1368.8573  -9.38465672  6.741081845
711.467224  667.8172  -11.25694053  5.447664625
1933.590576  571.924194  -9.120279278  5.31585042
1670.459839  266.751617  -9.587239995  4.784853961
1892.143311  210.839767  -9.193521292  4.688048749
1250.619995  14.115664  -10.30694631  4.34851496
2164.390137  281.142456  -8.703745883  4.813837676
1355.345337  767.770508  -10.14351151  5.639740787
1623.725342  42.149624  -9.662703979  4.399808222
963.822021  433.989075  -10.81220751  5.05608621
1824.54187  749.926086  -9.312245695  5.624489187
188.317139  626.396057  -12.16759227  5.358975039
1628.721069  609.290955  -9.663867963  5.37227158
1640.289795  1122.158691  -9.638924299  6.279757738
1188.071655  319.275543  -10.42380174  4.865779997
1708.006348  298.222076  -9.522108871  4.839808125
1604.799683  252.062012  -9.702312446  4.758351949
1117.171021  43.988819  -10.53696622  4.397659968
1117.171021  43.988819  -10.53680022  4.397376789
1964.751221  535.660156  -9.063152047  5.253141446
1977.302124  1090.290039  -9.026424541  6.239523519
1915.166016  736.353577  -9.148432899  5.603467264
2209.3479  22.40609  -8.622302979  4.366628599
2209.3479  22.40609  -8.622302979  4.366628599
1249.716064  1388.956543  -10.34060486  6.743921943
1249.716064  1388.956543  -10.34060486  6.743921943
1037.88147  561.518127  -10.68841718  5.274975927
1008.473145  589.488037  -10.74003448  5.322132391
2211.310059  503.100677  -8.617214047  5.200895446
1212.361938  103.866447  -10.37552439  4.500465435
1212.361938  103.866447  -10.37552439  4.500465435
1624.505981  561.091248  -9.671135866  5.288618852
1680.606567  888.625488  -9.569312236  5.863545616
1603.870117  771.063904  -9.707722373  5.652800992
1897.07019  1445.193115  -9.163311699  6.887645427
1916.196167  495.312531  -9.151058864  5.181966735
1935.63269  222.820709  -9.116685326  4.711252753
1159.571899  320.971832  -10.47243108  4.867982595
1814.966553  673.86792  -9.331054442  5.490839769
1814.966553  673.86792  -9.331054442  5.490839769
1736.846802  571.840149  -9.472337541  5.310068379
2222.806152  294.014526  -8.59990828  4.836511738
1071.719238  521.394165  -10.62893998  5.207073262
1648.721558  766.216553  -9.628071445  5.645785582
1746.172119  747.105835  -9.452996801  5.61679377
2036.191528  62.082733  -8.935477765  4.435067676
1382.830444  71.965218  -10.08102735  4.448454722
1382.830444  71.965218  -10.08102735  4.448454722
2184.83374  1215.084473  -8.638809757  6.477654578
1386.141724  662.954163  -10.08833625  5.45886136
1675.589966  752.286804  -9.580063091  5.622653769
2230.45459  637.109314  -8.572374651  5.437832403
110.58786  609.841736  -12.30269746  5.327532772
1619.095459  494.080078  -9.678859762  5.173220353
1550.893799  1473.177002  -9.79864815  6.915804636
1225.126587  1380.507935  -10.38437527  6.72697438
2229.390625  315.32309  -8.587027453  4.874174288
1203.367554  382.836945  -10.39887307  4.97410153
78.850395  176.213043  -12.32307018  4.586760311
78.850395  176.213043  -12.32307018  4.586760311
1822.302124  289.147308  -9.316584636  4.824256248
1785.587402  299.970825  -9.382076755  4.842502728
1904.484253  499.902069  -9.173588561  5.188635858
1309.169312  335.198212  -10.21571954  4.895528205
1378.523926  387.034393  -10.09681714  4.985218347
1029.228882  273.441559  -10.6941511  4.784114588
1029.228882  273.441559  -10.6941511  4.784114588
1314.597656  352.038452  -10.20642966  4.924181081
894.503174  733.324585  -10.94175777  5.564244146
1357.141724  492.930847  -10.13559862  5.16586531
1635.322754  254.574478  -9.649016163  4.763245087
709.424377  212.423126  -11.24115174  4.670589253
1085.87561  436.31311  -10.60196134  5.062303903
1428.297363  328.654144  -10.00986531  4.886831517
2185.197754  585.849304  -8.658685489  5.347227399
1384.60022  984.763733  -10.09534516  6.020658983
1384.60022  984.763733  -10.09534516  6.020658983
1910.899292  227.065155  -9.161472724  4.71853023
1164.466309  282.038361  -10.46281221  4.802001889
1876.470215  360.845703  -9.221902911  4.948240263
1409.493042  309.758606  -10.04171688  4.854118877
2196.70752  714.422363  -8.632668839  5.575259807
2197.300293  43.435516  -8.644183684  4.402759915
1735.764526  305.387665  -9.471580551  4.851165559
1041.99585  670.294006  -10.68483523  5.46143662
1594.527588  728.680115  -9.724417149  5.578451275
1594.527588  728.680115  -9.724417149  5.578451275
488.943115  696.811523  -11.6452463  5.490495401
1381.924194  1459.298584  -10.10394504  6.882316767
1211.560059  1435.648682  -10.41003492  6.826651011
84.435371  80.994629  -12.30555842  4.426396061
1413.807617  257.294708  -10.033046  4.764694058
2191.274658  715.833862  -8.641362722  5.57755894
1352.81604  1452.085938  -10.15619234  6.867718732
56.505596  337.529236  -12.37303351  4.859034204
215.661591  699.265991  -12.12713682  5.487159623
1754.958252  733.15332  -9.437286012  5.593052172
363.972778  144.608612  -11.82972482  4.543817533
1839.921387  1282.536621  -9.272078235  6.584305221
209.962219  234.561234  -12.10063717  4.69004198
1536.860474  1279.967285  -9.8246378  6.559221085
1218.522705  717.417908  -10.38057132  5.548207781
1580.724121  1480.875244  -9.744203882  6.932280778
1580.724121  1480.875244  -9.744203882  6.932280778
1112.298096  198.093719  -10.54954405  4.658137164
506.764008  261.162262  -11.59093703  4.746267509
1838.640869  1087.228516  -9.280990115  6.225905114
225.127243  259.832733  -12.07503152  4.733816594
1386.97644  593.347839  -10.08557729  5.338960757
58.846485  274.311432  -12.36392063  4.752043301
1305.204224  709.767883  -10.22985735  5.537515357
450.065094  601.437805  -11.70543949  5.324227159
1169.755981  200.633713  -10.45121637  4.663901676
1862.97522  1308.522583  -9.229814804  6.632204324
1963.391235  220.974701  -9.067085994  4.708144274
86.364281  107.671402  -12.30468443  4.471159672
1645.950562  31.555792  -9.623645505  4.381808785
527.644348  378.550812  -11.55994845  4.946770914
1836.843262  489.019348  -9.293131952  5.168835782
1064.199219  512.856079  -10.64168881  5.192441612
2016.314819  1267.73645  -8.946373618  6.568156514
1454.681885  489.483459  -9.96659289  5.161661418
1723.848389  455.440582  -9.49539223  5.108439267
1234.031128  204.095459  -10.34136085  4.671265593
1901.549805  734.233643  -9.171350591  5.600445289
1201.556641  111.758186  -10.39437713  4.51363063
1714.626099  667.243103  -9.509944035  5.475802061
2122.262207  423.7323  -8.781171841  5.061019217
1815.304077  30.277472  -9.327285492  4.380296346
1103.87561  612.266724  -10.57623069  5.36351259
1103.87561  612.266724  -10.57623069  5.36351259
1326.769653  453.809845  -10.18747392  5.098085747
1137.008545  495.914642  -10.5156245  5.16540567
1844.440674  505.245056  -9.279630134  5.197512443
2183.471924  567.374695  -8.664156416  5.313744824
2183.471924  567.374695  -8.664156416  5.313744824
386.905579  465.101563  -11.80687513  5.088757619
386.905579  465.101563  -11.80687513  5.088757619
1318.120361  416.040985  -10.20186172  5.033368034
1915.041626  1131.411377  -9.138410034  6.311611188
1231.154419  259.240875  -10.34762476  4.764801601
1322.567139  491.095764  -10.19544281  5.161826549
1725.279419  470.702637  -9.492308272  5.135026626
1381.273804  321.121765  -10.09090722  4.872906247
1381.273804  321.121765  -10.09090722  4.872906247
1056.141357  60.310303  -10.64167481  4.423876314
1883.511963  516.999512  -9.209698075  5.218775283
1584.818237  1461.788574  -9.736808982  6.89746039
1155.354248  196.273087  -10.47580704  4.656254237
1306.205322  568.604309  -10.22503241  5.294478721
1429.305054  696.657227  -10.01315426  5.518693635
1223.895874  103.747826  -10.35561366  4.500523323
1144.809326  332.289246  -10.49788074  4.886832623
1147.394287  720.14209  -10.50417566  5.551099139
1085.80896  462.703796  -10.60268633  5.107022832
1106.754395  446.134338  -10.56656182  5.079873344
1141.440063  256.459106  -10.50176769  4.758013895
1769.207275  357.333771  -9.411987353  4.940953732
246.771729  675.847046  -12.0693276  5.446848555
1935.795532  468.73111  -9.117651313  5.1355487
1266.927124  93.77282  -10.28142665  4.484004326
2229.838867  74.883553  -8.586355462  4.457463495
1424.264893  643.263794  -10.02116716  5.425297849
1093.830933  198.404358  -10.58131662  4.65844888
1812.359497  1294.041504  -9.322181561  6.604152682
809.67749  319.622253  -11.07198702  4.85595336
393.414185  182.589523  -11.77822751  4.608536055
1350.810791  840.079224  -10.15236239  5.7659921
1350.810791  840.079224  -10.15236239  5.7659921
1889.478271  256.101227  -9.198353227  4.768121808
490.743835  209.160294  -11.61686368  4.6572178
1683.225952  475.097046  -9.565116292  5.142305337
1848.571899  225.120941  -9.271196247  4.714526911
1690.293701  420.587097  -9.552928456  5.048632762
1787.505493  1331.575195  -9.366635963  6.67108084
1166.06665  243.81601  -10.45892727  4.73718563
1825.833618  746.274475  -9.308488745  5.618742997
1239.273926  271.472961  -10.33431894  4.785734919
1239.273926  271.472961  -10.33431894  4.785734919
1737.292358  647.334778  -9.470388567  5.441714167
2073.266357  476.997589  -8.869158657  5.152729604
618.181213  118.048302  -11.3924167  4.507704957
618.181213  118.048302  -11.3924167  4.507704957
387.944458  405.657501  -11.80274818  4.987416445
182.090424  467.331909  -12.16760427  5.085479036
1132.7052  409.183929  -10.52073543  5.017232879
844.539368  51.871517  -11.00301994  4.403413862
1777.087158  1004.270691  -9.396336563  6.071722906
1577.854004  1357.575806  -9.749523811  6.705866369
1577.854004  1357.575806  -9.749523811  6.705866369
1306.923218  267.946136  -10.21769851  4.781070165
1325.526245  1309.550537  -10.2039807  6.60116375
1290.934082  1275.922485  -10.26506487  6.538974079
1290.934082  1275.922485  -10.26506487  6.538974079
223.198532  79.575645  -12.06772862  4.428552303
2189.05957  1122.408936  -8.635758798  6.307284737
1552.073486  539.775024  -9.79711717  5.250699753
1552.073486  539.775024  -9.79711717  5.250699753
2225.313721  415.978851  -8.593063372  5.049098837
1022.9646  265.661407  -10.70464596  4.770787985
1219.051758  256.14328  -10.36851448  4.759286061
1155.930054  384.662262  -10.48022398  4.976093995
1153.908936  235.267166  -10.47939899  4.722397283
1829.411743  327.685333  -9.304335801  4.89069844
1473.266968  526.820679  -9.934189326  5.226917047
239.787033  167.110565  -12.04375494  4.576443907
1398.512085  719.156799  -10.06719254  5.556256737
1926.438477  1133.987549  -9.117372317  6.317033199
1687.343262  471.044434  -9.558368383  5.135095229
1484.631348  454.254974  -9.913414606  5.101913454
1196.391357  111.781738  -10.40289202  4.513455105
2157.674805  855.819702  -8.697848962  5.827049984
1209.406128  549.523438  -10.39237016  5.258876722
1196.087769  266.87207  -10.40841594  4.77702257
1798.543213  592.895691  -9.361247035  5.349129739
1398.79187  206.212631  -10.05756167  4.677524265
1213.290405  308.719696  -10.37973333  4.848414707
1213.290405  308.719696  -10.37973333  4.848414707
1169.487183  311.720001  -10.45497132  4.852518851
2061.869385  517.875244  -8.888542396  5.224109766
2163.267334  554.506714  -8.701262916  5.29082129
1676.94751  1098.662842  -9.572892188  6.239513032
688.450134  349.41391  -11.28297418  4.902561563
180.94371  430.661865  -12.1658923  5.02255575
473.968689  197.369186  -11.64502431  4.63619526
1187.900757  364.592987  -10.42476872  4.942738535
1187.900757  364.592987  -10.42476872  4.942738535
1949.716431  667.620728  -9.08744672  5.483852172
1702.247192  551.496033  -9.534180709  5.273976151
2159.333984  84.578293  -8.712552764  4.473287038
1294.092651  528.893555  -10.24525914  5.225892028
1399.269653  766.875854  -10.06689854  5.639154946
1797.584717  568.425415  -9.363303008  5.306043304
1797.584717  568.425415  -9.363303008  5.306043304
1722.219727  652.72644  -9.496797212  5.450697725
1027.842285  528.809998  -10.70477196  5.218626336
1205.971802  90.214462  -10.38598825  4.477107421
1205.971802  90.214462  -10.38598825  4.477107421
1190.721436  539.107361  -10.42424673  5.240494065
1190.721436  539.107361  -10.42424673  5.240494065
1070.816895  78.071182  -10.61688214  4.454304902
813.165039  525.915894  -11.07413699  5.207267597
1617.854492  768.248962  -9.683050705  5.648128552
1955.934814  876.446838  -9.069960955  5.854581466
1218.924194  289.69577  -10.36964847  4.816228016
1155.900391  305.743103  -10.47823101  4.842056006
1565.205566  1442.083862  -9.772663499  6.859326994
789.75824  440.312378  -11.11152448  5.060496941
1102.451904  369.990631  -10.57142275  4.949818689
1146.274048  106.394073  -10.48876586  4.50361396
1628.061646  697.372864  -9.664490955  5.525343822
1628.061646  697.372864  -9.664490955  5.525343822
574.932129  348.954987  -11.47805155  4.897861435
1196.952271  230.776764  -10.40555998  4.715700423
1343.014771  1389.554688  -10.17331311  6.750669355
1187.717407  39.494499  -10.41546785  4.390400942
1462.664429  39.674561  -9.943151205  4.394683638
591.23175  543.286743  -11.45777582  5.229573962
1246.156738  131.835358  -10.31839516  4.548751574
1246.156738  131.835358  -10.31839516  4.548751574
1324.726074  143.467026  -10.18383297  4.569836185
1926.073242  767.851746  -9.126735191  5.660369395
1926.073242  767.851746  -9.126735191  5.660369395
1208.68811  445.429321  -10.39054119  5.080968829
2206.150879  337.854218  -8.629975875  4.912774889
1144.003052  521.161316  -10.50439565  5.208686033
1884.132568  1335.626587  -9.18998434  6.683931507
899.574097  533.915405  -10.92668497  5.223458893
953.892273  407.694611  -10.8277923  5.009989108
1258.47583  340.421051  -10.30297136  4.903543069
1324.975464  476.807648  -10.19085687  5.137424387
1317.304321  1240.310303  -10.21808651  6.473622776
131.18364  180.324341  -12.23341939  4.595155168
1159.882446  655.067566  -10.48091297  5.438955323
1595.975464  735.785767  -9.721888183  5.59105595
1685.947388  720.722595  -9.561067347  5.56849555
1685.947388  720.722595  -9.561067347  5.56849555
542.104126  405.715729  -11.53653976  4.993291117
1223.810181  268.409882  -10.36062659  4.780176462
268.083801  550.113159  -12.02322522  5.230747831
1078.22876  44.752838  -10.60333832  4.398007293
580.97644  625.330139  -11.47972353  5.369433025
114.698418  76.006836  -12.25317312  4.419057686
2219.74292  324.163361  -8.603838227  4.8891034
113.424072  257.754059  -12.26887191  4.725764519
1227.785767  739.968506  -10.36509853  5.587426225
1234.560913  907.921143  -10.35728063  5.879869502
257.458923  642.113953  -12.04786788  5.388870964
508.425385  279.112305  -11.58874806  4.776800823
1186.543701  230.864227  -10.42347874  4.715717569
661.986633  218.607056  -11.32169166  4.679640264
2205.562256  309.905701  -8.630593867  4.864185307
2232.266357  755.738098  -8.564627755  5.649840265
1217.487671  646.515198  -10.38118231  5.425670767
1084.368164  239.4021  -10.59882238  4.727697047
1976.224487  665.320862  -9.039732362  5.480504035
1253.68811  276.345886  -10.30955128  4.794446152
1178.835693  153.484695  -10.4343996  4.58408428
1800.435059  689.147217  -9.355871108  5.51715211
1877.248169  609.774048  -9.219209947  5.380502719
2049.710205  1295.380859  -8.883542463  6.620816874
188.744598  502.33374  -12.15920039  5.145835496
1393.166016  216.789185  -10.06755053  4.695453867
1259.528931  304.667786  -10.3003064  4.84253905
1259.528931  304.667786  -10.3003064  4.84253905
1294.524658  332.964233  -10.2408692  4.891302133
1092.352295  636.444031  -10.5974364  5.404867163
1985.781982  556.894043  -9.024920561  5.290590715
2219.890137  13.808617  -8.603920226  4.351531047
2219.890137  13.808617  -8.603920226  4.351531047
1619.042969  738.985535  -9.680862735  5.597136798
1232.953247  192.009445  -10.34274183  4.650722062
1287.395264  1226.666382  -10.2706148  6.448777264
1187.074707  252.934509  -10.42337774  4.753207655
1657.731445  742.007141  -9.612364656  5.604513157
1751.870117  377.563263  -9.442590941  4.975478501
1689.320557  530.00354  -9.556767405  5.236296383
2198.890381  67.043861  -8.641424721  4.44352371
2160.771729  76.009865  -8.710727789  4.458991032
2160.771729  76.009865  -8.710727789  4.458991032
1225.462646  357.050446  -10.3599436  4.930781586
1809.714233  256.690674  -9.34384427  4.768874055
472.729675  86.164307  -11.64016237  4.449273717
1259.348877  1072.008179  -10.31764317  6.169272368
982.844238  487.100861  -10.78141093  5.147039314
1775.658813  721.926636  -9.400258511  5.573455704
1801.864624  1145.451538  -9.347050227  6.328583372
898.40979  481.674011  -10.92566698  5.134247651
2147.923096  696.130188  -8.722946624  5.540929803
2147.923096  696.130188  -8.722946624  5.540929803
1239.236084  306.877686  -10.33518393  4.845842068
1421.668945  285.807526  -10.02052916  4.813506379
1469.469849  47.413548  -9.931167367  4.407583425
1184.828735  220.265305  -10.42585571  4.697717259
612.961975  550.413818  -11.42058133  5.242393742
2213.241699  94.632355  -8.616055063  4.491302642
1271.041748  908.596741  -10.29337349  5.882945503
623.224609  602.585449  -11.40521453  5.331785231
1800.540649  761.622314  -9.355419114  5.644189607
1717.066406  1117.030273  -9.500858157  6.273560538
1717.066406  1117.030273  -9.500858157  6.273560538
161.558777  319.725861  -12.18899199  4.832714809
855.035034  248.160965  -10.9915401  4.736437078
514.487427  201.77536  -11.57542324  4.645790761
1600.807861  1449.656372  -9.707460377  6.876182247
1196.465088  458.358429  -10.41214189  5.102779853
1146.584961  343.69812  -10.49502578  4.906243704
2075.657471  509.107849  -8.863415734  5.20894885
1542.862915  546.679016  -9.813200954  5.262237702
1296.709961  148.526459  -10.23224132  4.577985248
1614.071777  501.249084  -9.688404633  5.185798053
1931.252686  990.820557  -9.114877351  6.056403288
1931.252686  990.820557  -9.114877351  6.056403288
1705.267822  1018.306335  -9.523615851  6.095459917
1043.224121  245.224655  -10.66930843  4.736590375
1843.140503  328.673035  -9.275124194  4.89380327
597.904785  246.030182  -11.43351515  4.723824854
538.161072  408.497894  -11.54327667  4.997783564
538.161072  408.497894  -11.54327667  4.997783564
1329.544067  894.289734  -10.19036688  5.861319688
1084.836548  735.853088  -10.61295219  5.576389642
1171.346191  556.562683  -10.45823127  5.26993816
1171.346191  556.562683  -10.45823127  5.26993816
1261.647583  567.455444  -10.30283837  5.290946333
550.450195  523.595093  -11.52741589  5.194544487
2155.599365  691.557007  -8.708371821  5.53324172
1963.574951  240.172592  -9.067131993  4.741288653
90.927101  276.122864  -12.30941237  4.756382522
90.927101  276.122864  -12.30941237  4.756382522
1367.677002  465.137817  -10.11686187  5.118238704
1154.989746  158.705109  -10.47508805  4.592384233
1907.797729  387.246094  -9.166628654  4.994512267
1908.738525  1428.692383  -9.141235996  6.858936308
1908.738525  1428.692383  -9.141235996  6.858936308
1383.596436  276.682831  -10.08579329  4.797383242
1166.118652  211.454559  -10.45797928  4.682395533
1792.323975  273.537598  -9.371373899  4.797073808
1712.518555  164.858337  -9.511087019  4.610436696
1335.262207  100.606522  -10.16403723  4.497935175
227.175415  302.486969  -12.07476352  4.805920202
35.541481  251.381699  -12.40245911  4.712124812
1721.768311  746.740601  -9.497901197  5.614597044
1997.349365  128.560913  -9.007207799  4.549959052
1583.023804  480.578918  -9.742486906  5.149387042
1255.37439  484.558685  -10.31148525  5.148660007
1616.890625  1201.714111  -9.680416741  6.422291148
1142.043701  270.34848  -10.5008607  4.781624669
285.421844  281.710846  -11.9727089  4.772899063
113.703033  174.020294  -12.26146001  4.584175828
1308.559448  583.204224  -10.22151046  5.319539072
1308.559448  583.204224  -10.22151046  5.319539072
2059.215576  961.564453  -8.880428505  6.010270674
1165.320679  113.450996  -10.4565393  4.515843983
1830.647461  755.365295  -9.301235843  5.634276286
2208.220947  349.080536  -8.625434937  4.932295845
1298.779175  344.153961  -10.23379529  4.910459008
1128.595581  20.112005  -10.51663049  4.357059814
1205.138184  83.341843  -10.38725423  4.465461188
1205.138184  83.341843  -10.38725423  4.465461188
2120.073486  432.109314  -8.786032776  5.075356084
1835.649048  1140.777588  -9.284764065  6.323197124
241.897308  492.472321  -12.06425366  5.130609368
1105.882446  636.302429  -10.57325273  5.40548299
1655.276489  861.372803  -9.61507862  5.814299897
1399.391846  227.963638  -10.05710467  4.714483276
643.109802  187.003799  -11.35257924  4.624793878
643.109802  187.003799  -11.35257924  4.624793878
1290.279297  1248.944092  -10.26571886  6.490659857
1290.279297  1248.944092  -10.26571886  6.490659857
226.364731  459.144745  -12.08890733  5.072996415
1219.774536  526.284058  -10.37401141  5.219440503
1691.729248  1185.708252  -9.545161561  6.39741557
1673.404419  626.340393  -9.584687029  5.402978905
1727.885376  333.082703  -9.485416365  4.898750633
142.544022  534.060242  -12.24131328  5.198413056
1833.902466  209.710739  -9.2969939  4.688025854
1091.472046  728.853516  -10.60131335  5.564262622
1140.051514  416.125092  -10.5083986  5.029228175
1276.652954  365.367279  -10.27236278  4.946103642
1860.392334  1016.471924  -9.241067653  6.101119554
1242.521606  252.113358  -10.32798103  4.753015841
1148.105103  657.342041  -10.5008647  5.442161607
1148.105103  657.342041  -10.5008647  5.442161607
2102.979004  1461.273315  -8.778635875  6.932188286
1161.860352  186.240082  -10.46438319  4.639364335
1551.931641  772.233887  -9.799580137  5.652819804
847.352417  266.619385  -11.00555491  4.76729143
1229.444458  151.03183  -10.34742577  4.581028047
1677.188721  1082.833618  -9.572863188  6.210481262
1095.386353  376.413269  -10.58393858  4.960554836
77.784447  498.70047  -12.35251879  5.135396529
1208.395874  710.549744  -10.39804908  5.535955462
1267.442017  196.854538  -10.28365662  4.659511977
1673.343872  326.428375  -9.582560058  4.886669277
1950.400269  785.032715  -9.08293778  5.691469166
1877.010986  1120.984009  -9.208981084  6.289873858
1679.442383  416.905518  -9.571656204  5.042009678
69.173653  105.621063  -12.33350704  4.467158557
1525.236938  553.622986  -9.844055539  5.273832861
1741.172729  230.92691  -9.461340689  4.723722709
279.202087  262.313538  -11.98212477  4.739925331
1622.151123  1057.428345  -9.672557847  6.161461804
1808.747559  544.970825  -9.343456275  5.265727671
1974.131836  1311.086792  -9.023666578  6.644830458
1217.463013  182.037949  -10.36864948  4.633508186
1075.982666  458.456024  -10.61937811  5.099854401
1075.982666  458.456024  -10.61937811  5.099854401
2195.62207  565.530762  -8.64153772  5.310979778
1774.293457  164.544098  -9.401710491  4.609947432
1070.152588  699.234131  -10.63739986  5.512352014
1141.295166  77.517616  -10.49648976  4.454687033
2189.587646  387.24176  -8.659106483  4.99845586
1615.620605  582.955933  -9.687319648  5.326087749
1127.356689  147.680954  -10.52232541  4.573202439
98.889931  189.687668  -12.28775166  4.610593122
194.948181  191.960709  -12.12300787  4.617526215
1337.615845  294.683624  -10.16561921  4.827061314
1192.328735  92.524422  -10.40948293  4.480780433
1193.979492  267.664032  -10.4119109  4.778329666
1634.585205  477.134918  -9.651752126  5.144570676
155.43222  113.402565  -12.18617902  4.483396262
155.43222  113.402565  -12.18617902  4.483396262
1595.965698  1342.523682  -9.716929249  6.678712815
1221.483398  704.826111  -10.37540339  5.526501521
1632.935669  1047.236572  -9.65295911  6.144842072
1879.230469  259.22406  -9.216453984  4.773374466
1879.230469  259.22406  -9.216453984  4.773374466
475.991394  727.433105  -11.66979397  5.543141316
1186.220459  181.796921  -10.42254075  4.632264234
1186.220459  181.796921  -10.42254075  4.632264234
720.483154  584.973389  -11.23618281  5.304995323
1906.335449  747.738708  -9.163432697  5.623989571
494.645721  162.863876  -11.60684182  4.579286833
1687.562378  436.330078  -9.558066387  5.075500032
2015.363403  1278.300781  -8.94848159  6.587246866
1897.9729  251.552429  -9.183725424  4.760414357
1185.992065  305.272125  -10.4269807  4.841965492
777.375183  485.09021  -11.13466617  5.136530433
1148.11499  391.536102  -10.4936038  4.987602886
1566.800659  1054.973755  -9.771773511  6.154551586
1566.800659  1054.973755  -9.771773511  6.154551586
1788.901367  694.311096  -9.377300819  5.525644608
1900.169189  234.370102  -9.179174485  4.731209738
1921.837402  392.068298  -9.142220983  5.002847219
753.571472  65.091911  -11.15897485  4.422837933
1066.841309  305.419525  -10.63091995  4.839607103
218.686569  90.217987  -12.07561151  4.44634893
2105.304688  536.690552  -8.8065055  5.258361246
1305.346069  447.32428  -10.22436942  5.08648407
1305.346069  447.32428  -10.22436942  5.08648407
477.012329  229.412659  -11.64007237  4.691383812
1740.543945  334.673096  -9.463361661  4.901683968
1158.690796  258.760345  -10.47208509  4.762425999
1743.704102  1073.859497  -9.453548793  6.196966479
853.696533  601.203308  -11.00728189  5.337578266
1145.503662  405.418488  -10.49868573  5.011169022
1655.328979  540.192749  -9.616438602  5.253528799
1772.456787  729.221619  -9.406038433  5.586327235
1201.696899  142.551178  -10.39470313  4.565930303
1698.108521  1046.482056  -9.535659689  6.145892194
1170.810913  568.831116  -10.45959226  5.290698326
1809.801392  289.514191  -9.339128333  4.824846513
1873.472412  928.351929  -9.219976936  5.94312765
1170.389404  576.439331  -10.46054724  5.303856841
241.94252  650.697083  -12.07558251  5.402729621
241.94252  650.697083  -12.07558251  5.402729621
745.30835  487.176239  -11.19094942  5.140047563
699.561096  370.6745  -11.26396243  4.93911558
1635.463623  571.486389  -9.652154121  5.306818445
47.496155  59.976257  -12.36785758  4.389977847
47.496155  59.976257  -12.36785758  4.389977847
1703.373779  220.174042  -9.527624797  4.704935401
1204.65686  236.911346  -10.39262416  4.726404606
1204.65686  236.911346  -10.39262416  4.726404606
1402.605957  747.085022  -10.06076162  5.60502264
2163.028564  545.409424  -8.703049892  5.274536187
1654.002563  423.38147  -9.616894596  5.052675359
2241.131104  88.998016  -8.566659727  4.48189834
839.074463  281.492188  -11.01994972  4.792247134
1246.247559  748.654114  -10.33315896  5.603039542
1872.743164  493.481262  -9.228974815  5.17768074
215.573364  708.085144  -12.12953279  5.502577301
270.382202  25.399191  -11.98439974  4.339209656
1131.561401  128.146469  -10.51515051  4.540168788
1837.486572  495.689514  -9.292224964  5.180872524
470.19223  734.515015  -11.68316379  5.55633364
1180.80603  293.402222  -10.43502659  4.821676848
1167.660278  174.558289  -10.45407733  4.61961931
1494.011108  752.160706  -9.900745776  5.616714403
338.729187  139.864059  -11.87328623  4.53462933
1052.138306  592.593567  -10.6645725  5.327862943
1120.146484  151.759491  -10.53488124  4.580005167
1874.091064  75.551079  -9.225305865  4.457603359
1533.157959  537.356812  -9.830142726  5.246112766
255.040649  699.342896  -12.05668777  5.48798608
1227.259033  488.62738  -10.3600266  5.15547378
1910.194214  422.241852  -9.162949704  5.055220741
1179.302246  523.548462  -10.44370647  5.213697854
1219.065063  483.17215  -10.37405841  5.145714089
1846.625732  263.233185  -9.273604215  4.779800533
1701.592529  164.51976  -9.529444772  4.609701667
237.143158  727.135193  -12.0915183  5.536047619
174.388443  389.032196  -12.1731422  4.951168294
38.27615  282.813232  -12.40037014  4.765688221
269.585846  3.696414  -11.98398474  4.302875168
1195.101074  712.030884  -10.42160677  5.537875013
1872.785278  1032.540039  -9.218824952  6.130399099
1872.785278  1032.540039  -9.218824952  6.130399099
108.893364  81.934395  -12.26375898  4.428667758
1064.477173  503.549561  -10.64077882  5.176457099
1214.647461  298.709839  -10.37732336  4.831432908
1214.647461  298.709839  -10.37732336  4.831432908
1166.990234  328.155151  -10.45984525  4.880344693
1937.244873  1030.087036  -9.102654515  6.127755442
1370.451782  665.123352  -10.11541489  5.462305672
1062.967285  522.7052  -10.64410777  5.209214886
1801.428711  310.021637  -9.353942134  4.860063484
1900.704834  306.91571  -9.179090487  4.855743615
607.349182  198.298645  -11.41586339  4.643411306
1896.442139  712.66272  -9.181883449  5.561757193
1552.080322  780.197144  -9.79939614  5.666766075
1130.108887  274.934662  -10.52139142  4.789124321
1197.928345  83.68795  -10.39956706  4.465841814
1284.737427  353.180908  -10.25795997  4.92551745
1436.787964  649.686707  -9.999633445  5.437277932
1935.001343  163.260727  -9.117597314  4.609245174
1308.006714  342.268799  -10.21805651  4.907729795
1142.365723  335.561127  -10.50200969  4.892325249
16.409327  275.649963  -12.43792064  4.752290473
1585.79187  602.120178  -9.73919195  5.35854907
1102.75061  119.011894  -10.56384485  4.52413643
1102.75061  119.011894  -10.56384485  4.52413643
1702.864014  303.432007  -9.530989751  4.847649142
1429.853149  1284.269043  -10.01687821  6.561751984
1209.600464  143.180634  -10.38123831  4.567222372
1255.753174  6.230751  -10.29857942  4.334734006
1920.032959  697.325134  -9.140395007  5.535447855
1383.970337  746.675659  -10.09334718  5.603966198
2038.872681  972.872803  -8.918218997  6.029222659
1182.463989  399.457794  -10.43500659  5.001919832
2176.213135  706.256775  -8.670295333  5.559929939
1681.959229  1410.397339  -9.55858238  6.810866842
231.844452  717.233032  -12.09996018  5.518573252
709.106445  132.170731  -11.23764779  4.53476458
1686.540771  1321.967041  -9.551689473  6.647589084
789.22583  727.042053  -11.12386832  5.551052274
698.752319  229.156601  -11.2593125  4.698885626
1682.340576  204.113434  -9.564751297  4.677422687
66.184052  695.035645  -12.3884943  5.473917663
1955.71814  276.236084  -9.081348802  4.804397964
82.091095  52.225632  -12.30782939  4.377812146
1371.677612  756.822754  -10.1148169  5.621132017
1254.485962  380.0867  -10.31081026  4.970446722
1796.1875  135.796341  -9.362273022  4.561022265
1798.557007  433.080597  -9.361401033  5.071701781
1714.537231  744.775208  -9.510402028  5.611173922
277.561829  319.829742  -11.98883668  4.83730458
1668.146484  405.390198  -9.591852932  5.021764569
1566.400757  514.058777  -9.771948509  5.206642664
1260.074341  702.17749  -10.30817129  5.522939115
1260.074341  702.17749  -10.30817129  5.522939115
1426.804443  655.318115  -10.0181582  5.446366239
1894.950439  1032.602295  -9.178741491  6.130971003
1878.954102  238.720459  -9.217147974  4.738123328
345.992737  421.855347  -11.87628619  5.01356454
1716.13208  90.166924  -9.501888143  4.482402579
1716.13208  90.166924  -9.501888143  4.482402579
1197.804443  307.986877  -10.40668997  4.846851319
1197.804443  307.986877  -10.40668997  4.846851319
1669.980835  1090.696777  -9.585710015  6.224378024
1874.194702  563.260559  -9.225731859  5.299205235
1825.900513  402.735474  -9.312770688  5.019429973
1326.270386  216.711044  -10.18289698  4.694107198
211.399536  113.887756  -12.08982932  4.48627005
211.399536  113.887756  -12.08982932  4.48627005
1253.799561  739.273376  -10.31982214  5.58741902
1253.799561  739.273376  -10.31982214  5.58741902
1261.936157  369.073914  -10.29773243  4.95201841
1903.661011  412.768066  -9.174207552  5.038371704
1391.844238  1068.37793  -10.08320332  6.169866797
2185.462646  19.212387  -8.665490398  4.360926902
2191.48877  7.86432  -8.654375547  4.341360327
1856.045654  1036.456787  -9.250590524  6.134974482
2204.60376  569.845398  -8.62669792  5.318472907
1240.998535  260.991577  -10.33089799  4.767943283
1247.996216  206.962738  -10.31747717  4.676417538
1796.91333  588.376831  -9.364415993  5.340544389
1337.364624  1185.252563  -10.181279  6.376849799
1020.935852  277.52475  -10.70827691  4.790642499
1258.515503  506.422089  -10.30648632  5.186477975
648.118469  521.836121  -11.35861416  5.194896405
1097.259155  644.049072  -10.58866352  5.418137379
339.207336  427.154266  -11.88829603  5.022361989
1278.853149  1132.811523  -10.28457361  6.277597322
1389.814941  1024.972534  -10.08661627  6.092139909
1974.420166  565.241638  -9.04582528  5.304769512
106.040482  115.81472  -12.27119288  4.485654097
106.040482  115.81472  -12.27119288  4.485654097
1189.694092  193.824905  -10.41674383  4.652837247
1995.764526  260.501007  -9.00943177  4.776770254
1879.956177  411.772858  -9.216578982  5.036430165
1303.705811  866.353027  -10.23493828  5.810735001
390.972443  149.174408  -11.78396144  4.552567633
1236.258423  1320.668701  -10.36317755  6.618377032
1236.258423  1320.668701  -10.36317755  6.618377032
1937.717163  422.959808  -9.113729366  5.056955146
1937.717163  422.959808  -9.113729366  5.056955146
69.62133  98.384743  -12.33217406  4.455084045
1401.964722  670.550354  -10.06082462  5.472233092
543.770874  403.076752  -11.5337178  4.988862938
1826.367065  772.31543  -9.308104751  5.664440581
1730.227051  299.012848  -9.480699428  4.840581332
962.961365  495.811157  -10.81534147  5.160462207
1257.106079  710.453979  -10.31316523  5.53740025
1257.106079  710.453979  -10.31316523  5.53740025
1266.503906  1048.464355  -10.30441934  6.127861818
1663.128784  375.791138  -9.600852811  4.970943045
1820.614502  932.01178  -9.315733648  5.947453907
199.980209  455.791534  -12.13512971  5.066368075
1212.251709  83.293655  -10.37499439  4.465383182
1652.727539  588.381165  -9.622363522  5.336047517
1183.72937  260.581268  -10.42916867  4.766073501
2137.196045  1337.404541  -8.718956678  6.703917582
1634.791016  725.970276  -9.652484117  5.575393536
1050.071167  97.975021  -10.65290066  4.487446014
1892.626465  463.038025  -9.194208283  5.125382891
553.02771  439.898743  -11.519435  5.051953352
2144.834229  654.532593  -8.72994353  5.467098437
1194.427124  100.015015  -10.40686097  4.494101847
1122.16272  484.131287  -10.54097616  5.144881584
1167.730713  181.077911  -10.45419833  4.630689471
1870.837769  1374.208862  -9.213456024  6.754475179
1870.837769  1374.208862  -9.213456024  6.754475179
1072.869141  290.958099  -10.6199981  4.814988644
2159.882324  546.455505  -8.706622844  5.276793152
2159.882324  546.455505  -8.706622844  5.276793152
1771.409424  759.313232  -9.407524413  5.639375716
1771.409424  759.313232  -9.407524413  5.639375716
16.441442  241.975098  -12.43541567  4.695296862
1189.663574  373.109406  -10.42203776  4.957259141
1658.578735  129.236877  -9.604073768  4.549134684
1393.112671  500.952881  -10.07336745  5.180418815
1393.112671  500.952881  -10.07336745  5.180418815
676.865173  5.034173  -11.28814711  4.318986807
2077.823242  1419.368774  -8.827005224  6.852427553
1119.773071  121.259041  -10.53419925  4.528257679
1619.740601  555.67688  -9.679113758  5.279496538
1619.740601  555.67688  -9.679113758  5.279496538
1678.852905  1306.36499  -9.565771283  6.618699897
393.891083  144.625198  -11.7790655  4.544691135
2234.456055  453.538086  -8.575605607  5.115233801
557.798035  238.912796  -11.50186223  4.710375585
1207.806763  119.161491  -10.38348128  4.526399589
1303.723877  1072.750854  -10.23936822  6.173162739
1199.885132  340.206451  -10.40365001  4.901575696
1347.156006  722.556702  -10.15683833  5.561177595
1696.702026  282.666595  -9.541562609  4.812020765
1137.546997  396.032593  -10.51207655  4.995005998
1241.392334  331.727814  -10.33216597  4.888120066
1200.483765  374.074036  -10.40343701  4.959166356
640.798157  131.002151  -11.35502021  4.530526463
640.798157  131.002151  -11.35502021  4.530526463
2207.807617  316.394836  -8.62216898  4.877216143
1283.584595  93.044708  -10.25307004  4.483259866
1631.582764  288.282532  -9.656384064  4.820998606
1176.186523  577.663818  -10.45044538  5.306268855
172.684784  350.066772  -12.1729362  4.884741964
2169.282227  79.00576  -8.695450994  4.464196465
2169.282227  79.00576  -8.695450994  4.464196465
1651.132324  529.833801  -9.623778503  5.23561461
1205.31897  335.78421  -10.39430213  4.894193854
68.990837  294.92099  -12.35041981  4.786891681
1214.216919  20.877726  -10.36961647  4.3589056
1913.070068  525.783142  -9.156867786  5.23556585
1702.902344  994.240723  -9.528191789  6.052244693
1333.888306  251.793457  -10.17086514  4.754211738
1655.666626  678.136108  -9.615555614  5.493087633
1242.929443  1429.162476  -10.35354568  6.817609677
1271.019897  1011.851013  -10.29609646  6.062400842
1215.981934  1063.386108  -10.39379214  6.151607984
1736.804932  224.102631  -9.46869459  4.711551359
1393.717529  492.737213  -10.07206447  5.166337256
1754.593018  326.96933  -9.437863005  4.88857899
1124.307617  103.198013  -10.52649136  4.497957522
1257.52124  547.77478  -10.30897928  5.257388889
1257.52124  547.77478  -10.30897928  5.257388889
1093.473877  285.059784  -10.58448058  4.805441119
1093.473877  285.059784  -10.58448058  4.805441119
104.75354  52.899998  -12.26835092  4.37998071
860.978088  264.902893  -10.98209023  4.764773418
2136.882568  1460.335449  -8.715470725  6.933037161
1624.648926  497.360474  -9.669446888  5.179380586
464.016144  90.935577  -11.65540017  4.45684404
792.112671  523.103577  -11.11075449  5.20192883
1959.79248  401.377045  -9.074731891  5.019637361
1950.270508  756.693115  -9.083787769  5.641296621
1406.597778  286.654907  -10.04635482  4.814814921
1150.857788  336.172302  -10.48749788  4.893579324
1150.857788  336.172302  -10.48749788  4.893579324
1317.686035  384.266663  -10.20203172  4.979195412
2196.124023  1237.192749  -8.615735067  6.519733265
776.115173  403.931458  -11.13341519  4.998227572
1205.33252  326.103027  -10.39455113  4.877779393
743.97406  510.376312  -11.19290839  5.178458632
1019.873413  531.986694  -10.71855477  5.22385004
1812.754883  187.680328  -9.3341354  4.650160753
1308.887817  556.953979  -10.22034848  5.274432778
1187.004639  207.092255  -10.42186376  4.675357744
1720.657959  356.399231  -9.498209193  4.938696284
1413.103394  202.84549  -10.032778  4.671938221
137.963348  520.505066  -12.24896118  5.175168011
105.981949  269.759186  -12.28182274  4.745815973
2191.348877  17.392332  -8.655128537  4.357459859
2231.450928  1179.956909  -8.551943925  6.416101752
1722.924683  1195.03125  -9.488366325  6.416043851
1511.154663  516.95697  -9.868132215  5.210532605
1511.154663  516.95697  -9.868132215  5.210532605
907.029358  421.065491  -10.90798222  5.031222433
1193.493408  530.794373  -10.4192568  5.226525794
1938.963745  715.077637  -9.104983484  5.567493528
1920.672729  223.898254  -9.14316397  4.713020583
192.589081  45.701759  -12.11841794  4.370645278
2177.104492  1060.342041  -8.660371466  6.194065722
1743.885864  471.842987  -9.458852722  5.137765515
1709.876099  274.207336  -9.517816929  4.7975994
2133.95874  618.532471  -8.75151824  5.403142628
498.517822  277.682098  -11.60557184  4.773971281
1036.043335  115.96666  -10.67740033  4.517562996
1036.043335  115.96666  -10.67740033  4.517562996
2064.339844  446.513947  -8.885895432  5.099337236
1985.714478  695.388367  -9.021137612  5.534074482
518.050537  444.471283  -11.57935119  5.058417053
1712.132324  501.197144  -9.515609958  5.1876999
744.097961  203.296555  -11.18001656  4.656665344
744.097961  203.296555  -11.18001656  4.656665344
33.166157  328.801727  -12.41253398  4.843809512
1314.868042  487.349182  -10.20872663  5.15523264
43.913864  227.709732  -12.38700332  4.672485115
1304.119995  603.228638  -10.22994635  5.353870064
1400.822876  597.305237  -10.06146461  5.346166733
1841.275146  349.688538  -9.283861077  4.928804232
269.162659  639.692749  -12.02704116  5.384982244
2190.243164  870.754639  -8.637142779  5.855077743
2190.243164  870.754639  -8.637142779  5.855077743
1708.612061  627.505249  -9.521963873  5.406169418
1690.736328  670.893433  -9.552945456  5.481382286
1690.736328  670.893433  -9.552945456  5.481382286
317.043274  400.583221  -11.92568553  4.975929698
1848.332397  361.214233  -9.272194234  4.948763811
1885.499268  609.634277  -9.205299134  5.380009667
1784.776245  600.671448  -9.386094701  5.361688733
1703.766235  1016.576416  -9.525758822  6.093046581
