283.488556  771.955322  -5.646273024  4.440145706
1033.133301  1060.150879  -4.35195344  4.974611335
707.251831  1165.857056  -4.934935596  5.157330627
848.045837  830.686096  -4.669953161  4.556351382
15.137646  969.050232  -6.139691385  4.782563591
354.378387  886.31604  -5.534470528  4.643324599
491.028564  1307.734985  -5.327889308  5.407352935
412.680176  1094.31897  -5.449162676  5.016369056
288.685547  1082.968994  -5.66814873  4.992521409
512.016724  901.408203  -5.25789225  4.673343294
512.016724  901.408203  -5.25789225  4.673343294
665.267761  1370.827881  -5.022972411  5.534492236
305.415527  1375.067139  -5.668037731  5.529392203
570.407898  893.068298  -5.15604862  4.660561982
182.942337  1278.339233  -5.877638911  5.34727959
841.238831  1382.772705  -4.70793365  5.566232584
427.806641  969.488892  -5.411920177  4.792688805
969.87854  1072.627197  -4.464136931  4.995237446
663.902771  849.777222  -4.989980855  4.586676018
734.660461  1451.405884  -4.901749042  5.685760056
474.546783  967.947021  -5.328547299  4.789717602
1053.240967  1059.417358  -4.316505917  4.972820897
1038.835083  1101.30896  -4.342900562  5.049515329
706.408508  817.554932  -4.915372859  4.532041865
706.408508  817.554932  -4.915372859  4.532041865
624.012573  1316.355591  -5.091621487  5.429778178
73.72937  1457.815308  -6.091255036  5.674370197
891.603333  1176.23584  -4.607370003  5.183024293
320.519653  758.343018  -5.582110887  4.417845444
272.845215  1301.433228  -5.719845034  5.39309347
1037.887573  1309.936523  -4.350318462  5.439008076
616.05658  1043.190552  -5.086671554  4.929569822
616.05658  1043.190552  -5.086671554  4.929569822
616.38031  1079.779175  -5.088547529  4.995498665
361.782806  1177.926514  -5.548197344  5.16794573
638.630981  1342.984741  -5.068116804  5.48025586
1044.071045  1135.642944  -4.334471676  5.113123741
895.741638  1294.178955  -4.60539003  5.401839917
555.308472  996.072571  -5.189888165  4.842967808
34.899864  1434.129272  -6.157372147  5.628527559
460.346527  805.723877  -5.342405113  4.504229296
638.98114  1486.004883  -5.077510677  5.747111777
608.831421  1383.078247  -5.124266048  5.552396651
716.366211  1252.480713  -4.923841745  5.314502773
626.434265  836.811401  -5.05503298  4.562576082
856.877869  1261.940674  -4.673592112  5.339870849
956.449341  771.36853  -4.478220741  4.458366141
758.403076  785.480347  -4.8231201  4.477620331
1031.850464  1396.780151  -4.364030278  5.602013383
963.517273  1231.269043  -4.481777693  5.290322298
1070.390503  1061.442871  -4.285616333  4.978297991
1126.166138  1426.026489  -4.19290658  5.661854009
969.179077  954.893311  -4.461574965  4.783360345
1153.984009  1065.366943  -4.136977333  4.989411158
977.198364  1309.403442  -4.46049998  5.436942255
1171.925659  1350.496582  -4.107704727  5.520912174
643.985474  1266.571777  -5.052653012  5.337694872
1658.283325  961.257019  -3.23056953  4.818379176
1028.306274  793.045166  -4.353049426  4.498677525
1028.306274  793.045166  -4.353049426  4.498677525
1071.483643  999.074036  -4.28215438  4.865897036
1153.094116  1133.520874  -4.139839295  5.114571777
1424.784302  1289.882446  -3.652491852  5.411687216
948.242676  859.586121  -4.495301511  4.614118376
1822.105835  785.799072  -2.938597458  4.505044392
1403.494019  800.073547  -3.691347329  4.520804789
1409.489624  861.55249  -3.680269478  4.630719149
707.334534  1203.269531  -4.935656586  5.222753624
1980.519287  1458.647949  -2.607494914  5.763475859
2075.895264  1116.722534  -2.447351069  5.121124711
316.445129  1411.650513  -5.65175595  5.597138335
939.972412  1191.295898  -4.521222163  5.212100762
1870.794678  1306.687134  -2.819931055  5.471349799
1766.722778  950.094971  -3.033151186  4.801063649
1566.866943  1080.869019  -3.394077329  5.032725704
630.678894  1266.113037  -5.076412692  5.336317074
2042.957031  1215.46167  -2.507359261  5.302016917
2053.090332  774.518372  -2.515882146  4.489560086
775.574463  1181.154785  -4.814359218  5.189179177
1488.387939  920.436584  -3.53894238  4.739338891
1133.509521  1436.731567  -4.180990741  5.681133226
1111.330933  1268.224976  -4.216871258  5.36374554
2115.381836  972.00531  -2.389634845  4.850011419
2115.381836  972.00531  -2.389634845  4.850011419
2115.381836  972.00531  -2.389634845  4.850011419
1111.467163  878.586853  -4.209182361  4.6517254
2043.788696  1230.601074  -2.503321315  5.331390305
705.906982  1476.391479  -4.954115338  5.728442461
875.167053  846.901794  -4.6224988  4.588615456
1630.014648  1326.368164  -3.26841802  5.496647377
1181.337402  1464.33606  -4.093685916  5.738477336
1949.386475  1278.430908  -2.68211091  5.41364718
545.289185  843.1922  -5.196801072  4.571889039
1115.174561  1036.929321  -4.205790407  4.935560819
1115.174561  1036.929321  -4.205790407  4.935560819
1173.988037  1253.353271  -4.10376278  5.337818375
1105.970825  789.215576  -4.217148254  4.493942889
1075.404663  898.510071  -4.272930504  4.685996572
2145.08667  1132.083252  -2.320356777  5.149628896
2145.08667  1132.083252  -2.320356777  5.149628896
965.69519  1338.596313  -4.48202469  5.48736935
1399.761719  773.799561  -3.698772229  4.473906677
1654.926758  1271.523193  -3.223292628  5.395508751
1850.109497  804.882324  -2.888727129  4.539140917
406.246704  871.672485  -5.440869788  4.618303503
849.798584  1394.501099  -4.693160849  5.58885974
363.313538  1239.33313  -5.551825295  5.279866018
1059.285034  1002.848938  -4.304511079  4.872651183
931.409424  1221.695068  -4.539295919  5.267331
1099.232422  859.438843  -4.230311077  4.617823128
1046.49292  953.001221  -4.325641794  4.782818476
1727.724976  1027.263794  -3.101089272  4.940600908
1735.477783  882.225952  -3.091374403  4.67801106
912.387207  879.857727  -4.558768657  4.648387616
333.948395  1009.417236  -5.581109901  4.86178492
1623.470581  975.877197  -3.292359698  4.84387394
1182.755005  848.838867  -4.083015059  4.601210325
1096.870239  1062.172607  -4.238875962  4.980523792
1074.568115  1032.776978  -4.277421443  4.926445244
1498.68396  905.729797  -3.520821624  4.711829118
1114.942505  873.650269  -4.202988445  4.643035595
1512.080688  1239.592285  -3.491449019  5.32380432
993.674377  894.180786  -4.416716569  4.675997137
1080.295776  1159.341553  -4.270420537  5.15779142
2024.458618  754.62439  -2.570981405  4.452777918
1879.775635  1302.986206  -2.807515222  5.460057937
1144.754517  816.004822  -4.149364166  4.542245013
1739.879272  1363.181396  -3.06479076  5.56930026
328.075989  1170.208862  -5.607328548  5.152649778
300.227631  1260.431885  -5.664848774  5.316376475
1193.035522  1263.151367  -4.06960324  5.356290685
865.212524  1276.837036  -4.659483302  5.369049544
1183.863037  1434.246094  -4.088677983  5.677873452
1172.418457  1441.68811  -4.109338705  5.693011306
1986.323364  1275.418945  -2.608904895  5.413162818
2103.94043  1043.155151  -2.405511632  4.981473923
1014.088989  879.214478  -4.381473043  4.646316025
959.346436  972.174133  -4.479405725  4.813738174
403.243713  1124.447021  -5.469879398  5.071745104
395.190155  1280.870972  -5.498048019  5.357206979
949.664795  1385.739746  -4.512300283  5.575711364
297.05481  760.332703  -5.622735341  4.420731128
1728.546997  1067.764648  -3.097250324  5.016248218
842.182495  1061.145996  -4.689800894  4.970489998
449.86496  1248.7854  -5.398038364  5.300026238
280.15033  1014.364807  -5.66884772  4.863834967
1742.379028  892.048279  -3.079823558  4.695461924
700.351318  1282.376099  -4.954320335  5.370742218
2118.521973  1082.018188  -2.376023028  5.053688812
544.323364  892.679199  -5.201895004  4.659274136
2120.218506  1053.00061  -2.37519304  4.999643547
1185.585083  858.10675  -4.078089125  4.617726629
285.967896  1459.780396  -5.711094152  5.686138067
1233.442871  1478.616455  -3.998516196  5.764528998
862.436646  1343.575317  -4.667557194  5.492917306
2042.779419  1275.043945  -2.501127345  5.416274687
883.321777  768.394165  -4.605356031  4.451527736
1107.642456  1115.623413  -4.220690207  5.079098571
1476.069824  1138.979248  -3.557339133  5.136228164
210.603729  1248.737061  -5.825596611  5.294395174
2011.940918  749.193726  -2.595336077  4.442393248
1962.5177  1415.306885  -2.644138421  5.679476508
1962.5177  1415.306885  -2.644138421  5.679476508
1174.343018  1098.191162  -4.101913805  5.05090892
1072.001465  868.110535  -4.278314431  4.632167593
1072.001465  868.110535  -4.278314431  4.632167593
1646.353271  960.84198  -3.251795244  4.81669536
1646.353271  960.84198  -3.251795244  4.81669536
518.602112  1379.436035  -5.284115897  5.540597636
518.602112  1379.436035  -5.284115897  5.540597636
1051.485352  1320.474609  -4.326411784  5.459192269
1118.912476  985.639954  -4.198486505  4.843016433
989.131287  1125.918945  -4.431948364  5.092812463
2126.571045  1129.187988  -2.356197295  5.142843985
2067.761963  778.106262  -2.489255505  4.496097657
1186.20874  980.845642  -4.078176124  4.838027932
2028.766846  1243.76355  -2.529847958  5.356214619
1409.033447  1306.466064  -3.677628514  5.445266723
1071.226807  893.857971  -4.280255405  4.677265434
1541.116455  1274.106812  -3.435463773  5.392393182
833.080811  1396.592529  -4.722995448  5.591498657
1189.942627  977.320007  -4.071452215  4.831264788
830.92981  801.696716  -4.697781787  4.507866702
208.486664  1240.974731  -5.828103577  5.279631428
426.575226  1007.855713  -5.417457103  4.861109947
959.23584  1377.904297  -4.495026515  5.563098485
989.525696  1266.886353  -4.436081308  5.354624772
1150.734985  774.137939  -4.138171317  4.468235464
1660.092651  1039.22522  -3.224542611  4.960553672
1089.261108  1114.253296  -4.253088771  5.075912439
1449.518921  1149.125244  -3.604902493  5.155564147
557.765503  1287.339966  -5.207475928  5.371904554
1983.876587  891.123474  -2.63752551  4.699146428
937.795227  1218.381104  -4.52736508  5.263252414
1087.31958  1138.855103  -4.257230715  5.121735513
283.039917  865.942139  -5.658375861  4.60622794
283.039917  865.942139  -5.658375861  4.60622794
1204.743896  1110.519775  -4.047108542  5.07363715
1494.002441  1208.239868  -3.524141579  5.265039696
1114.316895  996.481506  -4.205462411  4.864469612
1723.186035  1396.10791  -3.095355349  5.629902518
625.085327  1206.543945  -5.082938604  5.228487412
832.255981  1087.875366  -4.708613641  5.018740832
1437.006714  1004.997803  -3.633097113  4.88835289
1713.397949  874.959351  -3.133500836  4.662905613
1673.361816  1230.046509  -3.191593054  5.317526219
1205.143433  1015.370361  -4.044621576  4.901819929
1938.176636  1421.585938  -2.692313772  5.68749528
609.848877  1218.200195  -5.109716244  5.246324629
598.611267  1255.362427  -5.132132942  5.314434481
598.611267  1255.362427  -5.132132942  5.314434481
639.112732  831.409668  -5.032282286  4.5535381
843.662842  980.243835  -4.683266982  4.824777851
843.662842  980.243835  -4.683266982  4.824777851
1549.52124  901.101685  -3.428841862  4.705296208
1072.52063  1267.81543  -4.28735831  5.360807022
1059.910889  980.636658  -4.302017112  4.831946793
2167.405762  1154.923462  -2.27558838  5.193879837
278.509155  1081.842285  -5.685315499  4.990094385
1986.33606  884.323792  -2.632411578  4.686950002
1986.33606  884.323792  -2.632411578  4.686950002
958.309082  1070.585449  -4.484362659  4.991539049
374.010956  851.0177  -5.496556039  4.581628133
1495.722412  1447.843384  -3.516163687  5.71777323
534.307434  1027.825073  -5.229300635  4.899669416
534.307434  1027.825073  -5.229300635  4.899669416
1091.143066  1166.681274  -4.251220796  5.17262463
1299.287354  1246.038208  -3.876878833  5.328857139
1737.145996  1356.51123  -3.068608709  5.558150626
1138.007935  1079.4021  -4.165514949  5.014250634
1468.230225  1243.77356  -3.570210959  5.330611536
372.753937  1281.664673  -5.538731471  5.358499274
1112.450073  1129.246704  -4.212176321  5.105154447
1112.450073  1129.246704  -4.212176321  5.105154447
1073.604492  1168.883057  -4.282405376  5.177174637
1978.604492  1428.976318  -2.611023866  5.708450174
1211.007935  1368.97229  -4.038154663  5.555712075
1667.680786  1290.844849  -3.199471948  5.4323251
1080.37085  1118.841675  -4.26948355  5.084357497
930.739014  1141.962891  -4.536343959  5.120673546
867.491272  1435.901611  -4.662681259  5.664737422
867.491272  1435.901611  -4.662681259  5.664737422
2118.442383  1119.016113  -2.373085068  5.122795605
1112.591553  1106.037964  -4.211420331  5.062225063
835.367065  805.725098  -4.690563884  4.515248873
685.186462  1250.907715  -4.978669007  5.30955927
2114.347656  749.001099  -2.404643643  4.444551953
2114.347656  749.001099  -2.404643643  4.444551953
583.727966  1264.537598  -5.160058566  5.331778632
583.727966  1264.537598  -5.160058566  5.331778632
1122.356445  855.311768  -4.189438627  4.611044226
372.241852  842.20105  -5.498890007  4.566182108
1398.362183  778.467468  -3.701153197  4.482097128
1084.821045  1021.078064  -4.258968692  4.90519773
1437.919678  1452.460938  -3.622285259  5.724638607
2007.799316  828.800293  -2.596668059  4.586597776
1081.750854  1320.852051  -4.271228527  5.461210206
1122.777954  798.950378  -4.187388655  4.511539801
1196.463135  907.488892  -4.059214379  4.706327094
1858.54126  1242.060669  -2.849429658  5.34550855
1858.54126  1242.060669  -2.849429658  5.34550855
1858.54126  1242.060669  -2.849429658  5.34550855
1078.107544  876.344543  -4.267821572  4.647180681
1078.107544  876.344543  -4.267821572  4.647180681
442.24234  918.854736  -5.38197858  4.702289911
1968.560181  1139.074585  -2.650766331  5.156053341
1126.30603  871.523193  -4.182614719  4.641040158
2094.260986  1005.692383  -2.428195326  4.910496192
976.062744  954.590759  -4.449487128  4.782896301
1191.964233  866.630554  -4.066984275  4.633599962
760.940674  1172.472656  -4.839877875  5.171230751
2061.927002  910.161621  -2.493604446  4.734980537
2061.927002  910.161621  -2.493604446  4.734980537
1776.983154  873.112488  -3.017616395  4.661244372
1778.499878  1049.848877  -3.006590543  4.98478224
1566.974976  1124.671631  -3.392680348  5.113407508
1133.918701  1178.008301  -4.174562827  5.196625077
2030.226685  1154.407959  -2.534375898  5.187051404
1458.632446  1029.99646  -3.589891695  4.937281966
315.613403  849.791748  -5.597946674  4.577923935
1995.348389  749.21228  -2.624376687  4.44258341
1995.348389  749.21228  -2.624376687  4.44258341
1196.729248  1286.82959  -4.063060328  5.400948237
961.85907  1147.311523  -4.481482697  5.131381437
632.346863  1372.396973  -5.081373625  5.534254061
486.33902  1072.643188  -5.317514448  4.97952319
892.019653  1470.713501  -4.62022483  5.733954438
824.063782  893.127075  -4.713256579  4.669494914
471.847565  1057.868042  -5.34189012  4.952184943
548.699402  1106.603394  -5.210005894  5.042229455
1424.769653  955.046265  -3.652371854  4.799285369
1347.276978  1257.937744  -3.790177  5.351130435
1126.487793  1029.534424  -4.185291683  4.923005336
1126.487793  1029.534424  -4.185291683  4.923005336
1146.948364  832.534546  -4.145639216  4.570888773
1164.971558  999.828247  -4.116550608  4.871372774
948.859009  768.279602  -4.491217566  4.453204645
1181.902344  884.737061  -4.085105031  4.665030554
1186.411621  1269.651123  -4.081314082  5.369069612
1409.086792  1397.818115  -3.676175534  5.617790759
1132.236328  870.569885  -4.172306858  4.638562634
1132.236328  870.569885  -4.172306858  4.638562634
957.750122  1087.05603  -4.486099635  5.020487852
957.750122  1087.05603  -4.486099635  5.020487852
649.732666  1371.263184  -5.051244031  5.535001709
1955.41687  1025.240845  -2.682264908  4.944073404
600.705505  998.966736  -5.110159238  4.849342015
1170.948364  1279.527832  -4.109651701  5.386702781
1433.597412  1457.260986  -3.630513148  5.733600167
352.559052  1155.481323  -5.563008144  5.127024438
973.200928  1416.444702  -4.471127837  5.63670367
1663.532227  1191.874512  -3.21344876  5.242611067
488.732574  1031.214355  -5.307508582  4.902493778
1400.043945  884.084534  -3.697389248  4.670414958
997.09668  761.18988  -4.406805702  4.441648253
1080.412231  785.597595  -4.261606656  4.486888997
630.705627  1251.502197  -5.075316707  5.310223988
845.051392  971.354614  -4.680764016  4.808976534
905.273987  1100.920166  -4.58011337  5.045022639
608.762146  1249.494873  -5.11374019  5.303908627
1536.802246  1384.22876  -3.440793701  5.600408088
1994.92627  862.035339  -2.618773762  4.646564029
1171.740234  774.553955  -4.101362812  4.469628468
2063.011719  905.1427  -2.491958468  4.725809276
498.971313  886.925842  -5.280551945  4.647561028
1093.234985  1027.690186  -4.244506886  4.91786681
878.991882  1260.862549  -4.633574651  5.339046482
1656.783813  997.386597  -3.230424532  4.884885443
1075.480347  1155.974609  -4.278825424  5.152548423
1043.335449  1047.334717  -4.33336569  4.951467395
1076.479004  1163.895874  -4.27692845  5.167709071
1524.890747  888.670715  -3.473690258  4.682084056
185.712143  1309.93335  -5.87549394  5.404996825
2014.786865  1056.27356  -2.568999432  5.00435283
1664.072632  1127.593628  -3.214498746  5.123413651
1397.018066  1471.739258  -3.698418234  5.757402444
1397.018066  1471.739258  -3.698418234  5.757402444
1756.305542  1075.843262  -3.044676031  5.03330201
505.798767  887.238403  -5.269520094  4.649215633
815.603455  876.248901  -4.727792383  4.638687882
1150.872314  1017.657166  -4.142076264  4.901733443
1709.418701  1098.404907  -3.130407877  5.072966068
1463.986328  1398.768433  -3.574291904  5.629762285
1156.346313  1029.406494  -4.132075399  4.923796108
1438.477173  1432.844482  -3.622362258  5.686535955
1669.39563  936.384766  -3.209875808  4.773556813
1551.782471  1075.292969  -3.421078966  5.02209502
1458.331299  1057.413086  -3.590834682  4.986831072
1458.331299  1057.413086  -3.590834682  4.986831072
1832.271118  877.00769  -2.916075761  4.669733431
2172.500732  1402.810425  -2.248669742  5.663949763
1651.148926  1119.436646  -3.236333452  5.10914657
1366.087158  1364.647705  -3.755524466  5.554285556
1531.121826  986.934021  -3.46091743  4.859360951
1134.415527  1219.194946  -4.174781824  5.27343902
1455.298828  833.631226  -3.599278568  4.581562692
2193.563721  1039.36145  -2.237067898  4.977907101
1281.887329  1252.189209  -3.908957401  5.337121444
1281.887329  1252.189209  -3.908957401  5.337121444
2096.201416  1065.568237  -2.416638482  5.023377257
1445.713867  1053.907837  -3.61402537  4.978309635
1445.713867  1053.907837  -3.61402537  4.978309635
1445.713867  1053.907837  -3.61402537  4.978309635
1197.411255  1092.522705  -4.059368377  5.041668992
1520.660278  1142.952637  -3.476463221  5.145595428
1157.284058  1181.539551  -4.13272739  5.203732841
2184.572021  1179.366089  -2.238016885  5.244315523
2183.482422  1105.476196  -2.250427718  5.100509898
1932.42627  1369.376831  -2.705568594  5.588326114
1516.984497  1004.740173  -3.486028092  4.891973665
2217.554199  1039.743286  -2.191685509  4.979660386
1577.885498  1106.951904  -3.373273609  5.081065273
1577.885498  1106.951904  -3.373273609  5.081065273
1879.325928  1272.00293  -2.807843218  5.403585717
2169.439697  864.550232  -2.296010105  4.655315059
1647.19397  1310.187622  -3.236357452  5.467415845
1647.19397  1310.187622  -3.236357452  5.467415845
1571.154053  1121.549561  -3.385339447  5.107915914
2142.593018  988.19165  -2.338297536  4.880174986
2142.593018  988.19165  -2.338297536  4.880174986
1160.38147  1451.303467  -4.131375408  5.71067862
1160.38147  1451.303467  -4.131375408  5.71067862
1951.729248  1435.034058  -2.665208137  5.714875505
1155.29895  1230.309814  -4.137151331  5.293805884
1183.816772  1094.424194  -4.084036045  5.044689771
1292.327148  1204.836548  -3.890200654  5.249979138
1495.755371  1141.769531  -3.522140606  5.142317248
2150.561279  1103.483154  -2.312844878  5.09524229
2150.561279  1103.483154  -2.312844878  5.09524229
2212.031006  974.364929  -2.20943527  4.857702373
1510.534668  1388.922485  -3.489060051  5.607740911
1991.24646  1053.988403  -2.613626831  4.998679206
2096.319092  832.80127  -2.434407243  4.59555754
2046.244873  819.771667  -2.527091996  4.570535811
1361.612915  1239.849854  -3.764512345  5.318561344
1976.835327  1291.021484  -2.625978665  5.441908539
2194.694092  874.622803  -2.249393732  4.673425188
1790.616577  1104.373169  -2.980710892  5.086871857
2066.76709  1070.20752  -2.472212734  5.030760944
1176.986328  790.317932  -4.092344934  4.497511437
1176.986328  790.317932  -4.092344934  4.497511437
1586.886963  774.368652  -3.364365729  4.479241689
1971.843018  1009.257324  -2.653313297  4.915134105
1882.765137  1309.233032  -2.801425304  5.471441577
2017.786377  1259.263794  -2.547991714  5.387482973
1945.576172  1028.354614  -2.70064266  4.949944326
1207.742065  957.616272  -4.039909639  4.796737272
2207.775635  1067.809692  -2.207486296  5.031698794
2233.779785  864.864685  -2.177253703  4.656333966
1612.758911  1087.008789  -3.311058447  5.045274682
1740.138062  790.986877  -3.087890449  4.512287169
1740.138062  790.986877  -3.087890449  4.512287169
2098.033936  1040.089355  -2.416819479  4.975447559
1158.93396  1403.253296  -4.133753376  5.619933184
1887.082397  1271.782837  -2.794071403  5.403045336
1207.98999  776.68396  -4.037143676  4.474107406
1120.966431  1261.680298  -4.19963149  5.35251909
2155.544678  940.726257  -2.31641383  4.793793573
2120.124023  998.831665  -2.380057974  4.899590314
2200.829102  1207.683105  -2.207757293  5.295500559
2200.829102  1207.683105  -2.207757293  5.295500559
2241.219727  1210.87854  -2.131117324  5.302968399
2232.996826  1267.406128  -2.141558183  5.409953629
1516.815308  1174.078247  -3.483166131  5.202974251
1585.434082  1124.306519  -3.3591228  5.113244664
1211.081055  860.117004  -4.033298728  4.622435236
1752.27417  969.879456  -3.058269848  4.837187356
1419.066772  814.970276  -3.663710701  4.547713911
1121.969238  1354.286377  -4.199579491  5.526312769
1162.769531  1330.182251  -4.125214491  5.480795473
1705.674072  1170.061768  -3.13464782  5.206433767
1158.738403  1276.580078  -4.131605405  5.38030372
2175.167969  799.817322  -2.291625164  4.537962688
1599.222168  1221.398315  -3.329963192  5.295885726
1173.838257  1113.751831  -4.102169801  5.079430531
2210.651855  1152.935425  -2.195128462  5.190494488
2206.366943  878.625061  -2.227148032  4.680846189
1697.550781  1240.915405  -3.146511661  5.339101344
1362.974976  1210.061768  -3.761971379  5.263247945
1438.147705  1403.109741  -3.622861251  5.631163993
1999.18042  1012.166748  -2.602188985  4.921187229
1164.416382  1477.952881  -4.124617499  5.760812798
1194.087402  1361.996826  -4.06879725  5.541644581
1168.479736  883.410461  -4.108666714  4.662392927
1229.283447  1101.841309  -4.00269014  5.059880662
1881.245483  1294.400024  -2.804252266  5.44582772
2143.949951  1059.744141  -2.331102633  5.011875962
1955.903198  775.518372  -2.69544173  4.489122591
1214.674927  1374.249756  -4.031620751  5.565171714
959.736023  357.537384  -4.46047398  3.743066295
959.736023  357.537384  -4.46047398  3.743066295
840.432983  255.384827  -4.662019268  3.568557454
840.432983  255.384827  -4.662019268  3.568557454
382.819214  907.350464  -5.484410202  4.679867611
1041.867798  739.075684  -4.328053762  4.404060653
525.367432  1311.560669  -5.26683413  5.414642915
495.673187  714.348145  -5.275480013  4.346371403
891.413513  1062.384888  -4.602910063  4.975090399
698.172058  271.693542  -4.906762975  3.593412062
774.409241  713.030701  -4.792045518  4.35114728
353.578949  1024.369507  -5.548033346  4.889244437
364.475922  281.254883  -5.479919262  3.602232051
508.519989  1093.872314  -5.279969953  5.01822076
617.047241  1417.47644  -5.11147122  5.61665989
886.847351  1150.064819  -4.615017901  5.134493019
68.120407  544.947754  -6.004819199  4.044143214
614.320251  287.548065  -5.051100033  3.618360966
311.52948  984.88739  -5.616947419  4.81630254
311.52948  984.88739  -5.616947419  4.81630254
356.008026  1062.06958  -5.546902361  4.956868461
367.3255  1169.928833  -5.538204478  5.154450284
28.799784  1057.461548  -6.127932543  4.942670755
465.531433  845.637939  -5.335985199  4.574632186
482.368317  210.039246  -5.274474027  3.484171959
408.013275  1103.361816  -5.459800533  5.03302263
408.013275  1103.361816  -5.459800533  5.03302263
459.923828  357.74411  -5.318679432  3.734091744
298.39621  649.180664  -5.614283454  4.229247345
416.829559  1401.163208  -5.469415404  5.579419178
889.811279  419.406281  -4.582252341  3.847944594
288.077271  970.77179  -5.657207877  4.790959542
317.943359  1458.342407  -5.654217917  5.685749248
317.943359  1458.342407  -5.654217917  5.685749248
1005.88269  82.947639  -4.374856132  3.280079946
996.059509  1054.808472  -4.417292561  4.963035433
337.072205  678.331299  -5.548875335  4.28020825
618.257874  689.183411  -5.061357895  4.305320777
413.350922  355.310638  -5.399426346  3.729054748
413.350922  355.310638  -5.399426346  3.729054748
519.832336  741.123352  -5.234652563  4.393258977
519.832336  741.123352  -5.234652563  4.393258977
541.717407  763.407776  -5.197863058  4.432272533
387.648193  378.728394  -5.444824735  3.768162723
82.729744  1441.747803  -6.073823271  5.645599711
1054.318848  1461.830078  -4.325078802  5.726634649
1033.133301  1060.150879  -4.351786443  4.974550285
65.374023  980.552185  -6.051919566  4.804435899
272.081879  1032.734741  -5.693013395  4.90315085
496.056885  343.809998  -5.25642427  3.711304346
298.199005  804.772522  -5.624353319  4.498188227
431.565948  1285.129639  -5.432411902  5.364065046
431.565948  1285.129639  -5.432411902  5.364065046
55.935371  289.103363  -6.008024156  3.607928845
521.652527  880.24707  -5.240918478  4.637113267
610.414124  729.130615  -5.077245681  4.375034334
610.414124  729.130615  -5.077245681  4.375034334
440.776703  841.046265  -5.378397629  4.565362782
1109.551758  1344.173462  -4.221725193  5.506293815
488.57254  744.565308  -5.293094776  4.399023643
488.57254  744.565308  -5.293094776  4.399023643
67.260094  601.110901  -6.01001213  4.139761775
67.260094  601.110901  -6.01001213  4.139761775
258.279968  787.380859  -5.692837397  4.466117724
72.401161  700.946167  -6.011295112  4.312566815
461.912872  1240.623169  -5.375275671  5.284688914
335.986267  722.311218  -5.552972279  4.355842806
447.560089  756.909363  -5.36191785  4.419123297
476.113525  359.324463  -5.291409799  3.737450567
919.405151  747.402466  -4.541856885  4.415103594
794.612366  523.571777  -4.751225068  4.027078633
309.922333  174.973495  -5.56779908  3.421023491
585.588379  730.019592  -5.119896107  4.375385895
464.532715  742.147156  -5.327618312  4.393337527
464.532715  742.147156  -5.327618312  4.393337527
360.671051  1230.762329  -5.554865254  5.264456309
177.495102  1296.315063  -5.889465752  5.380345436
977.287842  396.685059  -4.431234374  3.810721378
544.057617  355.128204  -5.174347374  3.73178646
635.04425  675.597351  -5.031490297  4.282619911
635.04425  675.597351  -5.031490297  4.282619911
313.462982  1420.470947  -5.657243876  5.612675268
949.52478  452.630096  -4.48054571  3.906488771
208.079361  527.48468  -5.761099479  4.016976966
525.173523  875.754822  -5.330995266  4.724173861
645.786011  1055.805298  -5.034356258  4.952008466
561.654297  1045.531372  -5.182424266  4.932517883
192.288574  492.52179  -5.786658135  3.957112489
192.288574  492.52179  -5.786658135  3.957112489
38.098385  208.590744  -6.032838822  3.47167623
860.22937  417.413727  -4.63365165  3.844965099
69.984268  734.836975  -6.021082981  4.370285443
16.93811  761.37616  -6.112865746  4.416150319
383.805603  710.539429  -5.469469403  4.336816546
582.099854  797.302185  -5.129884973  4.492480726
538.627136  695.516052  -5.199867031  4.315015002
771.717224  718.761597  -4.79563647  4.357312223
173.525345  724.764709  -5.836003471  4.356123526
566.389587  689.497559  -5.150996688  4.305220898
566.389587  689.497559  -5.150996688  4.305220898
50.137695  687.223328  -6.047783621  4.288117429
988.33313  1013.13501  -4.429681394  4.888283825
891.186462  672.875488  -4.588367259  4.284776316
78.148338  727.141479  -6.002809226  4.358040909
1020.421997  261.766418  -4.354010413  3.582270379
646.871216  1103.255005  -5.036313232  5.038538563
601.30603  682.80426  -5.0907125  4.294795579
367.923004  745.774414  -5.499379001  4.39767975
70.104591  519.093994  -5.999284274  3.999319053
39.849571  784.588745  -6.074422263  4.456925638
33.294182  746.053162  -6.081499168  4.389397205
622.559204  778.831299  -5.058775929  4.461895856
625.269165  706.56189  -5.049951048  4.335775943
593.80365  303.758087  -5.086880551  3.645605254
371.159637  800.88147  -5.497542025  4.493405344
628.488647  741.309937  -5.046610093  4.396748862
293.264221  722.854004  -5.626444291  4.355417819
293.264221  722.854004  -5.626444291  4.355417819
389.772278  526.435669  -5.447758695  4.020047185
866.699707  952.495361  -4.641730541  4.775982057
725.15033  719.241089  -4.877590367  4.360890346
766.869751  747.79187  -4.806216328  4.410765115
766.869751  747.79187  -4.806216328  4.410765115
532.903992  660.424988  -5.207976922  4.254019858
340.947998  704.878296  -5.543090412  4.325623746
593.282471  728.808533  -5.107696271  4.374433995
755.262634  1480.829346  -4.867441504  5.742813025
437.685913  817.971802  -5.382559573  4.52489064
1059.321533  139.349258  -4.284853343  3.375300503
786.698669  1221.091675  -4.796641457  5.261308181
1044.155762  610.804993  -4.321053856  4.180889116
864.385193  1184.177734  -4.657006336  5.198870788
517.50647  263.23349  -5.216463808  3.574950381
784.453125  196.43927  -4.755796006  3.467843614
1025.385986  1242.929565  -4.370936185  5.311691031
775.891052  1210.802368  -4.815276206  5.24188575
857.081116  1288.555542  -4.6745211  5.389602931
568.674622  1474.836304  -5.202098001  5.720634113
1021.772766  279.827637  -4.352079439  3.612697954
295.857239  860.329773  -5.634052188  4.59605505
554.063232  210.978638  -5.15160068  3.487558199
436.525482  205.875778  -5.352205981  3.476265183
130.033554  830.273743  -5.921956314  4.539183844
858.999023  1423.034058  -4.677904054  5.6431236
50.586914  702.716125  -6.048893606  4.315098454
64.17691  801.888733  -6.034043806  4.487590482
441.697815  57.131893  -5.336360194  3.22593928
210.581329  747.91449  -5.773230316  4.397083547
210.581329  747.91449  -5.773230316  4.397083547
108.578186  335.0354  -5.920890329  3.687008067
880.701721  702.514282  -4.607485002  4.336001529
41.736755  748.692261  -6.068042349  4.394428512
41.736755  748.692261  -6.068042349  4.394428512
414.35675  713.766296  -5.416644114  4.343358957
942.366089  603.653564  -4.497346484  4.166111368
166.04451  1221.808838  -5.901791586  5.243934107
983.12439  906.804688  -4.435522316  4.697899369
983.12439  906.804688  -4.435522316  4.697899369
67.065437  971.769653  -6.047996618  4.788566455
411.300323  610.869873  -5.415698127  4.165683439
411.300323  610.869873  -5.415698127  4.165683439
951.275818  748.380127  -4.486362632  4.418021155
574.096008  820.785706  -5.145409764  4.533605034
895.698608  729.979858  -4.582486338  4.384655372
895.698608  729.979858  -4.582486338  4.384655372
821.580017  826.148621  -4.715134553  4.550581422
87.627434  1256.113159  -6.046620637  5.304886793
602.370972  437.100128  -5.076766687  3.872505338
291.464111  840.857056  -5.638904123  4.561015683
874.291626  1269.59082  -4.642798527  5.355267986
1080.34375  1140.5354  -4.269792546  5.125410357
967.934082  749.184326  -4.457328022  4.419603163
967.934082  749.184326  -4.457328022  4.419603163
465.570251  609.906494  -5.321725391  4.165367384
632.288513  692.273438  -5.037265219  4.311372107
295.517365  565.996277  -5.613019471  4.085471876
340.347382  125.083252  -5.513276814  3.33799732
340.347382  125.083252  -5.513276814  3.33799732
925.164185  52.858425  -4.512044286  3.227624369
1087.694092  1320.081665  -4.260750668  5.460383804
920.07196  322.002625  -4.527600077  3.682782312
850.913513  1424.370239  -4.692572857  5.645075313
93.148933  807.54718  -5.984088478  4.49855942
93.148933  807.54718  -5.984088478  4.49855942
501.007843  1020.926086  -5.28685486  4.885627446
111.97403  857.198425  -5.956140854  4.585982308
483.845642  1034.532227  -5.318755431  4.910459336
566.484741  1182.772583  -5.184269241  5.180961068
845.366821  1328.513428  -4.69754779  5.463985765
925.998108  731.714417  -4.529847047  4.388166745
756.523621  679.805969  -4.822473109  4.294213928
174.615173  747.254272  -5.836151469  4.395361474
850.842346  814.150269  -4.663787244  4.530585549
527.372925  1107.058472  -5.248195381  5.042610793
649.419128  1053.597534  -5.028496337  4.949255783
1081.17334  1283.370972  -4.271645521  5.390923007
427.335968  1398.897949  -5.450303661  5.575037251
276.650452  1330.93689  -5.715566092  5.4468638
362.376862  716.096863  -5.507099897  4.345921544
885.218994  1262.648682  -4.622968794  5.342908204
961.592712  983.120483  -4.475828773  4.833034748
1062.369263  1076.857544  -4.300358135  5.005825634
814.744202  1034.51355  -4.736731263  4.921160294
104.38575  291.681671  -5.924419281  3.613616209
567.615662  1236.313843  -5.186306213  5.278894947
1063.031128  1043.225098  -4.298341162  4.945037915
583.896545  1473.137573  -5.175127364  5.719355384
650.046143  747.547424  -5.009461593  4.408059819
749.996582  759.375549  -4.83654292  4.431246587
392.381226  748.32074  -5.457356566  4.402982687
958.876831  19.188065  -4.453654072  3.171327627
558.329895  733.254456  -5.167497466  4.380693126
496.288025  1056.447388  -5.298542703  4.950113655
880.236023  262.526855  -4.59421318  3.581252235
736.893738  713.320374  -4.857226641  4.350843309
182.580826  740.037964  -5.821815662  4.383008856
60.389545  995.88562  -6.063617408  4.832094207
1053.077515  189.210449  -4.296537186  3.459530408
748.815613  505.894623  -4.828266031  3.993728324
321.448151  707.308167  -5.577037956  4.329418512
299.266327  1059.63269  -5.647103013  4.951236753
571.059387  215.677795  -5.122746069  3.495636136
1074.325806  1074.898315  -4.278964422  5.004357171
915.051941  731.861206  -4.54890679  4.388270867
659.846008  712.944763  -4.99039085  4.347525002
534.046265  955.315613  -5.224153704  4.769731661
534.046265  955.315613  -5.224153704  4.769731661
602.774658  719.052612  -5.089779512  4.357012069
738.7854  507.421814  -4.845522799  3.995909299
738.7854  507.421814  -4.845522799  3.995909299
16.475784  725.793884  -6.109981784  4.354064399
405.711456  721.508606  -5.432004907  4.356317283
478.368256  264.869476  -5.282881914  3.57691217
860.928467  962.110107  -4.652118401  4.792451367
927.919067  743.240784  -4.526782088  4.407008222
446.069916  897.473328  -5.373493695  4.664501285
1011.66156  766.165161  -4.381465043  4.449780247
536.689697  1450.912354  -5.258000249  5.675381226
268.001831  874.059387  -5.684403511  4.61958368
493.004242  890.962952  -5.291172802  4.654540836
1078.772827  1106.789551  -4.271879518  5.061467529
1078.772827  1106.789551  -4.271879518  5.061467529
651.840637  202.056763  -4.983973936  3.474629894
870.074158  751.360596  -4.627750729  4.420832162
319.126221  187.72583  -5.551704297  3.442755758
592.979004  1278.129517  -5.144271779  5.356569562
923.97406  420.218292  -4.52361913  3.849298256
370.970062  646.01593  -5.487759157  4.225080278
995.200867  254.745453  -4.397087833  3.570410938
652.577759  726.113281  -5.003876668  4.371066933
663.520508  194.435211  -4.963728208  3.461889218
899.913208  261.012299  -4.560369636  3.578714119
980.220154  301.944366  -4.423830473  3.6496748
195.720779  1196.381714  -5.845329346  5.197004913
1124.16333  1344.354736  -4.195250549  5.507663399
84.083725  1468.536499  -6.074485262  5.695913998
1046.260864  348.58551  -4.311573984  3.730126043
136.520508  1243.078491  -5.956350852  5.281190191
361.860077  893.391235  -5.521278706  4.65575414
768.070435  1480.791016  -4.844762809  5.7447553
768.070435  1480.791016  -4.844762809  5.7447553
266.797302  1377.710938  -5.737884791  5.533444571
266.797302  1377.710938  -5.737884791  5.533444571
472.185425  190.855255  -5.291260801  3.451725619
1089.426758  724.18158  -4.244657884  4.379197957
296.127411  879.258362  -5.635373171  4.62950398
194.780594  1222.211182  -5.850323278  5.244279522
854.666748  718.737122  -4.653020389  4.362788267
610.316101  1467.481812  -5.127157009  5.709582211
993.652466  1322.728516  -4.430602382  5.459532948
528.85437  329.703735  -5.199724033  3.688127339
528.85437  329.703735  -5.199724033  3.688127339
490.603241  749.745667  -5.286261868  4.407532102
286.752594  1451.260132  -5.708339189  5.669324578
1004.115784  767.065979  -4.394705865  4.451846535
972.156982  324.829193  -4.438141281  3.688870478
50.822922  744.543152  -6.052132563  4.387537857
503.558289  731.116028  -5.262544187  4.375529412
300.065765  1254.402222  -5.666059758  5.307410462
352.730194  309.221985  -5.501553971  3.64922352
339.26355  708.783386  -5.546172371  4.332147116
862.946533  1400.034912  -4.669681165  5.600333679
568.278564  732.38031  -5.150183699  4.37936056
568.278564  732.38031  -5.150183699  4.37936056
568.278564  732.38031  -5.150183699  4.37936056
712.577026  722.448181  -4.899779069  4.365851412
646.427673  967.427307  -5.027897345  4.794288951
646.427673  967.427307  -5.027897345  4.794288951
461.435486  1228.656372  -5.375364669  5.262966633
574.446289  726.349854  -5.139240847  4.368938042
6.66675  733.900085  -6.128379537  4.368347398
351.748932  275.483429  -5.50165497  3.592153832
209.573959  758.428955  -5.776025278  4.415734691
987.202271  1082.582764  -4.433896338  5.013571345
526.045959  726.535767  -5.223118718  4.36803755
342.804077  1058.999634  -5.569877052  4.951180232
728.5849  1280.447266  -4.904278008  5.37051276
538.292358  339.636139  -5.184862233  3.705309139
18.549236  479.599091  -6.08577211  3.930696474
18.549236  479.599091  -6.08577211  3.930696474
345.219177  713.849426  -5.536353503  4.341514714
73.176514  751.011597  -6.013737079  4.399399662
336.702728  53.910042  -5.515466784  3.218068421
461.34787  1311.577271  -5.382132578  5.414481353
461.34787  1311.577271  -5.382132578  5.414481353
540.106201  597.323303  -5.191897138  4.14488555
948.460022  722.449341  -4.490469576  4.372646416
394.071747  1145.104858  -5.488023153  5.10909351
383.792755  457.120819  -5.454484605  3.901148161
759.289856  728.150269  -4.818923157  4.377071085
536.445557  730.948425  -5.205483955  4.37608102
484.038361  173.099655  -5.269570093  3.422124269
995.582825  890.859497  -4.413198616  4.670362527
396.111084  714.598999  -5.448373687  4.344196203
144.765717  735.01709  -5.887601777  4.373421131
565.01709  882.812927  -5.165186497  4.642539364
488.748322  873.082397  -5.297227721  4.62248872
1028.560791  272.942688  -4.340294597  3.601133431
55.109917  750.459534  -6.045234656  4.397985665
941.034668  1110.29187  -4.516802222  5.062907708
941.034668  1110.29187  -4.516802222  5.062907708
1016.941528  871.014709  -4.375130128  4.635921194
306.457245  66.585129  -5.567989077  3.238499721
56.743755  576.229736  -6.026722905  4.096911733
56.743755  576.229736  -6.026722905  4.096911733
19.663155  718.812988  -6.104423859  4.342132264
486.940735  460.413818  -5.277538986  3.909966838
975.628235  543.492493  -4.437952283  4.062162379
986.070801  905.384155  -4.430222387  4.694594616
41.909386  718.019348  -6.065323385  4.3413157
45.766838  1407.563721  -6.136688425  5.581639691
1102.945923  985.089294  -4.22636413  4.840957676
344.954926  660.728821  -5.533716539  4.249722017
1104.04895  1237.750977  -4.229406089  5.306346094
1104.04895  1237.750977  -4.229406089  5.306346094
537.867249  1021.399109  -5.222327729  4.887769317
467.932648  731.620605  -5.324551353  4.375416128
621.871399  214.326965  -5.035753239  3.494883478
1090.290649  1255.607422  -4.25458875  5.338268208
804.057861  887.393799  -4.748529104  4.65830525
359.918427  731.714661  -5.51206483  4.372627134
750.980042  722.473328  -4.833297963  4.366861732
1088.178101  1331.622803  -4.260147676  5.482745131
714.133789  711.676819  -4.896638111  4.3472184
25.120388  738.627563  -6.096104971  4.376666971
893.445862  120.086533  -4.567647538  3.340713967
796.206421  1222.184692  -4.779793683  5.264198266
458.971588  1020.659241  -5.360975863  4.884352363
355.729279  1455.119141  -5.584348857  5.678149442
355.729279  1455.119141  -5.584348857  5.678149442
47.709576  739.135803  -6.056341506  4.377759646
270.124268  1368.501709  -5.73128488  5.516460347
70.638924  732.591309  -6.015971049  4.366945501
149.339859  724.858276  -5.878721896  4.355805377
29.779259  917.151794  -6.107089823  4.690062902
310.013702  573.906677  -5.588427802  4.099666077
61.314983  474.361359  -6.010803119  3.922712005
333.096436  1415.368774  -5.623335333  5.60648879
754.047607  206.176636  -4.808356299  3.48375712
45.744545  700.372192  -6.057159495  4.310996008
42.352348  314.716034  -6.033430814  3.650893708
610.703186  229.872925  -5.055540973  3.520510926
940.735657  721.840393  -4.503927395  4.371494646
940.735657  721.840393  -4.503927395  4.371494646
366.074921  697.759338  -5.499003006  4.31415376
366.074921  697.759338  -5.499003006  4.31415376
939.413879  493.488647  -4.499171459  3.975836542
1083.220337  1254.63916  -4.267299579  5.336519542
589.507263  209.496033  -5.090755499  3.485601518
659.371765  280.090118  -4.973501077  3.606736441
337.920685  1066.610352  -5.579251926  4.964583833
740.159912  1245.799194  -4.880783324  5.304496952
1110.971802  1304.806641  -4.218302239  5.432676596
355.369751  725.047668  -5.519393731  4.360928636
1055.565918  925.903076  -4.308614023  4.734375422
574.741089  765.110962  -5.140888824  4.436283811
914.657959  722.466553  -4.549252785  4.371780136
711.38446  1224.083008  -4.930579654  5.263023304
331.785461  708.155884  -5.559269195  4.331247333
305.30304  257.947815  -5.579805918  3.56133619
882.424805  1423.521362  -4.635473625  5.644365764
203.253082  466.392334  -5.767456393  3.91285437
461.331482  735.168701  -5.336324195  4.381649832
909.826782  233.053986  -4.542541876  3.531703813
430.863251  823.323059  -5.394801408  4.533977677
954.332458  419.452423  -4.471483832  3.85019287
407.031128  747.591614  -5.431747911  4.401877741
1007.752563  1015.020203  -4.395416855  4.89226674
886.062622  1032.22998  -4.611000955  4.919557284
961.942322  360.758575  -4.456706031  3.749501291
961.942322  360.758575  -4.456706031  3.749501291
553.7052  1013.031677  -5.193846112  4.873591757
1073.005249  1160.638306  -4.283413363  5.160916964
684.983643  189.734177  -4.926492709  3.454239847
197.505356  743.668579  -5.795756013  4.389511935
1097.345703  1068.998901  -4.238002974  4.993232819
586.365234  918.785828  -5.130326967  4.706712484
666.615356  682.042603  -4.977394024  4.294819816
30.289862  135.99939  -6.041625704  3.349769999
68.418831  965.708618  -6.043982672  4.777058698
964.246704  1347.225586  -4.484535656  5.504693841
964.246704  1347.225586  -4.484535656  5.504693841
627.897522  1218.082275  -5.077984671  5.248011972
790.196167  732.101074  -4.765258879  4.384278766
591.754822  503.754028  -5.098478395  3.986321214
24.920189  974.331665  -6.123284605  4.792362272
596.269348  724.276062  -5.101428355  4.365917619
531.936829  1153.307617  -5.243267447  5.126331149
429.800079  743.565247  -5.392566438  4.395801786
893.184265  387.898743  -4.57569643  3.794693172
893.184265  387.898743  -4.57569643  3.794693172
1088.603271  1308.882935  -4.258839693  5.439270241
915.590088  1040.986572  -4.55929965  4.937139884
515.133606  41.214035  -5.211517874  3.200396353
1051.099731  583.402771  -4.308335027  4.133528127
1112.479492  1171.505005  -4.21298431  5.182545369
350.246063  792.598572  -5.533561541  4.478605393
549.961914  665.313721  -5.178267321  4.263081749
549.961914  665.313721  -5.178267321  4.263081749
438.536652  179.865372  -5.347781041  3.432653665
62.920704  708.843384  -6.027760891  4.325762286
457.314819  704.257385  -5.341366127  4.327875241
69.325455  568.759399  -6.004154208  4.08426011
298.276581  338.092804  -5.596600692  3.696837782
21.046801  724.207825  -6.101755895  4.351370405
887.287903  720.7005  -4.596690147  4.367598741
913.517517  1183.680176  -4.568585525  5.196404595
797.134766  729.315735  -4.753072043  4.37957541
1111.095093  1206.925903  -4.216094268  5.249159996
443.906738  1312.803955  -5.413678154  5.416958971
347.074799  883.745789  -5.546554366  4.638746187
359.025391  761.550842  -5.515812779  4.424700734
1028.546021  99.038399  -4.336566647  3.306968664
994.217346  979.996155  -4.418270548  4.829225581
765.471863  735.444824  -4.808591296  4.390068769
503.198914  36.897686  -5.231793601  3.192759415
366.35434  716.939026  -5.499824995  4.347405133
440.682526  1067.155273  -5.396381387  4.96864248
441.507172  984.411194  -5.388844488  4.819341689
1018.575134  350.220917  -4.359165343  3.732381456
671.273804  733.521423  -4.971557103  4.383819568
427.277771  175.027206  -5.366329791  3.423844126
173.418304  743.571411  -5.837904445  4.38827543
111.662109  638.973145  -5.936913113  4.206014687
1444.019165  777.916382  -3.620233286  4.48193758
377.425507  580.570251  -5.473981342  4.113298934
1769.660767  535.950745  -3.044343035  4.060993422
1153.39209  339.689911  -4.126407475  3.716152128
1204.605103  326.881927  -4.038315661  3.69481625
2019.78833  108.182915  -2.61150486  3.319542456
1097.977051  289.440308  -4.221578195  3.630128277
1557.245117  1065.763306  -3.411650093  5.005040783
1802.822632  1254.844971  -2.949144316  5.370920836
1194.375977  668.151855  -4.060234366  4.283416174
1194.375977  668.151855  -4.060234366  4.283416174
1911.967041  686.939087  -2.78091558  4.329541382
1491.287964  326.234497  -3.539804369  3.695544868
1570.819336  694.006714  -3.395137315  4.336665866
1377.713501  463.969696  -3.737720705  3.932221776
1088.952393  55.063828  -4.230375076  3.233096011
1802.706421  1043.625977  -2.962153141  4.974178061
1981.051758  896.203186  -2.641752453  4.708887519
890.054871  565.218262  -4.586259288  4.098382519
2111.914063  1402.504028  -2.361497224  5.662006754
1374.860474  826.49939  -3.742799637  4.566738171
485.709198  94.697067  -5.263684172  3.289762401
2186.435303  277.403198  -2.306575963  3.609286848
1511.71521  111.111725  -3.504533843  3.328105129
1702.062256  230.359207  -3.170162342  3.530782212
1621.962524  1220.454712  -3.287913758  5.296233733
1213.007446  697.236145  -4.027745803  4.335030877
78.462112  600.362183  -5.991004385  4.138876701
1560.072021  376.561157  -3.417538014  3.782449321
1205.099854  623.160339  -4.04133462  4.205456958
1205.099854  623.160339  -4.04133462  4.205456958
2038.256592  610.326172  -2.551973661  4.195280226
34.551727  541.092651  -6.063649408  4.036162379
1596.578491  1005.893311  -3.342975017  4.894918292
1429.989136  1375.507202  -3.638324043  5.576211834
1429.989136  1375.507202  -3.638324043  5.576211834
2007.541138  145.828568  -2.629707615  3.383776027
1780.929321  332.976624  -3.028279252  3.707510828
1704.961914  309.437653  -3.163006439  3.666877235
1562.257446  545.800293  -3.412477082  4.076128529
1319.614624  703.165588  -3.840370324  4.347609425
1116.544312  366.845337  -4.190788609  3.76204936
1716.232422  1064.249756  -3.120311013  5.009056819
1716.232422  1064.249756  -3.120311013  5.009056819
1062.527344  297.591766  -4.281463389  3.643474385
1062.527344  297.591766  -4.281463389  3.643474385
1813.159302  1186.444702  -2.933842522  5.241979933
2121.044922  1097.342651  -2.369827112  5.083406866
1499.971069  364.695526  -3.523932582  3.761679582
2209.287109  897.673096  -2.217473162  4.715630208
1202.043823  515.436218  -4.044890572  4.018474844
2011.703369  739.440125  -2.595366077  4.424412406
2011.703369  739.440125  -2.595366077  4.424412406
1756.078857  378.579315  -3.072491657  3.786452036
2075.0354  308.22821  -2.502145331  3.663956286
289.265106  497.605347  -5.619696382  3.968185501
2014.729492  51.659355  -2.621719722  3.222633799
2014.729492  51.659355  -2.621719722  3.222633799
860.147827  83.130478  -4.623054792  3.277345149
1492.037109  406.936523  -3.537522399  3.835632353
2023.485962  1071.152222  -2.552360656  5.03171314
2023.485962  1071.152222  -2.552360656  5.03171314
1467.758179  563.537903  -3.578383849  4.106175334
1506.346802  1085.026733  -3.50474884  5.034629535
1440.825928  278.934937  -3.628224179  3.614306941
1716.223755  217.461182  -3.145664672  3.508374188
1502.807495  272.776154  -3.519752638  3.60425533
1502.807495  272.776154  -3.519752638  3.60425533
335.899841  297.58844  -5.529842591  3.629049107
335.899841  297.58844  -5.529842591  3.629049107
2112.781738  211.164551  -2.438562187  3.495759571
2176.757324  125.772095  -2.331872622  3.348452501
1466.41394  500.524231  -3.581678805  3.99660881
2161.847656  1316.721313  -2.273924402  5.499423413
1724.556763  470.475555  -3.125392945  3.946079229
1847.11145  500.578674  -2.907116882  3.998881227
1525.555664  1341.72168  -3.463280398  5.516415184
1756.386353  729.002502  -3.061754801  4.40102775
1039.270142  203.982666  -4.320520863  3.484527607
1685.642944  1181.43811  -3.171189329  5.226876772
1474.841431  407.784271  -3.567361998  3.837054103
1405.692749  774.236572  -3.688433369  4.47450752
1405.692749  774.236572  -3.688433369  4.47450752
1080.00647  205.130386  -4.250782802  3.486829245
1659.919189  663.958191  -3.237058442  4.284543552
1185.774536  372.992828  -4.071147219  3.773407302
1168.318115  240.599945  -4.099880832  3.547679841
338.129791  400.527924  -5.531134573  3.80403286
914.461426  570.027588  -4.544334852  4.10751726
1673.264648  124.095306  -3.221568651  3.348875331
370.132843  451.060333  -5.477574294  3.890849989
1489.290649  840.824036  -3.538568385  4.595288166
1572.97937  843.804565  -3.386379433  4.604046936
334.941254  56.026829  -5.518854739  3.221462636
1584.298462  539.37915  -3.3739506  4.064938827
1584.298462  539.37915  -3.3739506  4.064938827
391.936584  108.049133  -5.423377023  3.31059813
391.936584  108.049133  -5.423377023  3.31059813
2207.98877  602.323608  -2.241030845  4.182893653
1882.057983  737.237244  -2.8314339  4.419774968
484.458893  166.383835  -5.268565106  3.410670602
558.601379  606.356323  -5.161689545  4.162106319
2196.400146  644.787842  -2.261021576  4.258143839
2196.400146  644.787842  -2.261021576  4.258143839
1199.758179  205.613556  -4.045467564  3.488167628
1062.711792  330.228882  -4.282934369  3.698910276
1679.557861  1088.642334  -3.187316112  5.051931613
1535.110718  30.912985  -3.464345384  3.19189029
1984.311035  106.467949  -2.673975019  3.31648191
1940.041382  405.065887  -2.742097102  3.832762953
1575.589722  1286.742065  -3.371169638  5.418445542
2048.519287  300.045837  -2.550160685  3.649805783
57.080872  549.163635  -6.023856943  4.050982257
1084.625366  445.933624  -4.247539845  3.896913208
1659.085205  788.070435  -3.234208481  4.50579555
2162.858643  987.432739  -2.300393046  4.879754866
1180.890137  49.731976  -4.074838169  3.224516633
2123.509766  348.051239  -2.411664549  3.733247351
366.842346  449.550293  -5.483173219  3.888186428
366.842346  449.550293  -5.483173219  3.888186428
2208.446777  459.41391  -2.251410705  3.928919775
1910.922485  701.418091  -2.781327575  4.355225791
1192.985474  565.104004  -4.06138535  4.104550833
1192.985474  565.104004  -4.06138535  4.104550833
1660.13147  729.55188  -3.234626475  4.401338275
2030.358032  187.495316  -2.587074188  3.455166087
2156.097656  402.723816  -2.351250362  3.829386251
1222.968384  1374.996704  -4.016552953  5.566544616
2211.532227  256.646027  -2.260584582  3.574041233
1788.28125  876.675964  -2.997671663  4.667537713
960.589233  52.049236  -4.451428102  3.226935563
1143.748169  498.664795  -4.145567217  3.988541582
1783.469727  627.885986  -3.015803419  4.222864051
1674.787598  746.568665  -3.207843835  4.431267795
1906.935669  1285.915283  -2.756686906  5.430111705
1750.871582  839.161743  -3.063517777  4.602142447
562.160706  354.737457  -5.142385804  3.731555396
1755.855591  432.723206  -3.070599682  3.880128157
111.284042  347.805389  -5.917691372  3.709131375
1545.378174  727.804932  -3.441289694  4.394353636
1611.498901  1008.186035  -3.313711411  4.902385214
166.884521  527.998901  -5.834468492  4.0169042
1181.337402  1464.33606  -4.094171909  5.730167478
2071.80835  663.205261  -2.490618486  4.289107923
1926.172241  712.232239  -2.753547948  4.3747024
1774.491943  432.761139  -3.037571127  3.880585339
1614.656006  987.650513  -3.308444482  4.865401263
589.769104  451.938873  -5.103422329  3.898010959
2164.477295  1079.817871  -2.289053199  5.051788601
1210.092163  459.463074  -4.030293769  3.921935465
1113.181396  63.561272  -4.1914526  3.24766822
2028.240967  771.141357  -2.562852514  4.482835445
1841.71814  1455.720215  -2.871923356  5.747747865
1734.421265  1344.910522  -3.075307619  5.535180053
1734.421265  1344.910522  -3.075307619  5.535180053
791.755676  437.24057  -4.751208068  3.876321277
1801.041382  349.908325  -2.992579732  3.736578008
1107.698975  325.448669  -4.205439412  3.691385691
544.057617  355.128204  -5.174283375  3.731472989
1558.917725  1230.970825  -3.404398191  5.310922722
849.245483  302.576599  -4.648302453  3.648568808
2070.216064  538.601868  -2.502186331  4.067411621
1211.206543  431.188843  -4.028080798  3.873466155
2184.905029  779.217468  -2.273492408  4.500262939
1485.081177  83.303345  -3.551311214  3.281017713
1485.081177  83.303345  -3.551311214  3.281017713
2180.487549  395.908661  -2.306551963  3.817056144
1597.168823  789.07196  -3.345655981  4.505982064
133.279022  498.346313  -5.888744761  3.965451422
133.279022  498.346313  -5.888744761  3.965451422
284.538086  231.672211  -5.613015472  3.516449017
300.976135  326.452209  -5.590927769  3.677190612
1769.7323  693.556702  -3.03883311  4.338609952
1531.818604  833.211792  -3.462062415  4.584660495
1531.818604  833.211792  -3.462062415  4.584660495
1662.061157  1100.372559  -3.219844674  5.072009095
2218.826172  389.276672  -2.236756902  3.805189322
1464.101563  710.602051  -3.585453754  4.362974926
1039.894165  60.92725  -4.316554917  3.242818039
1685.010376  343.526764  -3.198097967  3.72572958
1685.010376  343.526764  -3.198097967  3.72572958
1146.050537  415.141937  -4.140740282  3.845139375
2104.696533  480.834412  -2.442320136  3.965282569
1804.57959  103.7882  -2.991360748  3.313266628
1492.921387  233.806808  -3.538020393  3.537400452
2003.903442  622.592773  -2.618721763  4.215527875
2003.903442  622.592773  -2.618721763  4.215527875
1980.853271  308.927612  -2.67165705  3.665048262
1980.853271  308.927612  -2.67165705  3.665048262
1569.918091  254.502823  -3.402799212  3.572894379
1998.475952  1176.114868  -2.589675153  5.230704878
1758.000732  437.290649  -3.06552675  3.888657166
363.065582  446.356903  -5.48977813  3.882666875
1634.677612  718.230042  -3.280088863  4.380661699
167.874527  457.278625  -5.829327561  3.896424637
1100.976074  636.98407  -4.222855177  4.227313396
1100.976074  636.98407  -4.222855177  4.227313396
1227.455322  423.712494  -3.999957177  3.860686963
427.627869  81.153503  -5.360799865  3.266309584
1398.529785  464.751678  -3.701632191  3.93327329
492.119843  350.757507  -5.263802171  3.723121851
2114.163818  732.759949  -2.407040611  4.414843553
2109.557373  422.930054  -2.43311726  3.864493889
2109.557373  422.930054  -2.43311726  3.864493889
2146.74292  419.671661  -2.367611142  3.85855947
1994.36853  706.826843  -2.628284634  4.366619153
1501.67395  923.81781  -3.514931703  4.744741456
1615.84021  138.500793  -3.323097285  3.374313979
1122.871704  265.601624  -4.178265777  3.58984237
2159.137939  912.094788  -2.311722894  4.741819028
1170.95166  353.237305  -4.096972871  3.739467026
1221.067261  526.063232  -4.01159802  4.037500175
1085.067139  63.785881  -4.239229957  3.247887888
1419.974121  257.427063  -3.664468691  3.577299136
2169.731934  860.993408  -2.296672096  4.647772252
1127.413452  336.445557  -4.172242858  3.710322538
1354.736328  756.896606  -3.778538156  4.44246633
2170.22583  1142.897217  -2.272697419  5.169838054
2113.369629  386.02597  -2.428490322  3.799632798
1550.549561  401.712708  -3.435098777  3.826001942
2028.425415  708.871704  -2.566217469  4.370460822
1138.624756  498.158844  -4.155076089  3.987686229
1472.123779  739.221436  -3.570368957  4.414197079
1606.659546  748.088379  -3.329577197  4.43315871
936.111023  303.881348  -4.498756465  3.65247834
1158.680542  422.550049  -4.119053574  3.857916986
2050.457275  836.333374  -2.518240115  4.600703465
1993.380859  97.659958  -2.656564253  3.300676218
2012.752686  713.71936  -2.595686073  4.378619736
1146.400757  481.827148  -4.141150277  3.959609109
2017.433228  699.518127  -2.586752193  4.353976459
2017.433228  699.518127  -2.586752193  4.353976459
1743.480103  811.838318  -3.080788545  4.550039717
1128.687866  321.919708  -4.169383897  3.685608085
1512.038574  387.61554  -3.503219861  3.801255677
1126.946533  307.767365  -4.17216586  3.661507487
2202.811768  1058.385986  -2.217828157  5.013892357
1133.882202  648.66687  -4.165602948  4.248094053
1236.540771  575.151855  -3.985169376  4.122434308
1755.057739  466.180328  -3.070102689  3.939033918
1288.970825  732.00354  -3.894625594  4.397756087
2048.886475  183.05127  -2.55573361  3.447541797
1614.406982  732.96991  -3.316170378  4.406460006
968.930786  539.031982  -4.449640126  4.054949401
1105.507813  202.966385  -4.206535397  3.483877668
551.569885  105.981537  -5.151718679  3.310834038
1102.319336  562.455322  -4.218867231  4.098276889
1528.301025  709.226563  -3.471135293  4.362627682
437.312775  171.471771  -5.349150022  3.41831837
437.312775  171.471771  -5.349150022  3.41831837
260.696228  527.546936  -5.6703767  4.018664439
260.696228  527.546936  -5.6703767  4.018664439
2079.878418  231.876068  -2.497362396  3.531489778
603.2547  386.630981  -5.073360733  3.787087898
1479.445923  541.560547  -3.55830112  4.068033204
948.02301  460.039764  -4.483308673  3.91874215
1458.366089  291.529846  -3.598159583  3.636003206
380.785797  424.965424  -5.458342553  3.846699912
2205.947266  253.510406  -2.271370437  3.568640265
1734.578247  677.910645  -3.102661251  4.310922935
1426.939453  116.915962  -3.652044858  3.338203743
1912.167603  1405.505981  -2.740991117  5.657296422
1694.614502  102.469406  -3.184686147  3.312010978
1481.63269  486.124268  -3.55530816  3.971395139
1093.469238  364.027649  -4.230971068  3.756935183
1242.974731  74.990128  -3.968969594  3.267082522
1274.726196  750.773438  -3.919510259  4.430853792
1742.565674  110.449745  -3.100401281  3.32534884
1620.69873  108.163185  -3.314562399  3.322368985
1620.69873  108.163185  -3.314562399  3.322368985
2219.858398  1172.841553  -2.17524773  5.229167368
1489.083008  1446.052734  -3.527992527  5.714860805
1467.745605  33.168079  -3.581553807  3.196646644
1119.172607  402.499481  -4.187154658  3.822983884
2182.385742  552.916443  -2.293743135  4.093982619
1809.161011  83.451805  -2.984317843  3.278838918
1809.161011  83.451805  -2.984317843  3.278838918
304.587524  346.466888  -5.586215832  3.711253257
652.045898  589.904053  -4.998295743  4.135407573
566.964905  489.346497  -5.141167821  3.960758197
91.036583  560.650513  -5.96540873  4.07077027
92.534706  606.00824  -5.966495715  4.148529013
2004.290771  146.708908  -2.63526854  3.38481295
1764.513916  507.42804  -3.053589911  4.010864307
1550.024536  639.647827  -3.433297802  4.240129035
1189.705933  319.782593  -4.064091314  3.682578522
2035.644165  1236.480713  -2.514725162  5.344578138
1692.054077  280.730713  -3.18668012  3.617325181
1574.830933  166.24791  -3.394607322  3.421775103
1908.0354  706.600098  -2.786666503  4.364655021
2028.171143  724.765137  -2.565839474  4.398937403
2077.920166  437.879944  -2.490927482  3.890404845
1109.030273  390.055542  -4.20406143  3.801583639
2188.513184  1082.53833  -2.242516825  5.058437581
1110.550903  548.672668  -4.204292427  4.074432794
1190.043579  123.72731  -4.060715359  3.349138998
2222.687256  880.316223  -2.197177435  4.684768725
2111.110596  440.039734  -2.430801291  3.894277422
2038.061157  171.93309  -2.573665369  3.428336394
1795.258667  727.901001  -2.990701757  4.400879694
671.915405  622.367676  -4.965473185  4.191806498
1616.160034  719.270813  -3.313165418  4.382264191
1717.335693  99.765213  -3.144277691  3.307344632
1143.805664  666.047913  -4.148473178  4.278851544
1239.008911  325.707031  -3.978859461  3.693135225
1166.115479  257.875916  -4.104216774  3.577025905
1850.827637  703.606079  -2.890804101  4.358269006
1487.754395  280.51825  -3.546027285  3.617133348
897.119934  324.681854  -4.567369542  3.687050785
1112.462891  191.676041  -4.194776555  3.464445016
1749.054932  839.155334  -3.070486684  4.598200239
1780.79895  731.319275  -3.017076402  4.406334403
613.81842  377.601349  -5.054532986  3.771541414
981.972168  454.224792  -4.424627462  3.909510475
1531.718872  1048.986694  -3.458528462  4.97297824
2204.189453  1084.848755  -2.212107234  5.06376084
1132.91626  435.907715  -4.163686974  3.880503035
1313.264771  434.439758  -3.850639186  3.88031147
1104.69458  263.197479  -4.209786353  3.585562225
531.336975  368.139526  -5.197140068  3.753634554
1607.728027  493.398102  -3.332515158  3.985190676
2189.298828  625.741516  -2.275360383  4.224066961
1495.102051  722.560974  -3.529758504  4.385738601
1106.204956  671.05542  -4.21447829  4.286780061
203.558624  151.959473  -5.747475662  3.38010246
388.967041  403.042206  -5.443746749  3.809825584
1235.817017  382.80365  -3.98486938  3.79076557
1905.049438  640.418945  -2.795680381  4.246341888
1526.892334  454.797485  -3.476210224  3.917471255
1227.187744  232.611618  -3.998327199  3.534585656
1380.815674  532.710632  -3.732112781  4.051277619
2084.771729  328.019379  -2.492424462  3.699489449
1227.985107  726.141296  -4.001878151  4.385912672
2169.043457  895.185608  -2.295408113  4.710747183
2133.104736  500.556122  -2.388157865  4.000856471
2152.40918  357.807739  -2.357098283  3.750353488
548.219727  142.685486  -5.158846583  3.371973124
1146.906616  27.432533  -4.132981387  3.186689398
1833.19104  465.306396  -2.931419555  3.937626671
1536.700562  635.955322  -3.456263493  4.234240292
1606.91333  103.122162  -3.338388079  3.313766127
2156.102539  1048.069702  -2.308394938  4.991696201
1547.001343  735.269958  -3.436188763  4.409694877
217.748932  140.547256  -5.722351  3.361278824
1667.153076  145.468628  -3.2327955  3.385521308
1667.153076  145.468628  -3.2327955  3.385521308
1409.620605  1466.696289  -3.675067548  5.747967941
721.804443  528.082947  -4.875610394  4.031017548
278.799652  514.003723  -5.638722126  3.995994397
1096.154907  623.673889  -4.230802071  4.204260516
1826.002808  1471.269653  -2.901111963  5.776737973
1641.81311  1289.322632  -3.248738285  5.426084159
2231.989502  140.420944  -2.229988993  3.373075908
1019.920288  675.551941  -4.365784254  4.291740066
2165.810303  223.128159  -2.344505452  3.516468026
1774.339111  553.060059  -3.034737165  4.090798563
1774.339111  553.060059  -3.034737165  4.090798563
1648.593872  340.352997  -3.263197091  3.720262456
1371.158325  502.336212  -3.749511547  3.998008815
1115.869995  533.063721  -4.194906554  4.047490189
1097.738403  70.543633  -4.217711247  3.259229671
2123.284912  540.728027  -2.404678643  4.07178582
1756.524292  136.111053  -3.075278619  3.368995847
1756.524292  136.111053  -3.075278619  3.368995847
2206.247559  934.196045  -2.222881089  4.783044618
1756.091064  992.59729  -3.050592951  4.87853549
1217.902588  580.554382  -4.018116932  4.131587267
2202.974365  386.452545  -2.266449503  3.800244878
1570.815674  743.47876  -3.394609322  4.423387218
1596.283325  105.851547  -3.357083827  3.318528369
1570.08606  321.765167  -3.401568229  3.688080981
1169.696777  71.061188  -4.0948649  3.260343347
2089.162354  725.177673  -2.453359988  4.40114657
2089.162354  725.177673  -2.453359988  4.40114657
1125.082642  279.894989  -4.174792824  3.614134544
1135.486694  356.672333  -4.157814053  3.744925137
867.811096  656.390625  -4.628351721  4.255729954
1747.836304  1443.644043  -3.04847898  5.720032384
1116.322998  565.324707  -4.194561558  4.103512728
1116.322998  565.324707  -4.194561558  4.103512728
1617.300537  219.775192  -3.319761329  3.513111094
1755.493652  692.402527  -3.06409077  4.336661587
437.446899  351.128113  -5.357628908  3.722551147
1365.170532  490.335785  -3.759493412  3.977656162
1130.153442  550.117615  -4.170377884  4.077267052
587.806458  135.780899  -5.091685487  3.361548731
1568.478394  299.733765  -3.404839185  3.650279187
197.701096  166.598938  -5.75803152  3.404662603
1531.369629  537.859192  -3.46687335  4.062265293
2173.690918  598.305237  -2.306332966  4.17482498
2204.541016  1176.851563  -2.203378351  5.236820698
1356.92688  708.875549  -3.774921205  4.358234993
1992.324829  734.572571  -2.631244594  4.415879878
1717.940186  306.787476  -3.140279745  3.662519883
420.884399  377.231659  -5.387425507  3.766430638
1769.048706  893.713867  -3.029251239  4.699868938
1789.613525  295.136322  -3.01353545  3.642085305
1600.713745  540.671814  -3.344466997  4.067557102
1211.657593  668.623535  -4.029960773  4.284690791
2144.209961  678.120422  -2.354676316  4.317530245
1647.333374  333.670654  -3.267366034  3.707695295
1274.813354  1214.565796  -3.921819228  5.267275483
1160.528687  360.471802  -4.114969629  3.751703231
2021.24707  586.802124  -2.589764152  4.151951366
2037.518311  1091.175049  -2.524738027  5.069381871
1108.55542  345.718842  -4.204321427  3.725917305
1647.915039  1318.335449  -3.236874445  5.480551996
1012.287476  186.458817  -4.36607625  3.454587601
2181.154053  481.655762  -2.300199049  3.967856805
2181.154053  481.655762  -2.300199049  3.967856805
1119.997803  387.251221  -4.185251683  3.796966307
975.039124  195.177032  -4.430143388  3.468766847
756.69812  155.698654  -4.801683389  3.398688361
137.977493  517.248962  -5.882024852  3.997901575
400.572021  632.690735  -5.435660858  4.202973025
1083.512329  353.733398  -4.247619844  3.73925936
1083.512329  353.733398  -4.247619844  3.73925936
365.2677  617.793762  -5.496015046  4.176460233
1023.055298  455.954437  -4.353858415  3.912938808
1095.229614  324.163025  -4.226820124  3.68905683
2068.421875  732.857056  -2.491419476  4.414380314
1124.50415  574.122009  -4.180422748  4.118757352
2151.101318  543.517395  -2.353417333  4.077000895
306.267303  679.251282  -5.60194862  4.280751468
1503.643433  287.952606  -3.518783651  3.629859004
1503.643433  287.952606  -3.518669653  3.629789071
1202.383423  1338.83667  -4.053521456  5.497948957
1804.897095  336.287842  -2.985126832  3.713216929
1192.143677  463.113312  -4.061477349  3.928146559
1817.891846  91.352074  -2.968338058  3.292155943
1345.200439  486.029602  -3.794723938  3.969920338
1345.200439  486.029602  -3.794723938  3.969920338
162.724533  142.723297  -5.816174738  3.363773814
2047.788574  741.181274  -2.528744973  4.429109503
463.250183  138.27095  -5.303476637  3.362812997
1742.931396  511.197968  -3.091321403  4.017469024
1183.767334  1156.799561  -4.084991033  5.158401491
2057.530029  736.608826  -2.511327208  4.420837821
2057.530029  736.608826  -2.511327208  4.420837821
1078.684448  220.682404  -4.253352767  3.513204087
1183.935059  492.5849  -4.075983154  3.978850033
1331.151489  476.129486  -3.819218609  3.952503524
1461.898682  270.763641  -3.591631671  3.600384633
967.006348  282.120544  -4.445994175  3.615890311
1705.244995  329.932617  -3.162805441  3.702275289
2042.437866  677.196899  -2.54314278  4.313958986
2050.959961  683.533875  -2.527128995  4.325582298
1221.157837  245.738861  -4.008910056  3.5569352
1165.579956  23.046062  -4.101095816  3.179407595
1513.533691  236.888107  -3.502018877  3.542574332
1742.848633  548.859558  -3.092477388  4.082795594
2037.881958  744.983948  -2.546880729  4.435670198
963.858826  388.247223  -4.454128065  3.796395058
1747.035522  677.78241  -3.079454563  4.310253586
1497.571655  521.357422  -3.526945542  4.032909392
1651.557617  985.040527  -3.241773379  4.861146209
2184.501221  919.480103  -2.264845524  4.755284027
2184.501221  919.480103  -2.264845524  4.755284027
1698.555542  1443.238281  -3.138684766  5.720321184
1130.205078  389.29483  -4.16770292  3.800603924
1130.205078  389.29483  -4.16770292  3.800603924
1432.026245  693.920166  -3.642388988  4.333163515
1462.088501  531.426453  -3.589137705  4.050211554
1180.30188  384.712677  -4.080931087  3.79338575
1739.317871  126.247467  -3.10497722  3.352183176
1496.012451  711.303223  -3.528499521  4.365357115
1496.012451  711.303223  -3.528499521  4.365357115
1507.492798  73.952797  -3.512813732  3.265341487
1109.293945  524.098145  -4.205931405  4.03199409
942.646973  345.409546  -4.489502589  3.723060707
262.100098  585.90271  -5.671994678  4.118727089
1533.272949  492.985199  -3.464265385  3.983897032
2109.3479  101.920937  -2.451921007  3.307911646
1151.934692  533.944946  -4.132091399  4.049852694
1256.925659  1193.51416  -3.953881797  5.228190039
1082.920898  261.092712  -4.246835855  3.581753314
1674.119263  723.747314  -3.20973381  4.390653492
2210.336914  377.508698  -2.253903672  3.784675031
1033.954956  616.516907  -4.338926616  4.190418252
2028.766846  1243.76355  -2.529623961  5.356469024
1197.277954  8.3413  -4.046367552  3.153988248
1143.688721  419.479004  -4.144879227  3.85246237
2178.70166  983.828247  -2.271960429  4.873155719
1751.86438  897.301819  -3.06113481  4.705558239
1751.86438  897.301819  -3.06113481  4.705558239
1151.770752  15.192223  -4.124001508  3.166009503
1158.165527  265.823944  -4.117620593  3.590505293
1158.165527  265.823944  -4.117620593  3.590505293
576.857178  13.799449  -5.106750284  3.154544248
1666.782104  628.324585  -3.225596597  4.222020126
1125.762939  44.142944  -4.169383897  3.214760616
1125.762939  44.142944  -4.169383897  3.214760616
1591.345215  980.167053  -3.351231906  4.850528976
2072.162842  475.439148  -2.500620352  3.956249255
556.011047  121.294296  -5.146470749  3.335588153
1599.551392  701.085754  -3.343780006  4.34941061
500.571259  192.616577  -5.242054463  3.455412269
1537.430176  385.914917  -3.458837458  3.798438187
1241.595093  26.793919  -3.970845568  3.185839385
502.435883  330.853607  -5.244814426  3.689551939
1184.033203  453.475952  -4.07551916  3.911447543
2232.388672  532.127502  -2.202806359  4.057536081
729.542969  534.552246  -4.862409572  4.041846486
1079.476685  310.024811  -4.253777761  3.664819349
1333.877686  428.104889  -3.814445673  3.869694008
2058.901855  635.367126  -2.516575137  4.238986951
1457.307739  307.687195  -3.599333568  3.663719173
1179.098755  226.665298  -4.081051086  3.524118774
1521.546387  721.152832  -3.483070132  4.383196365
1152.855591  447.958954  -4.129434435  3.901426573
1468.786987  726.648315  -3.576806871  4.391773548
1619.80835  124.510971  -3.315929381  3.352661126
1574.092163  1075.436157  -3.380710509  5.023298285
1483.266846  722.480652  -3.551076217  4.384962205
2217.296631  536.119141  -2.23094598  4.064364937
1399.586792  1350.446045  -3.694347289  5.527815822
1537.958252  80.425797  -3.460125441  3.276286765
1875.870972  704.228943  -2.84554671  4.359616435
1304.15332  1247.870483  -3.868484946  5.331835243
636.063721  95.543503  -5.006821628  3.294007998
1554.581421  988.208923  -3.417894009  4.863586344
1841.494629  31.867529  -2.92884459  3.190823581
1164.971191  499.411865  -4.109194707  3.990236393
1917.578369  735.029663  -2.768043753  4.415435779
1569.259033  717.887146  -3.39256035  4.381179557
2186.966797  797.657654  -2.268494475  4.533381648
655.983337  318.875214  -4.980572982  3.672640909
2165.422119  1119.155762  -2.283801269  5.125780093
1137.734009  47.774887  -4.149026171  3.220955972
1133.929932  54.727905  -4.15579608  3.232651192
623.980164  382.83667  -5.037490216  3.780648513
1024.999268  589.012085  -4.353774416  4.142723511
1024.999268  589.012085  -4.353774416  4.142723511
362.395538  416.046387  -5.489960127  3.830934031
1654.119019  1286.461914  -3.225476598  5.421949163
2046.852539  418.561249  -2.547748718  3.856186009
1011.846863  493.726776  -4.374232141  3.977645686
2186.085205  596.985901  -2.282789283  4.173004459
663.13678  194.670776  -4.964164202  3.462119715
1660.415649  325.422882  -3.24243837  3.694487685
1087.235229  363.194366  -4.241451927  3.755437488
1576.958496  736.828308  -3.383411473  4.412344759
2041.608765  712.620911  -2.541999795  4.377469307
2041.608765  712.620911  -2.541999795  4.377469307
1429.541504  1461.638062  -3.637662052  5.741511895
1617.824463  1257.332886  -3.292726693  5.368214
1069.887207  36.883846  -4.264921611  3.202497232
1806.285034  723.078491  -2.971713013  4.391420526
2191.981445  560.821106  -2.275201385  4.108146228
508.774963  525.052429  -5.243633442  4.021077631
508.774963  525.052429  -5.243633442  4.021077631
1614.908691  850.811218  -3.312568426  4.61689648
1465.298218  637.487427  -3.583922775  4.234859966
1156.634644  467.308014  -4.123160519  3.934841712
1422.765259  1468.389282  -3.651097871  5.750947864
1562.221558  711.923035  -3.410152113  4.368207101
1234.524536  262.080902  -3.986019364  3.584696096
1601.7229  149.85968  -3.347619955  3.393633063
1601.7229  149.85968  -3.347619955  3.393633063
1760.360352  1377.283936  -3.025360291  5.598332579
1470.887939  1447.210815  -3.56201607  5.714691512
1470.887939  1447.210815  -3.56201607  5.714691512
1790.098999  608.414063  -3.004856567  4.188262077
1200.978394  324.113159  -4.044692575  3.690069853
1200.978394  324.113159  -4.044692575  3.690069853
1810.006104  1456.514526  -2.931619552  5.747847469
1450.182129  286.860657  -3.611735401  3.627909872
543.548279  215.512695  -5.169761436  3.494989604
1143.180054  446.079285  -4.146313207  3.898046251
2196.091309  197.366302  -2.292058158  3.471637226
1653.065674  730.0625  -3.246966309  4.401895271
1761.063721  872.87262  -3.044833029  4.661660491
1708.503906  237.514175  -3.157128518  3.543080527
1690.646362  228.16803  -3.18964808  3.527030355
1737.852417  444.223938  -3.102194257  3.900134927
1858.977295  711.369324  -2.8760653  4.37215419
1553.596558  645.41394  -3.426990887  4.250173333
2197.937256  966.265137  -2.235801915  4.841912671
2204.722412  442.432556  -2.259444597  3.898612503
934.840515  379.032013  -4.503745398  3.78020443
37.257515  320.68631  -6.04265969  3.661056215
1697.720947  291.944824  -3.176461258  3.636747889
1241.677856  820.672974  -3.978665463  4.552864141
1935.372437  450.902252  -2.749212007  3.912755602
2033.266846  502.417664  -2.570999405  4.003182281
1529.716309  715.010437  -3.468471328  4.373042734
1114.085938  255.075195  -4.193354574  3.571913288
1742.750732  1250.02124  -3.062424792  5.357497016
1381.760498  1330.783081  -3.727014849  5.490126793
2234.434082  418.873932  -2.20869528  3.857008584
2234.434082  418.873932  -2.20869528  3.857008584
1638.748779  1105.239502  -3.262645098  5.079621033
1638.748779  1105.239502  -3.262645098  5.079621033
1728.007935  498.387756  -3.118738034  3.994698351
1116.97998  582.877258  -4.193764569  4.133772375
458.03653  377.224945  -5.323348369  3.767307213
1159.264282  342.899567  -4.116852604  3.721693655
1159.264282  342.899567  -4.116852604  3.721693655
2027.852783  147.915771  -2.594129094  3.387041735
1134.526611  241.773743  -4.157925051  3.549521943
962.085083  310.265167  -4.455064053  3.663636681
2225.224854  527.205017  -2.216261178  4.048650421
56.228947  261.096741  -6.005430191  3.5602732
2216.152832  971.347534  -2.198504417  4.853552543
1543.878174  733.095215  -3.442716675  4.405057787
1170.41687  31.982229  -4.092850927  3.194423664
842.940491  570.042908  -4.668352183  4.105778368
1186.871704  667.858826  -4.072677198  4.283357683
1346.006836  751.487427  -3.794042948  4.433222292
2167.680176  134.55217  -2.346332428  3.363481721
1823.373901  1268.446777  -2.911979817  5.395087195
2227.755615  191.336578  -2.238307881  3.461421068
1392.326904  47.74625  -3.71211405  3.22106091
1392.326904  47.74625  -3.71211405  3.22106091
907.324402  333.567078  -4.549791778  3.702338607
2104.75  641.060242  -2.430500295  4.25031736
1723.087769  515.640381  -3.127072922  4.024950164
373.58017  106.073441  -5.454777601  3.306799118
1521.732544  730.078796  -3.482283143  4.399264964
1564.428345  776.118958  -3.404814185  4.482060892
1564.428345  776.118958  -3.404814185  4.482060892
277.013184  580.695679  -5.646473021  4.110375178
277.013184  580.695679  -5.646473021  4.110375178
2016.82666  671.956116  -2.590533142  4.303825016
1482.001465  577.227173  -3.554160175  4.129810915
1854.624634  719.791016  -2.8834832  4.387110056
1355.268799  743.892395  -3.77747617  4.419760097
1538.325195  1076.91272  -3.445922632  5.024092928
1478.140381  728.334167  -3.560234094  4.394806194
2119.852783  599.65564  -2.406538618  4.17641323
1635.220093  986.44696  -3.27144298  4.863326479
1090.001831  34.704479  -4.230441075  3.198817809
1749.151978  1341.517334  -3.048081985  5.528904575
1732.744385  412.124542  -3.112766115  3.844591181
2061.234619  419.493195  -2.521814067  3.857990765
1475.556152  739.245117  -3.564510036  4.414263997
1116.949951  546.641968  -4.192622584  4.071084923
1516.991333  1150.80896  -3.483306129  5.159534554
2188.745605  23.078859  -2.314795852  3.172662266
2094.841553  740.522156  -2.441971141  4.428718431
2094.841553  740.522156  -2.441971141  4.428718431
1162.082153  397.393555  -4.112502662  3.815246089
1114.837646  516.003601  -4.196432533  4.018158597
1633.128418  738.413391  -3.282400832  4.416395242
1069.07312  130.166122  -4.26801257  3.359773762
1069.07312  130.166122  -4.26801257  3.359773762
1181.000732  345.833557  -4.079370108  3.726934913
1739.359497  822.067627  -3.087044461  4.569130554
46.342136  630.725647  -6.048777608  4.190170162
1257.152954  101.866844  -3.94543891  3.312829946
1130.066895  260.270721  -4.165555948  3.580823752
2017.702637  133.679184  -2.612781843  3.362611131
1397.277222  494.270203  -3.70320617  3.984830143
1743.219238  21.124626  -3.101391268  3.173288683
1743.219238  21.124626  -3.101391268  3.173288683
2158.788818  1137.76355  -2.294501125  5.160106044
2158.788818  1137.76355  -2.294501125  5.160106044
1676.938843  165.853729  -3.214545745  3.420240805
1532.29541  308.921021  -3.469004321  3.665339431
254.155014  38.002361  -5.656852882  3.189221952
254.155014  38.002361  -5.656852882  3.189221952
2213.134521  369.935913  -2.247721755  3.771656018
1429.854126  1434.526001  -3.637545053  5.689664897
2082.915771  1228.862915  -2.428780318  5.330578909
1497.518188  546.446716  -3.527542534  4.076390465
1470.148804  282.758759  -3.577423862  3.620809562
1483.78833  461.462372  -3.551718208  3.928716508
1212.101318  104.413284  -4.02276687  3.316977134
1413.350708  1037.769043  -3.671797592  4.949883123
1633.938599  709.461121  -3.279810867  4.364306912
1085.089355  235.449539  -4.24273391  3.538320054
1085.089355  235.449539  -4.24273391  3.538320054
422.220734  225.721008  -5.377752637  3.509546058
1492.286377  555.23053  -3.536115418  4.091997351
930.742126  385.629761  -4.510899302  3.791387885
378.199005  275.855621  -5.45560059  3.593912243
85.936516  263.210938  -5.954875871  3.564978971
2205.993652  311.05722  -2.266511502  3.668915744
314.358032  559.453369  -5.579601921  4.074313852
2186.538086  865.989502  -2.264988522  4.657491193
2186.538086  865.989502  -2.264988522  4.657491193
1660.772095  1062.238525  -3.222798634  5.002575844
1614.647827  1048.71582  -3.307664492  4.976027824
2192.348877  260.435059  -2.293617137  3.580741071
1124.019775  584.953918  -4.181583733  4.137639088
396.21106  321.210907  -5.427284971  3.670615478
2096.411133  731.674805  -2.439633172  4.4126632
1676.813965  592.058411  -3.208103832  4.158339891
1176.908569  676.078247  -4.090705956  4.297027138
1450.92395  227.878326  -3.61249739  3.528332485
1137.681519  458.762177  -4.156122075  3.91974663
2088.179443  322.702057  -2.477233666  3.689090381
877.68689  609.164734  -4.609349977  4.173836934
2230.7229  355.762848  -2.219738131  3.746621935
1449.588135  696.871765  -3.611118409  4.338786887
1449.588135  696.871765  -3.61101641  4.339004315
2192.566895  1107.036255  -2.232737956  5.104920109
2133.817139  543.672729  -2.384973908  4.077328064
1789.429932  111.175652  -3.01796639  3.326168002
650.722656  628.19397  -5.00227269  4.20123954
1484.137085  704.814026  -3.549819234  4.353671106
1826.610474  353.561218  -2.946308355  3.743143716
711.829163  480.716064  -4.890858189  3.949576103
1175.945679  219.012802  -4.086424013  3.511068701
1159.812866  430.839508  -4.117306598  3.872084393
1877.006104  718.314575  -2.842820747  4.384926068
2182.03125  280.443726  -2.310707907  3.615356081
714.978027  519.909363  -4.887436235  4.016837419
1680.931396  1206.974854  -3.179101222  5.273997831
1142.94519  243.648163  -4.143624244  3.552735822
1056.633911  202.440536  -4.290735264  3.482048646
1677.750854  508.201904  -3.210099805  4.012203626
1435.550659  766.23877  -3.635400082  4.461162641
1144.408569  348.879639  -4.142665256  3.73172832
1225.508545  214.853302  -4.000851165  3.504351696
2137.186523  683.056519  -2.367953137  4.32608876
1610.38269  1141.714355  -3.311833436  5.148401977
1108.820679  72.348  -4.198722502  3.262239012
1850.181885  714.459717  -2.891806088  4.377605787
1505.581909  467.653992  -3.513331725  3.939705681
1144.650146  412.593048  -4.143452246  3.840668484
2221.879639  1038.351807  -2.183543618  4.976924591
1092.263428  254.991745  -4.230582073  3.571465901
1181.718994  101.6716  -4.074670171  3.312194191
1104.466064  372.786804  -4.211842326  3.772036318
1754.734009  90.197861  -3.079497562  3.290678209
2151.995361  1353.674438  -2.290480179  5.569639379
2151.68042  189.966599  -2.371250093  3.458943316
2078.266846  549.401184  -2.486777538  4.087197689
1750.017944  103.526077  -3.087470455  3.313495418
2107.957031  409.765228  -2.436799211  3.841235743
1039.148438  27.044165  -4.31704591  3.185529251
1974.12854  1405.018311  -2.624266688  5.659184797
1974.12854  1405.018311  -2.624266688  5.659184797
957.194214  318.823334  -4.463660937  3.678099861
1511.759766  1087.198608  -3.493820987  5.042701446
2088.484619  429.756256  -2.471143748  3.876325129
723.968262  170.275696  -4.858547624  3.422356558
1696.707764  163.625183  -3.180043209  3.416165563
1692.978882  528.37854  -3.180488203  4.046986973
1692.978882  528.37854  -3.180509203  4.046994536
1008.072693  266.870758  -4.375255127  3.590663847
1982.807007  110.624214  -2.675337001  3.323533136
1482.220825  132.894165  -3.556259147  3.365396156
1140.203857  307.93222  -4.149381166  3.661942143
1371.993774  1387.183838  -3.744611613  5.596225513
85.254463  217.3181  -5.953566889  3.4891806
1057.139771  257.100098  -4.291084259  3.574672076
2072.472656  698.999756  -2.485042561  4.353984942
1624.991211  724.559998  -3.297463629  4.391620366
1816.409912  583.326538  -2.958283193  4.144455231
2125.436768  510.388336  -2.401317688  4.018450902
1471.640869  324.782684  -3.574371903  3.693067016
1684.005127  327.864685  -3.200675932  3.698746788
67.314911  27.311996  -5.973353623  3.167889281
1098.07373  129.024994  -4.218458237  3.35811356
2227.768555  1270.503296  -2.151146054  5.415516943
1111.835693  353.28183  -4.1989095  3.738849121
757.089844  140.03331  -4.801307394  3.371999206
2018.812744  1082.555054  -2.560770542  5.052437086
1236.533936  700.117493  -3.986665356  4.340459794
1236.533936  700.117493  -3.986665356  4.340459794
1864.636108  717.231934  -2.864992449  4.382917755
1286.604614  748.997009  -3.898784538  4.427599237
2100.071533  380.963715  -2.452675997  3.790789873
1183.720947  61.340054  -4.070194232  3.243987209
1014.420105  479.227478  -4.369332206  3.952680363
2085.43457  742.258911  -2.459356907  4.431554563
61.244297  617.994446  -6.022053968  4.168714622
61.244297  617.994446  -6.022053968  4.168714622
1822.981201  50.503918  -2.960723161  3.222614666
1454.968262  719.944763  -3.601208542  4.379860454
1616.033813  525.148132  -3.317701357  4.040578584
1523.609497  983.85376  -3.473979254  4.854673261
1192.759399  309.393738  -4.058769385  3.665018248
2181.609863  757.611145  -2.280926308  4.460856899
1676.124023  1014.804138  -3.195910996  4.916482407
1473.771973  16.846033  -3.571801938  3.16903413
1933.838745  443.434753  -2.752000969  3.899693553
149.243622  446.660431  -5.857913176  3.877725541
375.580536  286.456024  -5.461003517  3.611189204
1145.536011  97.820572  -4.136416341  3.305566582
1919.102783  722.993408  -2.765993781  4.393743428
941.165161  381.983307  -4.493016542  3.785338961
2066.671387  1081.460938  -2.471395745  5.05208056
2025.526978  42.873245  -2.603201971  3.207608601
1652.059937  710.302185  -3.249261278  4.366946225
563.864319  113.134666  -5.131509951  3.322197619
563.864319  113.134666  -5.131509951  3.322197619
1183.868774  656.40387  -4.078173124  4.262941592
1681.105957  141.164276  -3.20824283  3.378207968
1208.277222  866.313416  -4.037974665  4.633407688
1847.814941  439.288116  -2.90725388  3.892154387
2181.401367  242.7323  -2.314388858  3.549971483
591.969604  415.081207  -5.093950456  3.835055555
1467.992798  734.138733  -3.578197852  4.405098585
1575.463379  1355.010254  -3.37024165  5.54595491
1225.270874  417.808655  -4.003394131  3.850707799
422.864929  188.324203  -5.374861676  3.446360416
1167.081787  96.449059  -4.099487837  3.303265033
1768.097412  873.192139  -3.03286419  4.661959089
562.194519  466.548126  -5.147749732  3.921970042
2199.412598  293.84198  -2.279097333  3.638727989
1082.064697  108.94838  -4.245385874  3.32404694
1082.064697  108.94838  -4.245385874  3.32404694
1977.848877  644.605652  -2.663821156  4.254397858
1715.947021  252.36937  -3.144107693  3.568714672
1129.282715  355.136963  -4.168884904  3.742226569
968.943665  208.081879  -4.440917243  3.490694051
1070.417236  313.048248  -4.269010556  3.669835901
1610.912231  1120.730469  -3.312668425  5.107709428
308.829773  287.295746  -5.575444977  3.611103074
908.798462  510.213165  -4.552498742  4.004184372
908.798462  510.213165  -4.552498742  4.004184372
1847.994263  815.95343  -2.891380094  4.559348711
536.739685  663.575867  -5.201633007  4.259562473
536.739685  663.575867  -5.201633007  4.259562473
502.187317  14.876721  -5.232200596  3.15555749
738.665405  148.679382  -4.832650972  3.386195144
1251.608032  18.870066  -3.953491802  3.172299798
2207.405029  1037.739014  -2.211081248  4.975343295
2182.842529  1235.203003  -2.239272868  5.346685834
1562.872192  718.712585  -3.408693133  4.37992823
512.398254  176.02182  -5.221401741  3.427460806
1452.04541  864.875793  -3.604551497  4.637835786
1469.370972  76.471451  -3.578706845  3.269757847
28.521631  296.263733  -6.055929512  3.619460624
28.521631  296.263733  -6.055929512  3.619460624
415.238586  527.616699  -5.403712288  4.022666699
1615.426636  764.421814  -3.313339416  4.462615939
938.863892  620.670959  -4.503884396  4.195371914
2214.977295  31.296719  -2.267930483  3.186582419
1210.213989  498.169647  -4.030128771  3.988927027
2011.824341  1236.041504  -2.562886514  5.340345256
1687.425415  551.272827  -3.190110074  4.086559556
955.575378  62.287975  -4.460032986  3.244218262
2205.201416  885.696533  -2.22878401  4.693732158
1139.544556  510.233368  -4.153312113  4.00850931
719.734741  499.75589  -4.878047361  3.982455176
485.726318  125.624084  -5.264123166  3.342154299
485.726318  125.624084  -5.264123166  3.342154299
2213.282227  1287.825806  -2.176865708  5.448576773
1141.293945  625.645996  -4.152224128  4.208499742
2102.899658  740.008545  -2.427005342  4.427904272
2095.171875  93.278236  -2.477117668  3.293279835
628.090271  543.816772  -5.037228219  4.05576937
2049.943115  566.993958  -2.538198846  4.117474423
2053.679688  503.058289  -2.533208913  4.004809551
2053.679688  503.058289  -2.533326912  4.004723403
2102.305908  773.081177  -2.425801359  4.487730663
1691.860596  326.5513  -3.186740119  3.696442024
1766.164063  165.019089  -3.056297875  3.418782493
1766.164063  165.019089  -3.056297875  3.418782493
1734.701172  166.697083  -3.11314511  3.421235114
834.659241  615.799805  -4.684013972  4.184354078
1142.483276  231.569641  -4.143969239  3.532281622
1655.499146  1178.758545  -3.229380546  5.216182195
2063.696045  412.404236  -2.517284128  3.845775437
2063.696045  412.404236  -2.517284128  3.845775437
1082.174438  35.600441  -4.243749896  3.200237129
1082.174438  35.600441  -4.243749896  3.200237129
1139.043579  236.437241  -4.150236155  3.540409166
1635.017822  238.388824  -3.288106755  3.544859474
1422.78479  691.842468  -3.65860777  4.329526052
2177.796143  1027.684204  -2.268560474  4.955136473
1799.17981  725.300171  -2.983353856  4.396310572
2110.2146  873.610535  -2.406412619  4.669223519
2114.228516  595.947388  -2.41679048  4.169861997
1519.723267  695.014282  -3.486777082  4.336762502
929.918335  280.224304  -4.509658318  3.612015648
2009.669922  42.332375  -2.630251607  3.20666002
1219.736328  238.097504  -4.011293024  3.543785077
1068.046509  44.789089  -4.268342565  3.215497536
1741.107422  297.197021  -3.099256297  3.645721046
571.090698  507.344818  -5.134465911  3.991960783
2109.28125  767.575684  -2.413362526  4.477821535
1812.075928  849.195496  -2.954740241  4.619001153
1706.367798  1023.201477  -3.140029748  4.933397159
2190.694824  386.669983  -2.287990213  3.800881243
2130.175293  539.011108  -2.392424808  4.068567785
1097.065552  31.175787  -4.218018243  3.19299698
1097.534912  399.467651  -4.224357157  3.817560472
2017.259766  595.392944  -2.596316064  4.167237931
2086.248535  811.077393  -2.453441987  4.556176899
2035.151001  681.871399  -2.557716583  4.321634034
1320.03125  437.98703  -3.838674347  3.886533485
1320.03125  437.98703  -3.838674347  3.886533485
2191.576904  142.798111  -2.303804  3.377704171
91.316895  242.474426  -5.943876019  3.530157557
2013.28125  259.966797  -2.61521881  3.580338057
1070.181885  332.790985  -4.270088542  3.703429534
1549.958984  270.83551  -3.437633743  3.600667008
988.054016  373.049561  -4.412104631  3.770838153
1102.49939  518.900208  -4.217587248  4.022882013
1703.069946  583.338745  -3.161307462  4.143214495
1877.140381  455.76355  -2.853702601  3.921109308
1877.140381  455.76355  -2.853702601  3.921109308
1469.761841  334.415131  -3.57762186  3.709229246
1433.598511  1071.842407  -3.634975088  5.012337191
444.507996  359.086639  -5.345716068  3.736133124
2056.192627  1255.232422  -2.477489663  5.379065612
1593.253174  750.996582  -3.353993869  4.437701253
1891.2677  706.839539  -2.817465088  4.364492186
1231.916016  649.822876  -3.994243254  4.252271683
1338.725708  1221.571533  -3.805997787  5.283317958
2010.494507  336.243195  -2.618549765  3.713550435
2114.211914  176.90271  -2.438597186  3.436485006
1673.578125  1072.971436  -3.199509948  5.022015946
889.861816  305.905579  -4.578958386  3.655094971
899.420532  583.812256  -4.571048492  4.130690171
1347.217407  519.943237  -3.791215986  4.02864115
1585.448853  1140.806396  -3.358244812  5.144296093
1502.164917  1029.045288  -3.512240739  4.93604523
1502.164917  1029.045288  -3.512240739  4.93604523
1535.280884  1026.360596  -3.452675541  4.93165392
2226.653809  1226.13916  -2.155846991  5.33185619
1205.070801  77.296921  -4.033976719  3.270928318
1205.070801  77.296921  -4.033976719  3.270928318
2074.822754  532.412598  -2.49406944  4.056484797
10.329045  405.192444  -6.094271996  3.803737764
1527.791992  320.735687  -3.476135225  3.68613656
1442.283936  722.779663  -3.623754239  4.384513285
1442.283936  722.779663  -3.623754239  4.384513285
453.309998  327.599182  -5.32926929  3.682849747
453.309998  327.599182  -5.32926929  3.682849747
1133.890625  312.232452  -4.160138021  3.669173466
2239.685547  399.467865  -2.200448391  3.823203609
1712.927246  1316.233887  -3.115627076  5.480765326
1642.119019  721.374878  -3.266741043  4.386416145
1637.471191  24.952156  -3.285369792  3.180400683
644.289978  225.761063  -4.997607752  3.514317722
892.003845  510.788239  -4.581135356  4.004842365
1983.181152  590.200378  -2.658186232  4.157742187
1825.262817  626.059326  -2.940810429  4.219970017
909.045532  449.99707  -4.550200773  3.9010761
1407.086548  515.955078  -3.6861094  4.022598705
1844.117432  443.916412  -2.912743806  3.900621003
584.069824  264.040894  -5.102291344  3.577888855
946.704712  445.233368  -4.485301646  3.893517147
1537.214966  521.860596  -3.456907484  4.034285739
955.922913  299.740936  -4.465399914  3.645699289
955.922913  299.740936  -4.465399914  3.645699289
2232.767578  1047.937622  -2.162136906  4.995588067
1778.55835  974.673889  -3.010130496  4.846180234
975.135742  478.886627  -4.437183293  3.951644985
975.135742  478.886627  -4.437183293  3.951644985
1116.048706  575.742004  -4.195340548  4.121393828
1116.048706  575.742004  -4.195340548  4.121393828
1517.292358  1186.932495  -3.481822149  5.226661971
2219.446289  229.302231  -2.24733276  3.526894128
1130.899414  605.14679  -4.169450896  4.172210284
1130.899414  605.14679  -4.169450896  4.172210284
1730.812378  895.400513  -3.100279283  4.701142888
497.652985  219.299744  -5.248536376  3.500400133
2230.032715  1300.34436  -2.144184148  5.472794106
1625.970825  763.910217  -3.295026662  4.461341204
1115.009644  348.009369  -4.193265576  3.729897853
2038.983032  549.389709  -2.55871857  4.08617395
1671.699097  808.711914  -3.210176804  4.543717615
1437.392822  334.78775  -3.633839103  3.709999785
939.65332  110.109116  -4.4887456  3.324538731
1004.565369  307.224609  -4.382153034  3.659095754
1004.565369  307.224609  -4.382153034  3.659095754
1430.717285  651.499939  -3.644630958  4.258881415
1430.717285  651.499939  -3.644630958  4.258881415
973.265686  465.232513  -4.439997256  3.928140833
1331.17688  518.033752  -3.81913761  4.024865233
1977.987183  656.006165  -2.660464201  4.275600396
2034.989746  216.682388  -2.578864299  3.50571836
2089.701904  567.419922  -2.463637849  4.118834414
1702.065796  403.873474  -3.16808537  3.830130959
1210.092163  691.19574  -4.032924733  4.324269696
933.229248  342.841339  -4.505626373  3.718626023
2110.364258  370.977814  -2.434329244  3.773252898
1089.233765  219.801575  -4.234819016  3.511818705
1199.020264  508.967224  -4.049854505  4.007524478
1199.020264  508.967224  -4.049854505  4.007524478
1852.876953  65.242836  -2.907376878  3.247217292
2218.727051  411.701202  -2.2369039  3.844595294
1696.933838  509.199646  -3.173849293  4.013626467
2052.021729  337.242065  -2.541847797  3.71453758
2052.021729  337.242065  -2.541847797  3.71453758
2180.349365  1186.988403  -2.247735755  5.255776106
2180.349365  1186.988403  -2.247735755  5.255776106
1816.444092  566.682068  -2.958124196  4.115340487
1489.547363  875.737549  -3.537308402  4.658244287
2212.873535  397.94043  -2.247383759  3.820772592
582.001404  132.246658  -5.102259344  3.35455874
1092.800293  315.66748  -4.230740071  3.674560395
1092.800293  315.66748  -4.230740071  3.674560395
1746.798584  716.860901  -3.079036569  4.379711115
1744.115601  897.565735  -3.075350618  4.705985421
1527.82373  1168.003418  -3.462904403  5.191958464
261.170074  541.849487  -5.670187702  4.043078761
2186.185547  183.013535  -2.310114915  3.446786209
1478.895752  275.302216  -3.562049069  3.608234305
1064.064941  273.261169  -4.27918342  3.602218811
1064.064941  273.261169  -4.27918342  3.602218811
1710.068481  298.595825  -3.154339555  3.648269603
526.448975  71.905785  -5.193589115  3.252043914
1703.822021  1402.153687  -3.131577862  5.640078624
1703.822021  1402.153687  -3.131577862  5.640078624
1771.11377  581.82666  -3.0395301  4.141552615
1771.11377  581.82666  -3.0395301  4.141552615
1823.921509  646.996704  -2.94215741  4.257000025
2197.749268  497.830841  -2.269169466  3.996470464
2159.189209  1286.876465  -2.279740324  5.444277003
1708.087402  315.359131  -3.157576512  3.677101314
1064.78772  286.804474  -4.278445429  3.625113379
1684.723145  116.00248  -3.201840916  3.33519312
1379.047974  728.889648  -3.736061728  4.393333588
1504.182495  27.363415  -3.518405656  3.186351382
75.60247  257.147644  -5.971540647  3.554514113
2107.732422  174.473495  -2.449986033  3.432271748
1402.720947  1275.968506  -3.689290357  5.387797882
1620.64502  1050.572632  -3.296259646  4.979753337
2082.803223  530.487183  -2.479905631  4.053117538
1671.709717  752.349182  -3.21272177  4.441885859
2162.943604  47.44421  -2.359923245  3.21420861
1894.294922  1167.334229  -2.784280535  5.209600589
1525.55249  1363.664429  -3.462074414  5.56032381
359.478729  625.601501  -5.506205909  4.189333266
1716.603882  12.064565  -3.14805964  3.158418072
