966.240723  1116.939697  -2.353764328  7.803819339
945.013062  1271.088013  -2.399231716  8.090098393
261.885193  1258.370361  -3.658044778  8.040421797
951.185791  1411.277222  -2.393306796  8.351876503
431.464905  1285.108643  -3.348924937  8.097721577
282.803314  1278.826294  -3.62145227  8.080333493
816.131042  1403.900269  -2.643825425  8.331837625
684.912415  1442.924072  -2.888201137  8.40352045
655.089233  1302.457764  -2.937118478  8.138032414
221.853577  1332.850952  -3.736935716  8.179099366
907.228088  887.966553  -2.455013965  7.381143425
433.828613  1446.284546  -3.353217879  8.397162203
359.248779  834.994751  -3.458566462  7.270228091
738.014099  1473.324341  -2.791641436  8.459620134
848.223633  1291.064819  -2.579157295  8.120801783
1000.458862  1220.594604  -2.294680123  7.997808231
574.156433  890.61377  -3.065981744  7.377120435
574.156433  890.61377  -3.065981744  7.377120435
564.258179  1089.291504  -3.093528374  7.740266038
500.512329  822.001343  -3.198155966  7.250528162
810.766479  1182.661499  -2.643752426  7.921187116
317.517548  1450.137451  -3.568244986  8.400633071
177.933899  1409.383667  -3.82208957  8.318117287
1047.109131  1077.595947  -2.203339352  7.734563836
812.058716  1452.037476  -2.654264284  8.421992441
812.058716  1452.037476  -2.654264284  8.421992441
132.471466  1066.658203  -3.885209721  7.685533322
181.038712  1351.857422  -3.812089705  8.210623467
278.261078  1143.306274  -3.620910277  7.829632671
429.362579  1169.306763  -3.345147988  7.882764724
1040.224365  809.916687  -2.207755293  7.241784743
1067.998413  1189.560669  -2.16858882  7.942093066
238.101547  1109.956055  -3.693485301  7.767790405
1025.03772  1273.525635  -2.250863712  8.097887752
729.875732  1359.622314  -2.800931311  8.246110775
1041.415161  1221.991943  -2.218744145  8.002055571
826.68866  1066.363892  -2.609844882  7.706600203
241.295609  1173.082031  -3.690449341  7.883235689
814.276123  1469.120361  -2.650583334  8.455839109
210.405487  1240.916748  -3.751815516  8.007114205
468.349243  1218.251221  -3.275607924  7.973293062
451.987793  1149.976685  -3.302424563  7.847717919
1030.312744  921.436401  -2.229432001  7.446782294
731.89856  890.373718  -2.776406641  7.380211466
731.89856  890.373718  -2.776406641  7.380211466
604.267273  870.730286  -3.010321493  7.341956186
788.2146  1330.679443  -2.691843779  8.192019306
73.304352  1034.527832  -3.989910312  7.624020006
356.407532  1123.147705  -3.476959214  7.795687294
303.093414  1160.627441  -3.577004868  7.862827151
319.006317  1079.796143  -3.543288322  7.715401172
1020.491272  1060.824829  -2.252297693  7.702383471
227.729507  1105.624512  -3.711823054  7.758892357
257.801941  1335.359131  -3.671031603  8.184071225
1054.06958  1070.927124  -2.190307527  7.722196903
271.708649  1268.05957  -3.640570013  8.059215438
768.369202  1146.467773  -2.720690391  7.852221451
872.819824  1230.561768  -2.530913944  8.010131479
728.125061  1094.306396  -2.792300427  7.754693805
1008.041138  910.053711  -2.269769458  7.425519881
407.575348  1324.160522  -3.394548323  8.169453237
367.27948  1100.301514  -3.455925497  7.754012745
322.052826  1475.367798  -3.561812072  8.447873372
778.35614  1118.914673  -2.70067666  7.801481343
156.333389  1421.201904  -3.862134031  8.338513181
471.734467  1344.799927  -3.277602897  8.209531399
328.022064  914.314148  -3.519390643  7.414194725
328.022064  914.314148  -3.519390643  7.414194725
94.387566  1273.245728  -3.967251617  8.06334819
429.341156  1178.332031  -3.346288972  7.898855695
165.125275  1351.483887  -3.841545308  8.20987739
850.010986  1459.839233  -2.583185241  8.440335257
4.712661  1093.240601  -4.1171666  7.727667495
433.437286  1128.407471  -3.335685115  7.807897031
209.802612  884.808411  -3.733893757  7.357058771
192.442612  1348.981689  -3.790374997  8.204746757
963.093811  1203.30957  -2.363203201  7.964900556
963.093811  1203.30957  -2.363203201  7.964900556
840.844604  1088.00354  -2.584458224  7.746265536
375.921173  871.407349  -3.429756849  7.337321945
421.973511  1399.998901  -3.372951614  8.311407223
421.973511  1399.998901  -3.372951614  8.311407223
546.487671  825.353516  -3.114514091  7.258024705
1038.190552  1493.143188  -2.234135938  8.510818155
549.049561  874.99646  -3.111704129  7.34809024
735.129272  1180.179077  -2.783469546  7.913216818
752.615051  1084.22583  -2.74674304  7.736788286
752.615051  1084.22583  -2.74674304  7.736788286
717.18042  1335.074341  -2.823700004  8.200534638
2067.510742  1103.033081  -0.260596493  7.826571265
1001.594177  1172.474365  -2.290775175  7.909231931
318.216125  1434.078979  -3.56946097  8.374632936
1572.439453  1493.699585  -1.2261985  8.539680266
773.559937  1194.957031  -2.713659485  7.942313705
1819.00708  1247.495117  -0.745784965  8.089761953
1368.75293  1071.126343  -1.605172401  7.733368746
1232.597168  873.535889  -1.85422705  7.363275167
1501.667725  1071.820435  -1.355324763  7.739497202
1600.091064  1036.821167  -1.169281266  7.677983572
1398.137573  1124.892578  -1.550826132  7.834953866
589.223022  890.177734  -3.038213118  7.376949652
1039.039063  1424.436646  -2.229861995  8.385118438
1040.53833  1268.459473  -2.222463095  8.087525597
1397.605591  1438.855835  -1.556996049  8.427749198
1015.03186  1272.760864  -2.269173466  8.096584761
1011.032837  1359.132446  -2.278709338  8.303341043
1508.794189  1035.603882  -1.342313938  7.671308467
1238.563232  845.452881  -1.842815203  7.311471552
822.966309  1449.61792  -2.632913572  8.418032656
1952.222412  1286.754028  -0.485658465  8.172193441
1599.219238  1280.911621  -1.172178227  8.137658381
925.096985  1193.215088  -2.433376257  7.944516033
221.257019  1388.696899  -3.743742624  8.28304815
1865.63562  929.091736  -0.656568165  7.487938861
1865.63562  929.091736  -0.656568165  7.487938861
195.9189  1341.434204  -3.784531076  8.192513711
1569.855469  1158.315308  -1.226710493  7.905064646
985.787231  1381.922485  -2.32758668  8.297399598
93.517006  1268.481323  -3.967283616  8.053832815
2020.785889  1318.649536  -0.35223126  8.236242641
201.066833  1451.100464  -3.783386091  8.397734662
453.227478  1226.991089  -3.303823544  7.989667658
361.10849  1305.297363  -3.478193198  8.131566971
2071.672607  1157.039429  -0.254385577  7.928438646
481.471924  1373.720703  -3.260195131  8.261311907
1850.397705  965.95459  -0.687469749  7.556012904
1869.303955  1379.283813  -0.647595286  8.344727414
982.624084  916.417542  -2.316956823  7.434739423
2087.210693  1456.869263  -0.219616045  8.50716028
1961.362427  865.616211  -0.472537642  7.370855217
518.71991  1278.909058  -3.185727133  8.088277298
2068.550049  1269.989136  -0.256859544  8.146615546
1022.377747  1159.741577  -2.252148695  7.886213642
773.889648  947.252563  -2.701568648  7.485328345
87.65007  979.111816  -3.96032171  7.523442568
1693.498779  1274.114136  -0.989042691  8.132979139
1457.593384  841.938843  -1.434846693  7.311097765
1300.692505  1318.262451  -1.737356622  8.193287654
1300.692505  1318.262451  -1.737356622  8.193287654
900.038879  1080.063354  -2.474816699  7.733453878
2024.097412  1286.092773  -0.345271354  8.17432554
2073.80249  1344.407227  -0.245666694  8.290615042
1869.537231  889.384583  -0.650086252  7.412892696
1498.877075  1347.139282  -1.362494666  8.260217196
1746.979858  1481.169189  -0.884672096  8.533860807
437.065247  1218.48938  -3.334034137  7.974063977
172.680664  1129.796509  -3.814574671  7.802270349
1579.479858  1135.339111  -1.207943746  7.862989969
1908.861206  1358.257935  -0.57000933  8.307223815
830.757629  1431.336182  -2.618525765  8.385659891
1991.801147  1274.644043  -0.407415518  8.151659605
2025.984009  1421.122314  -0.340512418  8.43445274
1186.403687  1268.177979  -1.95003976  8.096571528
1167.701172  1287.052734  -1.985570282  8.13128343
1437.751099  1182.912354  -1.477124124  7.945462061
1594.493652  1152.568115  -1.179342131  7.896199078
525.651367  1072.40332  -3.16362143  7.708590997
977.833252  1347.60437  -2.341088498  8.234140224
1266.854736  1463.441528  -1.804145723  8.467134858
1246.218018  841.443237  -1.828836391  7.304378976
1934.635376  895.215149  -0.525513929  7.425283129
1934.635376  895.215149  -0.525513929  7.425283129
1817.961914  1312.536987  -0.749412916  8.212478028
728.317383  1440.567505  -2.808619207  8.397914319
774.847412  846.093689  -2.695568729  7.30047778
369.863312  1106.101196  -3.450791566  7.764305156
1946.955078  916.422363  -0.49938228  7.466708095
143.311279  1448.578857  -3.889486663  8.391208082
1605.978394  1153.672974  -1.157060431  7.899132685
2052.01001  1123.962769  -0.291661075  7.865334265
2052.01001  1123.962769  -0.291661075  7.865334265
800.688843  896.453857  -2.650481335  7.39270321
1606.359619  1033.176025  -1.156918433  7.671221634
1012.423645  1481.466675  -2.282092292  8.519130679
1177.482056  981.944763  -1.959131638  7.562711645
1906.509521  1057.748291  -0.577345231  7.732025155
1143.464844  1280.05188  -2.030402679  8.116037293
1631.995728  936.297058  -1.108762081  7.490912431
427.547302  1095.625122  -3.344735993  7.747401817
315.331055  1059.996826  -3.548061257  7.678229031
1488.861572  1105.85022  -1.379501437  7.803694169
1275.036133  1195.164673  -1.782169019  7.963197499
1524.92749  898.521667  -1.30947638  7.417646397
1759.317261  1104.797119  -0.864089373  7.812876362
1670.239624  1319.302124  -1.032010113  8.219819172
1670.239624  1319.302124  -1.032010113  8.219819172
1841.835938  916.770996  -0.704727517  7.462822203
1783.025391  902.522217  -0.818824982  7.433601677
1986.988525  1485.214355  -0.417259385  8.555343869
2018.692871  1309.096069  -0.35600721  8.218010086
1386.098999  1138.879395  -1.573740824  7.861003323
2109.023926  911.005432  -0.179314587  7.463335267
803.762146  1357.683838  -2.664335149  8.245138547
934.093872  1130.907593  -2.414118516  7.828209329
1055.658081  1215.123535  -2.192125503  7.990169677
189.499268  1409.917969  -3.801033853  8.319519481
1392.258179  1305.392456  -1.564476948  8.174219712
1498.050659  1212.018921  -1.363413654  8.003153316
1855.344482  959.863037  -0.677650882  7.54467773
1855.344482  959.863037  -0.677650882  7.54467773
1857.627808  1451.281738  -0.667650016  8.483880545
1045.129639  1179.937134  -2.210313258  7.92456698
710.975098  870.856506  -2.814315131  7.344431782
710.975098  870.856506  -2.814315131  7.344431782
1152.33606  1007.460754  -2.006393002  7.60888304
1431.64209  845.003845  -1.483266041  7.316331512
1925.451782  966.584534  -0.541269717  7.560391877
1925.451782  966.584534  -0.541269717  7.560391877
1911.477295  905.772217  -0.568453351  7.445256903
1707.983032  1323.773315  -0.96018408  8.228785418
1707.983032  1323.773315  -0.96018408  8.228785418
1892.283936  1058.664429  -0.604445867  7.733766245
1442.619263  956.428589  -1.464897288  7.52252186
456.492004  1357.024292  -3.307176499  8.233006962
950.133118  1396.457031  -2.394623778  8.323651944
1412.719116  1111.223877  -1.523249503  7.809683112
980.443665  1191.850342  -2.330394642  7.943382713
1265.672974  1162.674805  -1.798979793  7.902377239
331.265747  1198.468994  -3.528312523  7.934312344
897.080261  1162.069214  -2.482878591  7.885165914
897.080261  1162.069214  -2.482878591  7.885165914
539.580627  1079.888062  -3.138148773  7.722149393
485.849609  1174.350464  -3.240890391  7.893079214
2074.902588  1375.379517  -0.242924731  8.35045742
1300.067017  1288.807129  -1.737921615  8.139111082
1224.036865  1082.214844  -1.874623775  7.749818456
213.398621  1130.172974  -3.741916649  7.805453176
2022.212646  1050.989624  -0.351149275  7.724736755
1964.581543  1028.940552  -0.463518763  7.680601571
406.798218  893.672546  -3.3740006  7.378537159
1451.835083  1097.542236  -1.450275485  7.785011
1451.835083  1097.542236  -1.450275485  7.785011
1776.595947  1174.063721  -0.828191856  7.94717487
1776.595947  1174.063721  -0.828191856  7.94717487
1975.892212  1214.108154  -0.440371074  8.033956028
77.797508  980.612305  -3.979098457  7.525861796
1290.286133  1066.563843  -1.751293435  7.723028047
957.119141  1472.672729  -2.384707911  8.469479139
192.378906  1292.927124  -3.786309052  8.101237896
2047.255981  1117.880981  -0.29945997  7.854518834
1853.387085  1053.783936  -0.680295846  7.722615353
2033.711914  1081.178711  -0.328111585  7.782865393
806.415222  1361.103027  -2.65978421  8.248061991
476.141846  1330.966553  -3.268744016  8.18431409
1646.626343  1102.940186  -1.079359476  7.805406891
1256.880371  1307.411377  -1.818839526  8.173137052
323.101837  1042.915039  -3.532728464  7.646973275
783.539673  1391.249023  -2.703093627  8.307149958
58.76387  1259.909424  -4.029848775  8.036352301
945.882751  1198.657349  -2.395060772  7.955995171
945.882751  1198.657349  -2.395060772  7.955995171
1965.239136  1149.68689  -0.462295779  7.909785734
1960.255737  1112.757935  -0.473237632  7.83873979
2136.384277  928.40979  -0.124482325  7.497543399
2136.384277  928.40979  -0.124482325  7.497543399
1962.4729  1111.790894  -0.468877691  7.837529999
1895.763428  896.27948  -0.599695931  7.426743656
363.011322  1011.936279  -3.458926457  7.592119153
1295.838989  1166.556519  -1.742933547  7.910237656
1295.838989  1166.556519  -1.742933547  7.910237656
958.980652  839.39502  -2.357866273  7.293306601
927.668945  896.540344  -2.416940478  7.396806962
1031.623047  1323.952515  -2.240311854  8.19356981
1857.752075  1216.528687  -0.670745974  8.03259834
1326.154541  1069.671753  -1.684376335  7.72967506
1326.154541  1069.671753  -1.684376335  7.72967506
1264.846069  1035.926636  -1.798006806  7.664992019
1599.928101  1333.091064  -1.170220254  8.237736585
1599.928101  1333.091064  -1.170220254  8.237736585
2088.36084  1145.412354  -0.219121052  7.908520165
1003.73468  1374.496338  -2.29411513  8.286718173
1836.300659  1434.890747  -0.712386414  8.448726592
401.179199  1345.582275  -3.40890713  8.209616603
891.020752  1036.103882  -2.489769498  7.652012223
1583.832397  1069.379761  -1.200384848  7.738721379
1144.983521  1011.914429  -2.019589824  7.617030367
1885.793579  1377.26123  -0.615927712  8.341277542
1037.810059  925.941345  -2.215821184  7.454534237
59.375435  989.314819  -4.014653979  7.541661021
836.929443  1333.364014  -2.601718991  8.199566343
880.146362  934.299438  -2.506209277  7.464377246
840.064514  1133.677612  -2.58773818  7.83096163
1526.609497  1168.873901  -1.308465393  7.923859367
1257.6698  1070.489502  -1.812057617  7.729015517
847.95166  1066.793335  -2.570453412  7.7069822
1006.247009  1216.25  -2.284190264  7.99063236
1615.51123  1383.880859  -1.139186671  8.33784292
1355.294189  1266.995972  -1.63349102  8.100476375
1801.916992  1374.292603  -0.778173529  8.33253807
332.736481  1179.18396  -3.52406258  7.898575661
1351.339966  1038.047607  -1.637057972  7.671148877
1373.748535  1021.804749  -1.595200535  7.641109626
439.737823  1122.147217  -3.323854274  7.796716568
2037.301514  1324.190796  -0.318683712  8.248568282
1525.466675  1252.835327  -1.31167635  8.081649842
1905.137939  1022.169495  -0.581334178  7.664309207
905.205627  1038.78833  -2.463942845  7.657315458
480.745087  1170.037964  -3.25061426  7.885389882
1346.425049  1182.086548  -1.648540817  7.940496528
971.117676  1108.551636  -2.344905447  7.789037588
794.881592  1362.535156  -2.681166922  8.252725802
1592.057617  1157.984497  -1.183762071  7.90652087
1008.873779  1370.761475  -2.284540259  8.277884022
679.410095  1029.713013  -2.878676265  7.634560871
1275.876831  1119.593628  -1.778860064  7.821177346
811.843079  1346.657227  -2.648906356  8.224088623
956.042664  931.980286  -2.366435157  7.462536877
333.294464  914.497986  -3.509706774  7.414575099
1864.745239  1283.300659  -0.656747163  8.160530908
391.76004  912.014526  -3.402882211  7.412035917
949.377441  935.912659  -2.37886199  7.469499034
823.457397  868.987366  -2.60780391  7.343513221
1363.981323  1323.296387  -1.618039228  8.206935743
905.728882  944.336609  -2.459428906  7.483674812
761.254333  1108.100342  -2.731799241  7.78078555
1741.987305  1462.13916  -0.894368965  8.496889392
1487.575073  1258.171387  -1.384029377  8.089148206
499.079712  1147.303345  -3.21568173  7.844194509
1870.97522  1107.525879  -0.647400289  7.824235509
1870.97522  1107.525879  -0.647400289  7.824235509
538.492249  1479.624146  -3.162480446  8.464627446
1021.834045  1054.850098  -2.249011737  7.692216477
1934.9646  1125.192139  -0.521818978  7.861589669
1417.3479  1070.010498  -1.513889629  7.73298242
482.671082  1473.720337  -3.265381061  8.451067618
485.157104  1464.233398  -3.274059944  8.457781484
488.789093  1443.785522  -3.252715232  8.396025336
488.789093  1443.785522  -3.252715232  8.396025336
432.062866  1107.449707  -3.336620103  7.768845609
780.323364  1075.00647  -2.695359731  7.720733902
959.922913  1038.886963  -2.362389212  7.657731776
179.859482  1174.970215  -3.802350836  7.883964295
1343.46228  1429.664429  -1.658702681  8.407578713
2031.359863  1293.140137  -0.331070545  8.188373414
329.691742  1029.71228  -3.520119633  7.623524622
1477.474731  1204.351929  -1.402165133  7.987957578
1950.845703  1193.645874  -0.489331416  7.993632025
939.972107  1191.583008  -2.405466632  7.942368025
1029.561768  938.382446  -2.231215977  7.477409219
1439.640625  1003.150269  -1.471659197  7.608783574
723.022888  1463.146973  -2.818971068  8.439311742
1056.888062  1207.89624  -2.189473539  7.976815305
1382.434692  1212.75061  -1.581693717  7.999118952
77.112122  1329.160889  -4.002073148  8.165759956
1018.09314  942.792664  -2.252844686  7.48454454
1666.737915  870.989929  -1.040635997  7.370926204
1051.595825  1034.888916  -2.193865479  7.655824554
1510.977661  1165.41626  -1.338211993  7.916109122
699.958374  1466.919556  -2.861822491  8.44487534
41.268871  1238.169067  -4.060803358  7.995911899
1038.668945  1313.226074  -2.226829036  8.172937781
485.157104  1464.233398  -3.26099712  8.434973436
942.702271  1240.111816  -2.402574671  8.031140338
363.822906  1122.261963  -3.462863404  7.793790945
1029.706299  892.250122  -2.229733997  7.3928846
375.932129  1130.647583  -3.441647689  7.810279641
68.47084  1485.059326  -4.028478793  8.45518675
1128.576538  1299.103149  -2.058811297  8.151605846
489.242737  1416.195801  -3.256852176  8.358363565
474.121582  856.569641  -3.248687286  7.312896374
300.091217  893.143677  -3.569511969  7.374484487
2015.721191  942.496399  -0.365021088  7.518376445
1509.320435  898.225464  -1.338927983  7.416864826
2091.63623  1438.405273  -0.212642139  8.469372779
1830.096191  1198.453003  -0.725428239  7.995993977
1830.096191  1198.453003  -0.725428239  7.995993977
1461.643188  1269.859253  -1.432557724  8.113282672
1808.398193  1079.904907  -0.768809655  7.768609085
1435.37793  970.80304  -1.47819211  7.548732947
1180.761597  1003.538513  -1.953391715  7.602643459
1245.844849  1476.79834  -1.844035187  8.491766698
1784.305176  1381.183105  -0.81229207  8.344053412
1356.088623  894.866028  -1.625875122  7.405443986
1898.570679  1397.820923  -0.594275003  8.381395468
1976.76123  930.676697  -0.440595071  7.494911649
2216.440186  982.145447  0.034327538  7.603321255
1808.704102  1337.973511  -0.76399572  8.264324156
1317.295044  1251.355713  -1.704588063  8.069597395
1070.532593  1343.205688  -2.168746817  8.231512498
1900.614868  1119.639282  -0.588842077  7.849353575
1822.381958  1294.033691  -0.738313065  8.179187107
1950.29541  901.622314  -0.49270837  7.438570101
1306.955078  1159.894043  -1.72189483  7.897947298
1381.432373  1163.319946  -1.5829747  7.906212462
2174.17627  1294.92041  -0.046559373  8.202721565
1252.060181  1404.427856  -1.830570368  8.354973652
1152.51709  1268.147705  -2.013280909  8.094585373
1412.363037  1115.808716  -1.523937494  7.818027559
1562.645996  1408.544312  -1.241264298  8.380300881
1359.510132  1172.836548  -1.623730151  7.923480025
2152.883545  882.019653  -0.092697753  7.410026202
1812.31958  945.899658  -0.762774736  7.515868768
2199.252686  1289.149902  0.002833962  8.191269904
1596.432861  1055.719238  -1.176495169  7.712373582
1927.378662  1158.156006  -0.535431795  7.92441068
1592.772827  1123.054077  -1.182645086  7.840251089
2029.183105  1157.397095  -0.336178476  7.928788677
1701.562866  992.937805  -0.974894882  7.599610053
1706.026367  1266.536255  -0.964927016  8.119203441
1678.882446  1303.834595  -1.018424296  8.187748929
2225.026611  1279.990845  0.052253297  8.174117965
1429.052612  1064.518188  -1.491099936  7.723888739
1157.43811  986.382263  -1.996248139  7.569864045
1187.015991  998.387451  -1.941768872  7.593713635
1908.367065  1101.123047  -0.574986263  7.813766138
1080.077148  934.165466  -2.137834233  7.471166531
1832.730347  1126.968018  -0.721475292  7.859445233
1442.925049  951.450867  -1.464484294  7.51287196
1518.680786  1411.94873  -1.325114169  8.385247041
1997.415039  1452.430542  -0.397267654  8.492079428
1703.05481  1330.057373  -0.96984795  8.241159256
1703.05481  1330.057373  -0.96984795  8.241159256
1256.57605  1288.862305  -1.818937524  8.138385546
1568.797974  1163.855225  -1.228356471  7.916128661
2042.172607  1327.257813  -0.309026842  8.254978427
2042.172607  1327.257813  -0.309026842  8.254978427
1132.377441  1270.12207  -2.050833404  8.096691163
2226.391846  1293.498535  0.057722223  8.201516804
1328.182373  1398.349731  -1.687110298  8.348185034
1450.935059  906.436523  -1.448614508  7.429819232
1787.185913  1174.575928  -0.808522121  7.947612455
1140.386719  1293.432007  -2.036647595  8.141248373
1324.755981  1223.640137  -1.689702263  8.016991046
1066.724976  871.388855  -2.160536928  7.35568199
2050.552246  1138.290649  -0.294755034  7.892738367
1810.34729  876.9823  -0.765383701  7.387060987
1582.441772  1481.901123  -1.203052812  8.523709375
1049.692017  1484.691406  -2.212350231  8.49607254
1287.958984  1335.332275  -1.761448298  8.225599417
1872.948608  1099.790405  -0.642950348  7.810542507
1528.484375  1225.961914  -1.305416434  8.030624461
1698.249634  1004.723267  -0.981355795  7.621952174
1085.155273  842.55481  -2.125697397  7.303179127
1326.377441  1315.023193  -1.688805276  8.188207887
1326.377441  1315.023193  -1.688805276  8.188207887
1846.064819  1378.236816  -0.692501682  8.342054103
214.495956  788.718933  -3.719682948  7.181069736
302.385162  1128.948853  -3.578537847  7.805979839
538.248718  1114.123047  -3.143337703  7.786055676
863.1297  213.530914  -2.514561164  6.153317791
887.493042  790.395508  -2.48735253  7.201200201
1007.902161  772.608215  -2.26591151  7.171372483
1083.119141  357.765106  -2.115981527  6.417942766
949.592407  1116.625  -2.385039907  7.805431897
171.450668  850.2995  -3.801372849  7.291815907
171.450668  850.2995  -3.801372849  7.291815907
1128.782959  342.419739  -2.03179766  6.391563723
892.263916  602.51947  -2.472459731  6.859718817
582.235718  344.514771  -3.030326224  6.385708673
495.431366  856.860107  -3.20975881  7.31410087
834.75769  700.8172  -2.580920271  7.037574677
263.850464  351.405579  -3.611550403  6.390439157
263.850464  351.405579  -3.611550403  6.390439157
1055.71936  594.21521  -2.172733764  6.848055909
363.795502  701.957153  -3.442451679  7.027643635
836.961853  803.841736  -2.580351279  7.224665513
884.641602  1138.004761  -2.505443287  7.83925333
472.172028  1135.377197  -3.264667071  7.82163902
857.15332  115.26989  -2.52228206  5.975196928
1090.692383  693.672302  -2.111402589  7.030209734
820.170715  776.054565  -2.610157878  7.173798676
842.263916  1061.231079  -2.580164281  7.693777028
662.07373  1007.862488  -2.909841845  7.593808181
662.07373  1007.862488  -2.909841845  7.593808181
457.982971  1237.87915  -3.29596165  8.009754825
1069.725098  563.924988  -2.146160121  6.794248782
781.515686  1136.415283  -2.695718727  7.833904234
781.515686  1136.415283  -2.695718727  7.833904234
1072.363525  747.303528  -2.146822112  7.129063447
959.518555  1259.355591  -2.371875084  8.068110068
338.468475  816.000549  -3.495516964  7.235129825
166.558533  882.320435  -3.81618465  7.351971499
529.436951  325.911987  -3.126574929  6.350849263
454.818787  806.563293  -3.282789827  7.222052989
425.341278  821.021606  -3.335765114  7.245599875
845.568542  318.677979  -2.549017701  6.345567435
93.717415  1288.81897  -3.968755597  8.092228958
542.059143  760.034607  -3.119550023  7.138635781
944.578369  759.521606  -2.381735951  7.147026093
490.350739  774.234497  -3.214768742  7.163191093
471.176575  489.761627  -3.238799419  6.646187968
186.026535  1152.424438  -3.790294998  7.842993016
909.846008  271.632904  -2.430535295  6.259654271
358.761902  1170.185913  -3.475404235  7.882307117
965.797058  1179.137939  -2.357282281  7.919920685
744.079163  580.287598  -2.742801093  6.81657968
387.771423  1322.353271  -3.4260299  8.157914884
507.070709  394.923431  -3.168424366  6.475027998
401.104645  764.050476  -3.377450553  7.141762268
755.204773  382.143372  -2.715985454  6.457402646
446.651733  821.635864  -3.297186633  7.248281677
298.207458  799.908386  -3.568517982  7.204672224
1024.882446  526.654053  -2.227330029  6.724846418
460.559967  808.144836  -3.271296982  7.224119649
286.696075  1427.765991  -3.623585241  8.356796429
298.454498  671.729614  -3.56123008  6.97114445
371.855103  809.953186  -3.434514785  7.225364883
846.540344  648.189148  -2.557591585  6.94209349
769.130798  1436.265625  -2.732956225  8.39535395
69.721664  485.181213  -3.969597585  6.627266939
444.772644  1098.95105  -3.31303642  7.75380936
806.756042  1398.983765  -2.660870195  8.32408403
934.764465  659.312744  -2.396652751  6.966238892
904.467957  710.182495  -2.453584985  7.056059233
454.834198  443.680145  -3.266042052  6.562108789
847.865112  865.069458  -2.562171524  7.335565441
336.057434  460.939301  -3.483814122  6.590372091
649.70166  1027.518799  -2.93327653  7.62930434
813.249451  553.898376  -2.615860801  6.771406528
995.776489  305.593048  -2.274526394  6.322402259
711.992981  1192.401367  -2.826495967  7.935390789
312.455292  366.546509  -3.523603587  6.41896037
328.790833  445.052338  -3.496535951  6.561500928
328.790833  445.052338  -3.496535951  6.561500928
521.973083  1478.777466  -3.193043035  8.462745181
1033.662964  753.523682  -2.217994155  7.138735038
207.298492  440.444611  -3.718623962  6.549768112
409.232513  815.43689  -3.365881709  7.235663258
924.22937  750.541077  -2.418749453  7.130154864
676.807678  993.216003  -2.882152218  7.567233314
516.844482  1362.831909  -3.195508001  8.245104983
521.903992  798.501709  -3.1584355  7.208383819
540.508484  813.449341  -3.124712954  7.235730846
540.508484  813.449341  -3.124712954  7.235730846
573.989319  320.221497  -3.044273036  6.341389132
421.987  746.78595  -3.338106083  7.110706569
771.722046  465.815552  -2.688588822  6.60943988
1053.4198  863.364868  -2.1849406  7.340190997
354.013977  447.866638  -3.450567569  6.567202077
794.545532  566.836914  -2.649939343  6.793092955
1066.872437  1409.898438  -2.177687697  8.35466128
207.326385  802.552734  -3.734658747  7.206546779
848.815979  168.316544  -2.539260832  6.071207957
257.187408  578.595276  -3.633572107  6.801875726
218.0392  781.909485  -3.713888026  7.169403585
367.012543  594.161011  -3.43193682  6.832115443
313.96524  564.624512  -3.528637519  6.777643471
255.27919  820.404297  -3.648656904  7.240948191
356.791656  146.309021  -3.435430773  6.02145025
63.889687  1044.310425  -4.007651073  7.641268308
518.825867  1053.38501  -3.175153275  7.673073346
257.019165  359.505035  -3.624171233  6.404985842
1011.34967  403.112549  -2.248596743  6.499748867
417.980072  804.495239  -3.348803939  7.216038943
549.853699  329.984985  -3.088993435  6.358560843
73.49691  562.245667  -3.967587612  6.766751284
453.747284  1189.339355  -3.300909583  7.91969947
742.135071  815.305176  -2.754700933  7.243717552
251.001068  555.854736  -3.643252977  6.759449439
925.034973  776.330078  -2.418121462  7.177206159
996.010742  630.760132  -2.283415274  6.913937153
652.113525  619.620117  -2.911897818  6.885388613
1069.685669  584.095093  -2.146788113  6.830517529
244.200485  1432.960327  -3.702602178  8.36537862
1016.302307  806.310303  -2.251472704  7.23394374
852.31073  1272.52356  -2.57063441  8.087231908
1029.119019  111.024582  -2.208130288  5.96822988
985.571899  760.19812  -2.306540963  7.149276511
558.209961  58.33868  -3.064226768  5.868024987
459.346405  793.263977  -3.273472952  7.197606238
441.958038  340.978302  -3.286584776  6.375991155
643.59198  998.905945  -2.943004399  7.576507458
782.138306  29.263197  -2.656709251  5.81823715
595.826111  877.157715  -3.025953283  7.353275798
191.113525  699.560791  -3.758793422  7.018476694
191.113525  699.560791  -3.758793422  7.018476694
522.487366  143.440643  -3.132291852  6.020735889
210.750366  297.486847  -3.705347141  6.291417922
237.441147  769.977234  -3.678493502  7.148393952
837.467651  612.402588  -2.573097377  6.877212926
855.176208  794.02002  -2.546775731  7.207686729
1050.639038  193.039444  -2.171052786  6.118545884
627.136597  1011.32782  -2.97417098  7.599254977
293.925781  104.61145  -3.548093257  5.94520864
764.381592  778.222839  -2.7125425  7.176686595
278.749542  1118.993408  -3.618611308  7.784892766
278.749542  1118.993408  -3.618611308  7.784892766
164.431824  842.111633  -3.815300661  7.277326147
190.572311  1321.686646  -3.792883963  8.155353105
190.572311  1321.686646  -3.792883963  8.155353105
1057.752808  758.484802  -2.173867749  7.148126899
61.985161  502.132385  -3.984717382  6.657596202
838.861023  1098.878418  -2.588572168  7.767194009
344.668823  879.087219  -3.48770107  7.350586232
984.097839  65.803513  -2.289480193  5.886909253
744.855835  803.09729  -2.749281006  7.221595333
176.398376  809.997192  -3.79090199  7.219078578
544.652344  1178.494507  -3.133269839  7.90266618
426.555481  762.655273  -3.330769181  7.139978674
426.555481  762.655273  -3.330769181  7.139978674
391.082275  806.745056  -3.398050276  7.219125189
245.843231  534.221436  -3.652272855  6.720246094
347.986267  792.157166  -3.476186225  7.191465955
376.418671  767.648682  -3.422942941  7.147593199
1076.042603  797.782959  -2.141249187  7.221009846
461.409149  738.258423  -3.266168051  7.096353491
994.436279  1271.572754  -2.307578949  8.091949578
254.551285  1332.436035  -3.67645053  8.178205636
546.812927  315.912872  -3.094283363  6.333050505
461.182678  320.055969  -3.250785258  6.338731605
461.182678  320.055969  -3.250785258  6.338731605
935.74115  786.353821  -2.398832721  7.195893578
433.582367  1386.240112  -3.35092491  8.286061522
524.935181  768.219788  -3.151060599  7.152643212
524.935181  768.219788  -3.151060599  7.152643212
269.701355  1268.607666  -3.644735957  8.060882848
289.111542  816.382751  -3.586103746  7.234540197
866.845154  825.844604  -2.526545003  7.266086094
866.845154  825.844604  -2.526545003  7.266086094
769.48175  623.574768  -2.6976637  6.895876301
786.218872  1367.928467  -2.697145707  8.262129252
854.461853  747.137817  -2.546493734  7.122200387
574.73114  920.171387  -3.066868732  7.431702428
281.833099  617.580933  -3.5894787  6.872625787
195.589127  817.964661  -3.757571438  7.234463293
520.355347  399.897125  -3.145038681  6.484467269
338.915497  1065.231445  -3.50551483  7.68857262
952.506409  807.051331  -2.368746126  7.234104335
1085.250977  628.853027  -2.119418481  6.912510675
1015.94751  504.411499  -2.243110817  6.684562617
1036.96228  798.213379  -2.213231219  7.220886732
288.954468  787.853455  -3.58725073  7.185665868
294.958405  704.985229  -3.568984976  7.031505108
893.131775  332.80658  -2.462733862  6.371519371
189.491196  683.573181  -3.761249389  6.989875141
209.110367  235.280762  -3.705798135  6.179543669
659.735352  993.209412  -2.913466797  7.56687028
627.254517  41.273972  -2.938370461  5.838244973
932.378662  670.181458  -2.401210689  6.984146873
423.630188  775.731934  -3.336884099  7.163777499
722.137207  874.714722  -2.793850406  7.351833789
722.137207  874.714722  -2.793850406  7.351833789
951.280457  703.672974  -2.367645141  7.045408317
955.328491  749.572266  -2.361700221  7.129126763
396.275879  893.883484  -3.393602336  7.379192481
948.027954  261.085846  -2.360564236  6.241255237
495.903687  1359.637329  -3.233595489  8.237752011
491.956421  1243.769287  -3.233261493  8.020909929
325.25882  792.598145  -3.518309658  7.191860569
1083.837158  832.527405  -2.127909367  7.284705081
763.987671  791.602173  -2.713733484  7.201039565
763.987671  791.602173  -2.713733484  7.201039565
729.146301  1094.286743  -2.790100457  7.754321262
991.067261  944.6073  -2.302424019  7.486612266
991.067261  944.6073  -2.302424019  7.486612266
512.291321  615.333374  -3.167798374  6.874402296
795.446472  436.087433  -2.64416442  6.555696808
307.955139  783.90918  -3.549561237  7.17552286
240.010788  688.360291  -3.669229627  7.000085399
177.967896  894.163269  -3.792947962  7.372267353
161.935303  1100.183594  -3.832764427  7.747641765
921.486816  410.625092  -2.413278527  6.512351437
1088.03833  291.380676  -2.105341671  6.297900786
415.713837  663.78717  -3.345571982  6.959829413
415.713837  663.78717  -3.345571982  6.959829413
454.18158  739.0354  -3.279110876  7.097495439
875.89978  784.08606  -2.508372247  7.189842658
763.901733  676.781982  -2.709786537  6.992362926
506.725433  771.125549  -3.184637148  7.157598665
292.408539  486.634216  -3.564060042  6.635842653
380.338409  1155.446777  -3.434984779  7.85607049
748.499512  773.182007  -2.74150411  7.167195743
825.993225  587.955322  -2.593294105  6.832509673
188.653793  561.215149  -3.757145444  6.767903704
188.653793  561.215149  -3.757145444  6.767903704
356.184998  554.487183  -3.450670568  6.759959644
356.184998  554.487183  -3.450670568  6.759959644
366.047607  792.194458  -3.443733661  7.192513152
999.508362  263.040253  -2.266499502  6.245219708
194.207077  626.222595  -3.749710544  6.885898126
334.504791  808.251709  -3.50255687  7.220978242
334.504791  808.251709  -3.50255687  7.220978242
181.901794  724.73291  -3.777186174  7.064333676
754.370361  1268.814087  -2.751690973  8.077834282
556.428955  47.803543  -3.066723734  5.84886072
413.31842  786.32959  -3.356307838  7.182579029
909.603638  761.468445  -2.445697091  7.148632325
546.996521  854.275024  -3.114799087  7.310206707
546.996521  854.275024  -3.114799087  7.310206707
379.110443  954.010986  -3.427170884  7.487605424
995.798706  791.145691  -2.288738203  7.206224525
778.380005  776.150696  -2.686785847  7.173233716
1103.581055  831.379089  -2.09127786  7.284071514
771.590576  804.913269  -2.700281665  7.225444335
702.649292  809.590271  -2.826951961  7.232366412
702.649292  809.590271  -2.826951961  7.232366412
521.939636  1089.797485  -3.171129329  7.739951311
349.679047  158.894836  -3.448906592  6.044439861
956.382507  788.995483  -2.36103923  7.201293799
305.981293  701.02655  -3.548896246  7.024723125
240.992355  779.598877  -3.672107588  7.165974493
790.990662  763.705994  -2.663202164  7.150766209
923.191833  772.177246  -2.421382418  7.169639632
980.443665  1191.850342  -2.330630639  7.944051016
42.647835  323.847778  -4.012912002  6.335081748
1041.782227  539.617065  -2.19678444  6.749864148
438.829651  770.804871  -3.308813477  7.155190041
350.633972  711.740662  -3.467386343  7.044806548
339.78598  866.165894  -3.495683962  7.326743496
456.56543  286.193146  -3.257785163  6.27688145
291.733673  779.130981  -3.579141839  7.166567683
291.733673  779.130981  -3.579141839  7.166567683
730.651672  1187.040527  -2.791815433  7.926001824
509.804565  910.430786  -3.184925144  7.411357722
540.748901  299.723419  -3.104687223  6.303640085
785.93689  781.187744  -2.67316603  7.182602167
852.604431  779.118835  -2.550905675  7.180128121
423.919434  835.986938  -3.339710061  7.273820246
1144.170532  559.909546  -2.008862969  6.787511203
895.615479  901.065491  -2.476446677  7.404508308
895.615479  901.065491  -2.476446677  7.404508308
298.479309  263.70462  -3.546193283  6.23252612
766.261719  849.01947  -2.711663512  7.305651215
484.144897  799.251648  -3.227828566  7.208794508
1076.911377  135.97435  -2.121452454  6.014772485
391.105072  782.804016  -3.397086289  7.176153487
346.231995  1463.937134  -3.517078674  8.42799124
211.686157  1288.737183  -3.752497507  8.096047061
168.675629  1150.54248  -3.82213157  7.839057184
249.874405  117.160851  -3.627836184  5.967416007
896.799988  850.148621  -2.472447731  7.311371437
970.578247  788.348877  -2.334961581  7.200401127
920.292542  799.482971  -2.427592334  7.219446569
426.062531  134.627396  -3.308709478  6.002345985
104.552956  999.806641  -3.932537084  7.562968006
324.042633  655.174194  -3.512996729  6.941729616
324.042633  655.174194  -3.512996729  6.941729616
528.049438  748.897339  -3.144736685  7.117864678
990.889404  481.11322  -2.288352208  6.641375115
474.892181  1213.510986  -3.263376088  7.964894482
291.294434  134.799606  -3.554178175  5.999157786
990.674744  616.100342  -2.292755149  6.887248753
311.500458  814.35437  -3.545290295  7.231377017
987.909424  802.944397  -2.303598003  7.227313596
908.648621  798.077881  -2.44876605  7.215754338
875.476807  107.670929  -2.488796511  5.961983522
524.552551  275.192169  -3.133714833  6.258850639
826.355347  366.902161  -2.585515209  6.431421768
629.254883  568.509827  -2.951927279  6.792519952
399.85202  648.651917  -3.373740603  6.932300985
546.488831  456.054535  -3.099132298  6.586691482
546.488831  456.054535  -3.099132298  6.586691482
956.683167  797.427185  -2.360786233  7.216862531
570.244324  841.775635  -3.071551669  7.288493529
281.315277  822.959534  -3.600513552  7.246055303
198.046127  294.37793  -3.728671827  6.285807198
228.012833  666.305481  -3.690484341  6.959678491
974.753967  760.482422  -2.326409696  7.149904546
374.842957  967.754089  -3.436561758  7.513542281
582.583862  809.214905  -3.047455994  7.229255615
948.269653  1381.211548  -2.39743374  8.295315436
51.961887  86.172356  -3.986200362  5.907061525
31.084343  992.211182  -4.05990337  7.541004662
536.930664  1042.744995  -3.14133373  7.653990403
536.930664  1042.744995  -3.14133373  7.653990403
282.64209  619.509583  -3.587584726  6.876707112
507.058044  934.067932  -3.191470056  7.455151671
453.01709  776.642456  -3.283241821  7.166199217
277.411591  804.217468  -3.606902466  7.212286364
362.453735  849.807129  -3.453326532  7.297466159
1032.010864  776.332458  -2.221712105  7.180169172
308.050934  665.040894  -3.543033325  6.959106301
513.148315  149.988953  -3.149274624  6.032215395
26.486551  542.202454  -4.052079475  6.729527281
393.619812  317.776459  -3.374443594  6.332696841
838.757141  540.188416  -2.568313441  6.74601291
384.427368  1057.182739  -3.421362962  7.674688563
397.525909  796.642029  -3.38584144  7.201364264
1017.056946  567.65979  -2.242919819  6.799463729
519.699707  809.40686  -3.162708443  7.228095068
223.183777  1323.780151  -3.733173767  8.160355133
755.037109  833.323608  -2.731756242  7.276933434
979.90918  64.60717  -2.29709409  5.884501874
979.90918  64.60717  -2.29709409  5.884501874
323.837494  806.961731  -3.521781611  7.218077191
349.891815  567.597473  -3.462733406  6.783900833
526.985352  765.257935  -3.147366649  7.147596062
910.459045  690.480225  -2.441974141  7.020299843
1022.46521  793.579346  -2.239856861  7.210705824
986.710571  782.807922  -2.305165982  7.190685191
405.743256  805.122009  -3.371373635  7.216815075
1085.890015  163.672363  -2.105789665  6.065055631
408.143433  369.487762  -3.349707926  6.426606939
983.707336  361.841003  -2.298125077  6.424531807
983.707336  361.841003  -2.298125077  6.424531807
874.223206  567.525818  -2.5044653  6.796137837
874.223206  567.525818  -2.5044653  6.796137837
972.014648  1031.118042  -2.340495506  7.646458724
528.462219  106.003326  -3.120401012  5.952814447
512.183716  797.147217  -3.176056263  7.205569876
532.110168  297.68042  -3.120499011  6.299709119
839.862305  499.164642  -2.565031485  6.671590775
896.33197  476.474579  -2.461233882  6.631015151
896.33197  476.474579  -2.461233882  6.631015151
852.350037  1087.737427  -2.563079511  7.745903227
965.249573  104.306496  -2.324900716  5.956581905
1007.21344  419.964417  -2.256752633  6.531160761
294.181763  1337.343628  -3.603975505  8.188963749
450.951508  754.811707  -3.285704788  7.126235377
903.608521  798.025513  -2.458198923  7.216442936
177.094879  670.44043  -3.7826831  6.965804576
1026.578857  330.376129  -2.218816144  6.367687688
835.858337  716.714294  -2.579330293  7.065990375
478.622711  1152.894897  -3.253634219  7.854018255
265.926788  817.1875  -3.628631173  7.235470219
342.288422  810.453064  -3.488329061  7.224986119
804.731506  648.390625  -2.634030557  6.941616598
414.512787  815.903015  -3.355812844  7.236772318
250.152817  284.031097  -3.6341071  6.26831301
372.920959  785.809875  -3.430141844  7.180196109
119.428123  544.821716  -3.882432758  6.736261493
521.161987  390.467438  -3.143203705  6.467582638
366.343597  283.51181  -3.423138938  6.270265751
276.066376  357.040955  -3.589415701  6.400685722
1026.078735  288.866272  -2.218622146  6.292806165
443.622528  283.726074  -3.281886839  6.273044935
389.572357  666.293823  -3.393113342  6.963300175
809.624756  545.527954  -2.621739722  6.754543212
167.834106  794.871643  -3.80649678  7.191425094
274.040802  1213.59375  -3.632485121  7.958285782
960.083069  764.870544  -2.353471332  7.157451936
314.314148  323.171021  -3.519487642  6.340504252
1108.758057  816.018372  -2.081333994  7.25611366
1023.521057  1407.346924  -2.258396611  8.347624209
445.72406  779.485596  -3.296588641  7.170997457
751.104309  646.68634  -2.732192236  6.937326982
736.785095  797.950317  -2.76381081  7.211866806
991.792969  769.762512  -2.295421113  7.166880071
202.250305  717.073792  -3.739113687  7.050796983
510.704193  787.267639  -3.178895225  7.189253018
529.969727  1083.84729  -3.155695537  7.72868582
428.628418  1112.262451  -3.344000003  7.778767888
257.494995  772.865845  -3.641456001  7.154164339
163.478973  808.838806  -3.814891667  7.216749799
427.60907  1093.471558  -3.343836005  7.742729878
282.127686  859.260315  -3.601195542  7.312703431
1098.26709  924.096741  -2.103996689  7.453201418
492.882538  439.882507  -3.196711985  6.556247298
1025.325562  773.979736  -2.23392494  7.175682166
443.985809  1247.287231  -3.322253296  8.026336444
556.941162  326.505219  -3.075889611  6.352451336
829.52887  712.113342  -2.590815138  7.057646901
491.113892  792.584717  -3.214119751  7.196316972
322.161285  796.164673  -3.524479575  7.198663221
376.775055  808.129883  -3.424436921  7.221517115
358.694122  566.332275  -3.446250627  6.781723237
331.044952  539.062744  -3.495970958  6.731512022
819.256104  275.436371  -2.596068067  6.265045106
365.14386  953.356689  -3.452707541  7.485935609
974.095154  804.444519  -2.329031661  7.230159307
800.060669  680.465393  -2.643721426  6.999947069
204.31424  778.81073  -3.738818691  7.163150397
204.31424  778.81073  -3.738818691  7.163150397
189.939392  755.026428  -3.763488359  7.119434654
245.86731  792.510559  -3.664052697  7.189754586
616.247009  519.462158  -2.973956983  6.703803554
400.241516  784.228027  -3.380137517  7.178549663
962.424072  554.174805  -2.342634478  6.773812813
122.765945  562.69458  -3.877881819  6.769610219
278.016571  340.039337  -3.586094746  6.370179291
190.015503  618.952026  -3.757223443  6.872780199
318.254028  802.305725  -3.531982474  7.209437879
318.254028  802.305725  -3.531982474  7.209437879
743.533142  794.799805  -2.751398977  7.206551414
515.285095  343.350403  -3.152684578  6.382021741
302.070831  535.447327  -3.548907246  6.72436222
901.669312  722.328613  -2.45914991  7.078192009
901.669312  722.328613  -2.45914991  7.078192009
546.826416  247.739456  -3.09233139  6.209383088
845.867798  716.931519  -2.56094154  7.066462759
866.923218  1179.49353  -2.539985822  7.916296891
998.18158  859.922852  -2.286547232  7.332163581
909.691162  769.782654  -2.446057086  7.165096868
1062.812866  763.159668  -2.164641873  7.15687335
829.799255  309.008331  -2.577712314  6.326259196
1071.847046  815.895996  -2.149535076  7.254025597
929.840759  395.082947  -2.397562739  6.483495626
183.768143  768.630188  -3.775906192  7.143952672
486.934296  382.473633  -3.205637865  6.452119993
181.252335  717.926941  -3.778189161  7.051991935
925.969543  551.753967  -2.409294581  6.768780429
490.148682  529.166748  -3.205142872  6.718253467
16.098978  818.398376  -4.082030072  7.228524514
751.702454  632.934448  -2.730663256  6.912384915
751.702454  632.934448  -2.730663256  6.912384915
403.554749  759.448608  -3.372779616  7.133398715
515.196289  1160.862915  -3.186749119  7.869541247
515.196289  1160.862915  -3.186749119  7.869541247
796.436646  558.708923  -2.646221393  6.778064491
806.95282  457.996948  -2.623823694  6.596057018
250.251724  306.233917  -3.634610093  6.308382671
194.722183  676.911255  -3.75153152  6.97805991
314.171936  806.491211  -3.539640371  7.217243471
169.577362  788.767578  -3.803146825  7.180571133
217.884598  795.687927  -3.714980011  7.194898128
916.869263  693.216003  -2.430327298  7.025544848
186.937897  1439.027954  -3.807184771  8.372859316
357.95694  350.926544  -3.440523704  6.391959603
1157.808228  1267.87854  -2.003158046  8.095034707
287.107666  534.694641  -3.576477875  6.722907659
528.922607  777.917419  -3.144088693  7.170353226
260.027863  862.741028  -3.641411001  7.317603787
566.153076  168.155151  -3.054176903  6.066143512
937.537415  833.492371  -2.397086745  7.281850389
230.91098  1161.104004  -3.708850094  7.860693768
380.941681  652.406921  -3.407781145  6.937765366
305.149841  774.946106  -3.554467171  7.159335883
838.741272  587.013489  -2.56985242  6.83075995
19.406355  856.536865  -4.077452134  7.297520384
1027.009155  468.29126  -2.221807103  6.618839079
929.810608  363.64624  -2.39667475  6.42717743
279.122192  785.103088  -3.602930519  7.177154241
240.14502  598.287231  -3.665186681  6.836685084
736.474792  1079.256104  -2.776205644  7.727225336
872.946106  1328.677612  -2.53494389  8.193202015
220.125351  791.377502  -3.710312074  7.186267578
715.776367  909.925293  -2.807168227  7.416727483
429.773651  1090.856689  -3.340131055  7.738288787
274.217896  508.86499  -3.599388567  6.67556514
911.846008  1253.848267  -2.459992898  8.056638728
958.33606  754.280579  -2.356329293  7.138015599
1063.908569  798.187317  -2.163626886  7.221387686
1029.93811  560.329468  -2.21907514  6.786328879
553.952026  870.961304  -3.102587252  7.340813606
330.598022  529.864563  -3.496740948  6.715480292
330.598022  529.864563  -3.496740948  6.715480292
767.765625  678.298462  -2.702477636  6.995258253
1876.877686  302.210602  -0.625962577  6.318820613
1876.877686  302.210602  -0.625962577  6.318820613
1589.526123  417.006622  -1.176850164  6.531400918
1589.526123  417.006622  -1.176850164  6.531400918
190.035873  104.132034  -3.735737732  5.942570768
1478.580322  326.905945  -1.383211388  6.365110817
1566.680908  44.532284  -1.210496712  5.846982862
1588.547974  793.753601  -1.186779031  7.226327686
468.993103  737.102905  -3.253470221  7.095572998
1329.202271  839.089355  -1.674812464  7.30202305
2017.673706  528.976074  -0.358035182  6.741875665
1432.911987  435.307281  -1.47075421  6.563969144
1432.911987  435.307281  -1.47075421  6.563969144
1331.598022  709.544006  -1.666414577  7.065291706
1331.598022  709.544006  -1.666414577  7.065291706
1318.723999  405.298187  -1.682463361  6.507875195
1383.377441  403.186401  -1.562316978  6.504623459
2112.068604  506.699524  -0.171593691  6.701084994
1515.4729  685.661926  -1.320808227  7.026042454
1574.171143  554.651672  -1.207303755  6.785877264
1428.03772  373.502167  -1.478533105  6.450410757
1492.922607  1188.073853  -1.372230535  7.95854532
1492.922607  1188.073853  -1.372230535  7.95854532
782.058472  427.98056  -2.667805102  6.541082431
782.058472  427.98056  -2.667805102  6.541082431
464.128235  53.604958  -3.236364452  5.856916577
464.128235  53.604958  -3.236364452  5.856916577
464.128235  53.604958  -3.236364452  5.856916577
1848.17041  352.108734  -0.682364818  6.411706649
1848.17041  352.108734  -0.682364818  6.411706649
267.679626  318.931702  -3.603750508  6.331806337
1256.275024  825.106689  -1.809082657  7.2751727
1856.600464  470.010254  -0.668334007  6.631154847
225.383224  541.156677  -3.689599353  6.732736002
1605.403198  498.00238  -1.148024552  6.68059789
1017.287109  358.118164  -2.236720903  6.418389256
1017.287109  358.118164  -2.236720903  6.418389256
1055.71936  594.21521  -2.172872762  6.848415983
2105.93457  1068.039795  -0.184206521  7.762166001
2105.93457  1068.039795  -0.184206521  7.762166001
1501.797485  442.970276  -1.340803958  6.578590398
1363.804565  820.087402  -1.609653341  7.268138297
1305.871582  625.216675  -1.711610969  6.910595744
1142.116699  577.265747  -2.012941914  6.819632441
1000.13269  255.456741  -2.265110521  6.231557162
1871.121094  1152.40564  -0.646832296  7.910431396
1489.023193  719.587036  -1.371837541  7.087305887
1489.023193  719.587036  -1.371837541  7.087305887
1279.052002  1458.358521  -1.781633026  8.456987266
1279.052002  1458.358521  -1.781633026  8.456987266
1797.981689  845.393494  -0.789108382  7.327736469
720.372864  702.486694  -2.792759421  7.040993052
2214.351807  102.316391  0.034316538  5.942019114
1085.552124  578.02771  -2.116790517  6.820400866
1433.509644  1017.818542  -1.482827047  7.636394931
442.140717  527.562683  -3.292788692  6.713810341
2138.865479  666.540405  -0.12038038  7.002055012
1326.126465  1090.821289  -1.685011327  7.768556279
1958.885376  1018.179382  -0.476076594  7.659279296
1320.393555  760.056152  -1.688994273  7.157179523
1320.393555  760.056152  -1.688994273  7.157179523
763.748413  369.910431  -2.699844671  6.435504682
1952.062866  123.452965  -0.468429697  5.983482777
1952.062866  123.452965  -0.468429697  5.983482777
1830.483643  478.521912  -0.718392333  6.646543585
1830.483643  478.521912  -0.718392333  6.646543585
1816.03125  757.862244  -0.7506019  7.166648464
1816.03125  757.862244  -0.7506019  7.166648464
1579.266479  172.682129  -1.191190971  6.081412345
1579.266479  172.682129  -1.191190971  6.081412345
1069.725098  563.924988  -2.145645128  6.793805259
1794.11853  162.436798  -0.783052463  6.060077602
1349.818604  317.77356  -1.622222171  6.348637989
1303.826538  503.970367  -1.712897951  6.6873957
1212.394409  522.899475  -1.882481669  6.721796908
1935.936646  464.468719  -0.514948071  6.620987774
1935.936646  464.468719  -0.514948071  6.620987774
1846.372925  1138.088379  -0.694458655  7.881503557
2197.913574  532.628723  -0.006537912  6.748676345
1405.578735  445.070923  -1.520979534  6.581731541
838.895996  353.467621  -2.562160524  6.407148287
2030.962158  594.205505  -0.333509512  6.86398599
1580.619141  105.254677  -1.187658019  5.957496338
1365.517578  577.282227  -1.599427478  6.823806884
283.815277  82.123222  -3.565099028  5.904853668
339.230438  705.917297  -3.488716056  7.035005163
1248.434814  116.64872  -1.805783701  5.979797132
1323.407715  1128.559937  -1.690645251  7.83945555
1852.350586  599.058472  -0.680799839  6.870839307
1668.061279  374.683319  -1.029062153  6.453827895
1483.737061  1310.469238  -1.391537276  8.188870035
275.137054  104.542847  -3.581937802  5.944810921
1523.66626  102.959244  -1.294786577  5.953879825
1425.555176  296.285675  -1.481715062  6.309021894
1180.761597  1003.538513  -1.953524713  7.602185677
2221.696533  255.057297  0.050180325  6.228160119
1129.988647  576.118652  -2.036060603  6.816608971
306.702332  606.022217  -3.543501319  6.852371875
1647.252441  883.632874  -1.077258504  7.394520295
1952.809204  62.04052  -0.476665586  5.871577515
2132.557861  497.510529  -0.131465231  6.684751504
1381.679443  1183.048828  -1.582845701  7.942449078
1940.893433  1336.66333  -0.507810167  8.267349651
1879.117554  26.684153  -0.617694688  5.807174493
240.693222  119.961411  -3.644735957  5.9720489
1260.221802  1393.182617  -1.814731581  8.334529914
1535.127319  173.609573  -1.274211854  6.083615126
1241.274292  1427.929321  -1.851458087  8.398318916
1886.661499  505.845734  -0.61089478  6.697816245
299.472626  133.062714  -3.539109378  5.996692084
1848.870605  509.000305  -0.684252793  6.703201098
981.220398  48.676365  -2.293708136  5.855771442
2081.086914  784.4245  -0.23555783  7.222819567
389.417572  515.400269  -3.388615403  6.690358888
1803.873779  731.100037  -0.776006558  7.115196237
2144.712891  429.290283  -0.107647551  6.555350901
1383.727905  1462.891968  -1.583057698  8.473138384
1383.727905  1462.891968  -1.583057698  8.473138384
1261.293701  744.149902  -1.798294802  7.126374533
1841.17334  542.256531  -0.700158579  6.765043129
899.007629  180.876251  -2.44796506  6.094822469
1372.651733  408.637299  -1.581711717  6.51490086
2072.511475  122.092751  -0.242824733  5.980955411
2105.201172  588.489624  -0.187558476  6.854734586
1909.094116  1329.130615  -0.569759333  8.250923175
1501.596069  745.483643  -1.349169846  7.135458013
457.739532  323.052399  -3.25732817  6.343751734
457.739532  323.052399  -3.25732817  6.343751734
1356.057007  165.440384  -1.607843365  6.06937931
1995.427979  446.61673  -0.401379599  6.587642251
1611.785889  669.398743  -1.139807663  6.997707886
1272.030518  1349.431885  -1.791592892  8.252098287
1526.560303  1233.431763  -1.309363381  8.045231004
2031.705933  783.634155  -0.334918493  7.219012747
1275.821777  613.180725  -1.767400218  6.887654756
1275.821777  613.180725  -1.767400218  6.887654756
1306.402344  1143.904907  -1.72263482  7.867998038
1491.767822  705.173218  -1.367729596  7.060423763
1491.767822  705.173218  -1.367729596  7.060423763
1262.870361  1320.006958  -1.807934673  8.196535807
1056.489258  572.535645  -2.170542793  6.8093067
2065.060059  893.141907  -0.268482387  7.426735723
2213.584473  152.10611  0.031826572  6.035267954
2213.584473  152.10611  0.031826572  6.035267954
1052.727051  532.462219  -2.176645711  6.736046679
1990.134399  312.576233  -0.40726952  6.337653016
1990.134399  312.576233  -0.40726952  6.337653016
912.687683  621.302856  -2.435514228  6.89465073
1854.546265  574.781555  -0.675640909  6.825467422
1164.436035  533.60553  -1.97085148  6.740097852
1375.072266  1323.199829  -1.597524504  8.206241431
419.814911  711.72522  -3.340608049  7.046959297
1776.99707  698.246033  -0.825408893  7.053909689
1776.99707  698.246033  -0.825408893  7.053909689
2107.918945  472.217865  -0.176687622  6.634924642
1897.498291  607.448608  -0.594303003  6.886713429
970.973999  582.211121  -2.327768678  6.82496092
1949.64856  1041.453125  -0.493992353  7.703008751
1731.127686  1303.233521  -0.916093673  8.190906944
2088.760254  764.766724  -0.220405034  7.185658658
1011.742493  250.75853  -2.244023805  6.223170598
1388.072388  365.620544  -1.553719093  6.435631609
1914.008057  470.820862  -0.557167503  6.631959395
764.857361  592.777527  -2.704950602  6.83934438
424.942169  306.23587  -3.316941367  6.312594575
1429.075806  896.569763  -1.489017964  7.41149907
1494.890991  27.339834  -1.347520868  5.81595093
1967.800903  309.407867  -0.450280941  6.331745528
1901.57373  481.166809  -0.582760158  6.651661834
1307.621704  452.96286  -1.704399066  6.595079392
297.499603  353.573608  -3.55086722  6.395188208
1842.555664  346.020233  -0.691974689  6.40036333
1640.682617  80.993011  -1.073461556  5.911828607
1217.079956  216.26268  -1.86611289  6.162001349
1366.293823  631.898743  -1.599420478  6.923855129
320.568359  74.254868  -3.499288914  5.890546268
2022.885864  459.885498  -0.343923372  6.613489767
1464.542969  1188.97644  -1.426326807  7.958205842
1178.872681  502.319244  -1.943724845  6.683354234
1572.150146  360.860809  -1.207085758  6.427865495
1996.192871  1344.325073  -0.399292627  8.284834116
1080.450439  707.790955  -2.130712329  7.055496135
1332.713501  1275.55188  -1.675788451  8.116300206
1332.713501  1275.55188  -1.675788451  8.116300206
1572.880615  579.4505  -1.211031704  6.830783223
1932.212402  396.725159  -0.519813005  6.495026169
1927.354614  158.873489  -0.526536915  6.052244427
1434.982056  346.191284  -1.46548828  6.400253484
2056.834961  595.701965  -0.28311819  6.86734856
2056.834961  595.701965  -0.28311819  6.86734856
1842.336182  1092.470703  -0.699773584  7.797246707
1211.660645  612.424683  -1.885930623  6.885081739
1613.950684  355.161987  -1.130241792  6.417418399
2219.746094  527.448181  0.041909436  6.741134994
1312.564331  790.71167  -1.704325067  7.212827855
1522.378296  167.22998  -1.293149599  6.07061535
2102.781006  744.325378  -0.192075415  7.147802066
1326.116089  561.734009  -1.672779491  6.794117108
1579.667847  404.237213  -1.194872922  6.507786361
1985.007813  561.939026  -0.423696299  6.802960987
595.30249  554.293335  -3.012949458  6.765444915
595.30249  554.293335  -3.012949458  6.765444915
2060.44458  280.070404  -0.270704357  6.276810577
1914.429932  509.148438  -0.558634483  6.703840008
786.346313  555.170593  -2.664613145  6.771870154
1677.559692  1307.825073  -1.019682279  8.196190016
1677.559692  1307.825073  -1.019682279  8.196190016
1375.843628  608.651489  -1.581019726  6.881266949
1301.937744  79.597656  -1.70632304  5.912553358
2090.315186  1110.464722  -0.215837096  7.842214377
2202.113525  597.387024  0.004514939  6.872559874
240.480179  756.226257  -3.671611595  7.123261193
1210.092285  495.09549  -1.886025622  6.670542972
1589.796021  570.74115  -1.178703139  6.814972121
937.740417  130.950867  -2.375956029  6.004917827
1401.793945  272.678833  -1.525439474  6.265444223
777.153442  163.206863  -2.669677077  6.060714262
1006.276794  653.275879  -2.265344518  6.954441185
1309.26001  1207.004272  -1.718435877  7.986426388
2109.546387  222.296432  -0.172932673  6.167820193
2109.546387  222.296432  -0.172932673  6.167820193
1355.161133  849.359863  -1.626646112  7.32163113
1355.161133  849.359863  -1.626646112  7.32163113
1126.757446  328.556  -2.035727607  6.366042655
1528.751465  606.074646  -1.294323584  6.879464497
1365.229004  705.259888  -1.604162414  7.057442602
2002.889282  582.509216  -0.389299762  6.841662868
1557.466309  146.725266  -1.232653413  6.034347019
1312.890137  510.231812  -1.696456173  6.699913221
1397.040527  666.207397  -1.542901239  6.987631971
1472.357422  362.708099  -1.396066215  6.430814266
1409.235962  829.286682  -1.524872481  7.286751082
2171.825195  34.730545  -0.04828235  5.816298781
1345.259766  64.678207  -1.626004121  5.88511056
1438.584839  1307.713501  -1.477247122  8.180549804
1976.948364  288.460083  -0.431627192  6.292265724
1453.96228  579.222107  -1.433922705  6.828834342
1319.146484  314.308594  -1.679626399  6.341357919
2041.245361  816.806274  -0.315414756  7.282160949
1699.859131  573.104614  -0.971269931  6.82068962
383.835693  422.030151  -3.395031317  6.521213293
1214.918701  865.141602  -1.886577614  7.348116097
577.628662  556.22406  -3.045977013  6.769095383
1378.505981  592.029785  -1.5755438  6.851056688
1941.904053  639.96521  -0.508642156  6.948006108
1379.21106  361.745911  -1.56960188  6.428381049
2154.324463  11.778804  -0.08473986  5.771938942
1292.47998  1210.28064  -1.749775455  7.992296066
1292.47998  1210.28064  -1.749775455  7.992296066
1600.880737  465.998749  -1.155525451  6.621867281
1600.880737  465.998749  -1.155525451  6.621867281
404.131744  536.075012  -3.362156759  6.72816203
1623.240356  137.26268  -1.10657111  6.015569645
1625.226685  697.858154  -1.113787013  7.049716825
2129.965332  1098.112427  -0.135456177  7.821668084
1092.172974  57.553562  -2.09128586  5.872376091
1881.687988  478.863953  -0.620831646  6.64750426
2109.076172  655.822083  -0.179401586  6.9811783
320.487244  577.274231  -3.518801651  6.801274653
209.885788  739.686707  -3.711538058  7.086155425
528.989502  179.390396  -3.121905992  6.085776273
1926.242554  806.740112  -0.540925721  7.259433624
1503.489136  728.829285  -1.344720905  7.105093198
777.318115  166.916916  -2.669749076  6.067430563
961.373779  687.207703  -2.348234402  7.015157337
808.405762  336.932312  -2.617656777  6.376587624
2019.105591  365.285919  -0.350712281  6.435897999
741.717712  343.611908  -2.739523137  6.387363303
741.717712  343.611908  -2.739523137  6.387363303
1590.655518  159.287216  -1.170316252  6.057192022
1801.509521  622.390808  -0.777524538  6.913455978
1948.342529  75.638374  -0.48531847  5.89532029
1432.504517  1221.771118  -1.487475985  8.018414631
1955.988525  641.25531  -0.481229525  6.951201636
1296.922607  686.598511  -1.730434715  7.021922873
1517.962769  461.311005  -1.311278355  6.61254099
1594.707031  764.245178  -1.174519196  7.171919081
1594.707031  764.245178  -1.174519196  7.171919081
2188.968018  1262.866333  -0.017503764  8.140186834
2085.253906  432.182953  -0.223386994  6.560968447
1571.023071  122.56765  -1.206044772  5.989447194
1502.294678  148.837067  -1.335139034  6.03839227
1794.423218  807.204163  -0.795077301  7.256615924
1607.6521  61.024879  -1.135605719  5.875638313
1373.342163  777.650085  -1.590717595  7.190315858
1891.853027  624.133179  -0.605503852  6.917587505
2143.317627  401.403748  -0.108822536  6.503286931
1971.905151  376.894562  -0.443911027  6.457416574
2016.766724  613.964233  -0.349722294  6.902887746
1773.033081  1399.303711  -0.834108776  8.379738441
2181.309326  93.211891  -0.03119258  5.925422141
1840.728882  71.454803  -0.693323671  5.891016612
183.369507  386.419525  -3.758741423  6.451622542
918.247375  16.350073  -2.408092597  5.796385206
1550.348999  1251.327515  -1.264476985  8.080057586
240.999191  167.392685  -3.646517933  6.057438419
2061.179932  517.670532  -0.273175324  6.721081425
2061.179932  517.670532  -0.273175324  6.721081425
1493.012939  684.585388  -1.363098658  7.022973307
1892.039673  536.167664  -0.601771903  6.754069599
1939.486694  1316.764404  -0.510269134  8.229181365
1801.483154  333.920959  -0.770889627  6.378100816
1018.617615  459.66922  -2.236775902  6.603105737
1018.617615  459.66922  -2.236775902  6.603105737
1869.586792  566.041138  -0.646645299  6.809357131
788.382813  554.105957  -2.661023193  6.769928865
788.382813  554.105957  -2.661023193  6.769928865
1332.427612  1376.645264  -1.678770411  8.305826488
1595.825439  776.36969  -1.172756219  7.194451817
1628.440918  910.994751  -1.114560003  7.443585075
1319.151855  574.346436  -1.686108312  6.817234027
1479.75769  1464.670532  -1.400168159  8.48322668
2037.664917  610.454041  -0.321733671  6.894161021
333.686432  419.051514  -3.486675083  6.514568109
1506.400024  794.786255  -1.341575948  7.226131189
379.583923  323.203156  -3.39994725  6.342264107
2069.91333  841.765808  -0.25638255  7.331297987
1506.155762  760.867432  -1.341013955  7.163810115
1393.695923  780.109131  -1.552837105  7.195728949
1393.695923  780.109131  -1.552837105  7.195728949
578.701538  80.044014  -3.027299265  5.907733859
578.701538  80.044014  -3.027299265  5.907733859
2130.86084  645.651245  -0.136650161  6.962354946
2041.523315  947.151611  -0.314533768  7.528129876
1060.741943  608.705872  -2.163755885  6.87538317
1432.573242  775.07959  -1.479903086  7.18772481
1432.573242  775.07959  -1.479903086  7.18772481
2099.360596  809.841248  -0.199072321  7.27122224
2120.426025  829.291687  -0.157298883  7.308602683
382.528015  573.617493  -3.403015209  6.795443788
383.49884  434.221283  -3.397161288  6.543269268
931.713989  178.747589  -2.388090866  6.091347202
2100.966064  617.616211  -0.194492383  6.909380132
162.634842  646.369995  -3.80945674  6.921956769
1399.38562  608.687988  -1.537016318  6.881543932
1600.89917  1213.989746  -1.167264293  8.012506294
881.278564  283.122192  -2.482970589  6.280262101
1899.746948  429.2901  -0.584168139  6.555327816
679.759094  23.236633  -2.84257475  5.806495481
2044.178955  601.8479  -0.306716873  6.878618923
2155.033203  199.742111  -0.084834858  6.125664543
1229.620117  1080.19104  -1.864295914  7.746820595
528.871765  162.329163  -3.121538997  6.055084332
528.871765  162.329163  -3.121538997  6.055084332
1801.726807  1139.793335  -0.780813493  7.882760078
1524.591553  671.573181  -1.303863455  7.000064703
214.603149  627.814148  -3.712951039  6.889498885
1363.749756  554.865906  -1.602215441  6.782552507
1364.883301  526.307068  -1.599365479  6.730227688
1640.916016  694.518494  -1.085870389  7.044016726
1196.237671  1343.002808  -1.933662981  8.236183397
447.918762  451.222748  -3.279634869  6.575106911
388.60675  553.778992  -3.390846373  6.759536759
1875.622314  595.331604  -0.635884444  6.864039318
830.654053  523.955078  -2.58253225  6.716087837
1794.995728  851.903625  -0.794772306  7.339906048
1150.31543  79.266876  -1.985396285  5.912026376
1542.874878  163.056076  -1.259909047  6.064238692
1542.874878  163.056076  -1.259909047  6.064238692
1620.854126  65.639832  -1.11029506  5.883673037
1620.854126  65.639832  -1.11029506  5.883673037
2076.266602  1154.125244  -0.245737693  7.922271599
1568.500488  772.998779  -1.223868532  7.187634915
1441.408569  419.073669  -1.453753438  6.534344427
1966.33313  862.134338  -0.463316766  7.364485012
1295.64209  787.640198  -1.735734644  7.206528178
1832.776978  798.331726  -0.721472292  7.240962816
1865.889648  1188.300293  -0.656020173  7.978265947
1639.686401  707.729797  -1.088050359  7.068631881
1338.675781  494.465912  -1.647845827  6.672022897
1338.675781  494.465912  -1.647845827  6.672022897
1737.721924  877.915588  -0.905348818  7.386084654
1969.695801  434.527008  -0.449916946  6.565191185
2113.450684  769.929749  -0.171180697  7.196066362
1438.98584  425.541992  -1.45880737  6.546100905
2069.850342  527.454346  -0.25568456  6.739552969
2166.580566  363.30661  -0.062027165  6.431825829
1501.109009  165.109482  -1.338162994  6.068249491
1991.137695  577.229248  -0.412181454  6.831475498
921.843994  106.901009  -2.404231649  5.960932995
771.668884  441.491486  -2.687768834  6.565385045
999.713074  341.241974  -2.267934483  6.387506023
668.60614  573.159851  -2.88049224  6.801873715
668.60614  573.159851  -2.88049224  6.801873715
548.007385  286.518097  -3.0915994  6.279773974
1958.838501  919.184875  -0.475914596  7.472240281
1392.038574  429.644562  -1.546662188  6.553226554
1872.512939  1358.456421  -0.641048374  8.305344677
1832.635986  951.142944  -0.722240282  7.527217299
1405.471069  800.759583  -1.531411393  7.233933872
1537.457275  183.823853  -1.273299867  6.103452704
2143.534424  287.208221  -0.106940561  6.289161186
217.860535  432.386139  -3.69874123  6.535705162
1072.936279  28.560905  -2.126047392  5.819693077
316.888672  173.070557  -3.509368778  6.069076215
1585.415649  586.769165  -1.187818017  6.844373056
1384.86853  679.871399  -1.565971928  7.012221644
1601.365479  106.891068  -1.148380547  5.960159631
333.754486  572.945618  -3.492630003  6.793225484
1028.788818  334.656342  -2.214879197  6.375950551
1028.788818  334.656342  -2.214879197  6.375950551
1992.153076  121.502045  -0.399673622  5.980891986
1398.214844  1297.15564  -1.553539096  8.158214632
1369.768188  791.693176  -1.597731501  7.216311331
1497.078979  1028.211182  -1.363830648  7.657622134
1934.856689  695.694153  -0.523858951  7.051659803
1803.578369  775.652588  -0.776934546  7.198104246
1425.205688  1104.188843  -1.49973482  7.797110782
807.245361  460.240509  -2.623849694  6.600105506
1472.155884  37.125626  -1.389594302  5.833709826
1255.429443  1413.716064  -1.824297452  8.372971767
1608.594727  289.515839  -1.139232671  6.29658779
761.019836  326.789551  -2.703798618  6.357223747
524.763428  378.353394  -3.1361818  6.445607247
405.425354  175.31221  -3.34792795  6.075255897
165.799072  618.257019  -3.801150852  6.870704574
1551.412598  589.960449  -1.251311162  6.850129822
1454.66272  91.297867  -1.422570858  5.932757649
720.252197  717.034485  -2.791225441  7.064619314
1629.05835  728.412415  -1.108690082  7.106455984
1315.976685  478.168549  -1.68924927  6.641766952
974.336426  324.285004  -2.314007863  6.356337859
1297.776367  897.331787  -1.73452066  7.407969968
915.17981  333.72522  -2.422529403  6.372581101
1315.10083  404.478821  -1.689396268  6.506265371
847.175415  640.214905  -2.55573061  6.926805574
821.951599  498.902466  -2.597780044  6.670530828
821.951599  498.902466  -2.597780044  6.670530828
716.883301  617.728149  -2.793707408  6.883882653
658.196716  610.78064  -2.900850966  6.869974098
1539.799805  767.283875  -1.277767806  7.176424063
1899.708496  802.156372  -0.592805023  7.249646441
1831.969849  27.252644  -0.707575479  5.808982835
2133.581299  830.143066  -0.128007278  7.312870201
2087.726807  1136.563599  -0.220234037  7.891840545
2087.726807  1136.563599  -0.220234037  7.891840545
1382.121948  667.049866  -1.570540867  6.988595725
1080.825439  380.254608  -2.120172471  6.460466759
1366.129883  599.57666  -1.598793487  6.864666776
1956.480225  1308.394897  -0.477296578  8.213945259
1286.41333  142.761749  -1.735992641  6.028257649
1257.671509  106.71283  -1.788549933  5.96211515
1257.671509  106.71283  -1.788549933  5.96211515
1858.239136  767.304077  -0.672274954  7.18378417
1858.239136  767.304077  -0.672274954  7.18378417
468.165466  715.199036  -3.25280923  7.05468814
1952.169067  303.972382  -0.481270524  6.321775048
1952.169067  303.972382  -0.481270524  6.321775048
291.893158  429.022644  -3.56347205  6.531539374
999.457092  282.76886  -2.268324478  6.282636933
1501.328857  301.441742  -1.340961956  6.32008456
921.486816  410.625092  -2.413177528  6.512279252
2019.088867  1090.056641  -0.356875198  7.799036102
1638.682739  643.889709  -1.08871735  6.95066398
1294.768066  272.753906  -1.723850804  6.265331803
1846.434814  778.640503  -0.694547654  7.204882704
1975.111084  910.891418  -0.445308008  7.45669194
1975.111084  910.891418  -0.445308008  7.45669194
1493.540527  223.055054  -1.354382775  6.174863568
1449.299805  374.615295  -1.43877364  6.452462078
1271.214478  610.479614  -1.7761591  6.882319245
1334.384155  782.732605  -1.663427617  7.19912257
2040.841064  1451.527466  -0.311287811  8.493726926
1599.088135  610.412537  -1.162668355  6.8882061
1670.46521  526.567017  -1.025433202  6.734318056
2205.277344  1327.771118  0.015102797  8.266223018
1996.326538  132.600403  -0.390450746  6.000998281
1500.024658  784.878174  -1.353246791  7.207825864
1500.024658  784.878174  -1.353246791  7.207825864
750.157776  412.076538  -2.726257316  6.511670234
1576.577148  548.057495  -1.203315808  6.772955801
1576.577148  548.057495  -1.203315808  6.772955801
841.253784  410.569153  -2.559608558  6.510593603
1780.715576  1311.082275  -0.819859968  8.208805355
1518.003906  638.473328  -1.315093304  6.938946845
1518.003906  638.473328  -1.315093304  6.938946845
1075.37854  8.267491  -2.121151458  5.782946645
1715.068237  1302.710815  -0.946855259  8.189421712
2076.115967  1229.512573  -0.242648735  8.068762946
1028.525513  114.217094  -2.209547268  5.97492956
1272.059326  772.791626  -1.778953062  7.178930998
1095.792114  247.053238  -2.090010877  6.217417497
1146.351929  243.433533  -1.997501122  6.21146628
2141.180908  802.405701  -0.116327435  7.258659345
797.981201  687.704956  -2.647659373  7.01272931
1857.803589  780.353088  -0.673349939  7.207991313
1962.831421  334.043701  -0.460637802  6.377833736
513.627197  121.594208  -3.147607646  5.980928291
1820.865234  104.84642  -0.73204115  5.953554814
1633.805908  601.685974  -1.097074238  6.872540005
1225.727783  881.930298  -1.867754868  7.377264275
1393.951172  830.97467  -1.553714093  7.289242463
803.038513  470.899902  -2.631277594  6.619352206
43.416599  99.460907  -4.001861151  5.931146499
2046.062134  436.374817  -0.300625955  6.568876998
1909.633667  593.908325  -0.570900318  6.861483941
1909.633667  593.908325  -0.570900318  6.861483941
361.061768  324.150665  -3.433991792  6.343534407
1722.014893  239.120972  -0.92078261  6.202322777
2140.922607  589.097656  -0.116155437  6.85619245
2140.922607  589.097656  -0.116155437  6.85619245
1533.216309  193.833282  -1.278777793  6.120819262
1533.216309  193.833282  -1.278777793  6.120819262
2155.211914  674.541504  -0.088544809  7.017389401
1894.480591  1102.891602  -0.601416907  7.816867299
1694.812988  1011.378052  -0.987846708  7.634786928
2028.935303  320.554016  -0.336394473  6.352818637
1401.555786  823.124817  -1.539722282  7.274269104
1538.4552  643.918518  -1.277156815  6.948973279
2091.6521  818.816284  -0.215745097  7.287177412
1525.415771  534.988403  -1.287313678  6.751662702
1090.778564  278.250214  -2.099789745  6.274102534
1545.461304  789.931335  -1.267717942  7.217924726
813.673706  175.222778  -2.603581966  6.083322724
1895.268677  216.185638  -0.589669065  6.158932684
1435.26709  303.824097  -1.463337309  6.322526153
1997.198608  1063.135132  -0.40054361  7.746490613
215.731613  339.717957  -3.69872523  6.368175432
1561.86438  522.528748  -1.230202446  6.725499937
1537.78064  185.963989  -1.270177909  6.106711512
1537.78064  185.963989  -1.27009791  6.10639016
1571.752563  884.401367  -1.221291566  7.392619407
1571.752563  884.401367  -1.221291566  7.392619407
1890.308472  1336.167725  -0.606503839  8.263510671
981.084473  130.855408  -2.296564098  6.004868997
1631.70166  713.321838  -1.103505151  7.078710619
1294.65271  161.799454  -1.721725833  6.062747228
2115.684082  800.409912  -0.166181764  7.254061341
848.117004  595.963074  -2.552938648  6.847495299
1945.402832  1058.801758  -0.502886233  7.735233529
2170.999512  662.154236  -0.057644224  6.994116843
1304.420288  148.062271  -1.703684075  6.03753088
2213.862549  1331.898804  0.033076555  8.275169251
2104.216553  583.041199  -0.187876472  6.844393592
2104.216553  583.041199  -0.187876472  6.844393592
1875.252808  777.822754  -0.639733392  7.203778293
1875.252808  777.822754  -0.639733392  7.203778293
2052.225098  939.171143  -0.292682062  7.513771882
1633.757935  624.426636  -1.097944226  6.913953104
356.660889  400.123169  -3.444104656  6.480949386
1823.585571  791.449707  -0.739268052  7.227644241
769.156128  278.329529  -2.687606836  6.269494669
564.968262  360.372742  -3.062248795  6.414016451
1997.872559  413.202545  -0.395325681  6.525413428
1325.402466  486.98349  -1.670831517  6.657857455
1841.016846  793.708618  -0.705481507  7.232602255
1037.741943  537.167908  -2.204109342  6.744442614
1793.298462  714.313232  -0.795849291  7.08372391
1952.750732  800.60791  -0.489177418  7.248714926
1704.543457  1023.096436  -0.968650966  7.657683184
1076.956665  17.856277  -2.118353496  5.800413743
1606.477417  326.136322  -1.143836609  6.364069839
1606.477417  326.136322  -1.143836609  6.364069839
1487.296265  797.736328  -1.377631463  7.231005285
1487.296265  797.736328  -1.377631463  7.231005285
1487.296265  797.736328  -1.377631463  7.231005285
490.589325  521.658447  -3.206378855  6.704914575
1895.338257  765.96991  -0.600215924  7.182345199
1198.823364  531.43158  -1.907580332  6.737025565
1363.713135  610.837952  -1.60373542  6.885016649
1837.795532  389.519012  -0.702751544  6.481218087
2094.772705  598.001343  -0.207613206  6.872154728
1306.932739  778.86615  -1.714608928  7.190966333
2063.777832  961.495544  -0.270203364  7.556410897
1798.80249  602.427795  -0.781495484  6.876514058
2066.929688  81.507652  -0.253469589  5.905202042
1331.232056  388.436829  -1.659988663  6.478298004
1999.592163  1153.136719  -0.395503678  7.917792646
1999.592163  1153.136719  -0.395503678  7.917792646
193.577316  301.634979  -3.737232712  6.298825874
1675.302246  1318.985596  -1.023561227  8.218194439
1851.333252  1213.149292  -0.6837168  8.025425106
1332.977295  466.600555  -1.657526696  6.620139209
2206.116943  1319.192139  0.017365766  8.250069037
1844.305176  318.170105  -0.688022742  6.349245664
468.832886  650.11377  -3.248763285  6.936484246
1791.392334  909.672363  -0.800748225  7.448686109
1905.938843  798.921692  -0.580163193  7.243783961
399.85202  648.651917  -3.373712603  6.931607312
850.082581  665.309204  -2.55131267  6.972796638
1604.456055  796.588257  -1.156849433  7.231936736
1604.456055  796.588257  -1.156849433  7.231936736
2086.390381  838.583313  -0.22514497  7.324952214
2084.278564  383.850494  -0.224008986  6.470642076
1476.203369  395.61972  -1.388733313  6.491398839
302.148163  769.690491  -3.559583102  7.149625185
963.38446  629.332092  -2.34247348  6.909935387
1609.350464  776.564697  -1.147214563  7.195161818
1609.350464  776.564697  -1.147214563  7.195161818
524.172485  677.945618  -3.14878263  6.988695323
2099.111084  1180.073608  -0.198028335  7.975157648
2074.696045  715.720337  -0.248356658  7.092783406
1583.794922  1313.144409  -1.200591845  8.199903508
1881.928467  774.345947  -0.626535569  7.197474901
217.3638  324.114563  -3.694660285  6.339740424
846.790588  100.277626  -2.541140807  5.947749547
1882.973877  396.773346  -0.615276721  6.49472819
949.046021  552.652649  -2.366873151  6.770597069
1496.041138  799.228149  -1.361304682  7.23399353
1930.597778  302.162933  -0.522570968  6.318458935
1071.941895  330.667786  -2.136008258  6.369277514
1449.756714  1139.849609  -1.453993435  7.86497158
1729.331055  527.706116  -0.913880703  6.736911374
963.013123  646.735657  -2.344333455  6.941848454
378.638916  263.926208  -3.399301259  6.234776649
2034.950439  791.03302  -0.328652578  7.232870478
1790.474609  1367.424561  -0.800912223  8.317382242
2020.292114  349.853119  -0.349807293  6.407101103
1471.396484  80.095589  -1.391279279  5.911987102
2164.867432  686.89386  -0.070319054  7.040746665
1355.640259  876.887207  -1.626256117  7.372233574
1255.44873  1190.682007  -1.818628529  7.954364004
1354.05127  777.99884  -1.626387115  7.191244098
1354.05127  777.99884  -1.626387115  7.191244098
315.486389  423.310059  -3.520562627  6.522019131
2156.052734  454.84964  -0.084196867  6.604384194
1792.320801  1295.2771  -0.797702266  8.179387143
1781.679443  132.155899  -0.806692145  6.004766496
1305.522583  377.712067  -1.706522037  6.457360716
495.875458  182.000519  -3.182017183  6.089852807
1353.936768  209.759674  -1.612950296  6.150286227
1508.111938  390.910339  -1.329020117  6.482837616
1851.520264  1154.270874  -0.684625788  7.912223979
2105.588623  539.647522  -0.184533517  6.763067149
1898.652222  773.623352  -0.594092006  7.196648346
1898.652222  773.623352  -0.594092006  7.196648346
1327.948853  1212.300659  -1.683736344  7.996521074
2024.015503  543.858215  -0.345972345  6.770209079
856.370483  393.150726  -2.531747933  6.479465808
861.232239  407.986664  -2.522497057  6.506394621
1936.989624  705.285278  -0.519287012  7.069851585
1557.04187  800.73468  -1.246141232  7.238631178
1664.936279  784.963745  -1.042725969  7.211368068
1664.936279  784.963745  -1.042725969  7.211368068
1848.043945  109.689369  -0.680081849  5.96205019
1865.244263  760.038208  -0.659085131  7.170074721
1934.190308  572.090881  -0.52242097  6.821379194
745.222717  545.957764  -2.739154142  6.754253088
1318.058472  768.859802  -1.693465213  7.173134221
1170.551025  210.10347  -1.951857736  6.150584724
1797.930298  1200.719604  -0.787516403  7.998613429
1000.262085  104.735458  -2.261288572  5.95715564
1984.137207  1430.79895  -0.424004295  8.449034076
1832.7854  439.713165  -0.713235403  6.574316612
1511.982422  610.252686  -1.325577163  6.886880994
1350.258179  196.520966  -1.619593207  6.126112652
834.397705  105.775108  -2.563991499  5.957534666
1958.325195  582.73468  -0.475995595  6.841287243
1710.325562  505.260681  -0.949380225  6.695117001
742.388611  162.059921  -2.733795214  6.058123582
398.335541  663.834106  -3.377321555  6.959225637
1807.277832  788.921326  -0.76988664  7.223056489
1719.024536  264.076477  -0.928279509  6.249050461
2138.282959  758.097839  -0.12260235  7.174472889
1793.291016  1309.260986  -0.794953303  8.207097369
2139.974609  922.042114  -0.117523419  7.485645545
2139.974609  922.042114  -0.117523419  7.485645545
434.209656  166.227997  -3.294982663  6.059457449
1420.491455  796.224121  -1.503128774  7.225943917
1955.464844  868.70929  -0.484403482  7.376301855
2063.814941  607.696777  -0.268532387  6.889770218
287.69046  471.45993  -3.573016922  6.608290324
1387.53894  1117.900269  -1.570865863  7.820579367
1313.666138  842.579407  -1.703754074  7.307455395
1322.97168  1179.552002  -1.692363228  7.935175248
2136.216797  392.598816  -0.122516351  6.486890029
963.665833  271.301208  -2.332394615  6.259874905
1329.749512  389.688354  -1.661876638  6.47943896
263.466278  285.15921  -3.60954843  6.27071902
910.504639  203.868378  -2.427772332  6.136687001
1864.856567  533.13501  -0.654119198  6.748295878
1864.856567  533.13501  -0.654119198  6.748295878
1880.095215  1372.280029  -0.626076576  8.332213172
2165.174072  1128.472046  -0.067108097  7.879703955
2158.942139  1125.766357  -0.079394932  7.87466997
1321.373657  1179.550049  -1.695413187  7.935033123
1321.373657  1179.550049  -1.695413187  7.935033123
1489.028198  1334.885498  -1.381821406  8.235317588
2170.430664  435.139648  -0.055143258  6.566933231
512.373291  714.22467  -3.170697335  7.052963716
1440.459229  218.857681  -1.452064461  6.16679533
940.393494  397.652832  -2.378681993  6.489462353
1962.341064  1343.965942  -0.466384724  8.281718616
1327.529175  1260.894653  -1.685540319  8.087357266
1602.329224  9.033406  -1.148058552  5.782898395
1874.86438  803.833313  -0.640801377  7.252052049
1820.182129  563.00824  -0.740572035  6.803305784
452.747162  361.713074  -3.267422034  6.413764082
1208.012207  254.499893  -1.883743652  6.232126402
1980.41626  553.030518  -0.432248184  6.78609475
1307.567139  353.766815  -1.702333093  6.413449362
1924.081055  400.188629  -0.536984774  6.501127327
1297.112183  1297.635376  -1.743308542  8.155478701
558.70575  17.307009  -3.062351793  5.793547401
1791.703125  682.144714  -0.798601254  7.02389064
990.047302  465.396301  -2.289465193  6.613074904
1385.348022  151.999649  -1.553708093  6.044622429
1599.512573  745.903259  -1.164675328  7.138222523
2021.04834  38.238838  -0.342122396  5.825392446
177.568466  165.938538  -3.762601371  6.053286858
1922.911255  321.350311  -0.537376769  6.354243604
395.172241  481.861511  -3.377346555  6.62988412
831.20752  431.534302  -2.578597303  6.548316649
1423.473999  1072.164551  -1.502376784  7.737486957
1423.473999  1072.164551  -1.502376784  7.737486957
835.78479  314.771606  -2.567006458  6.33686961
773.793274  389.313751  -2.682256908  6.470873979
865.680725  370.09903  -2.513938173  6.437759756
1846.664673  788.370422  -0.694627653  7.222658032
1576.323364  1383.905518  -1.214763654  8.334918042
2153.49585  384.812744  -0.087200827  6.472537039
1527.069824  294.397522  -1.292611607  6.30566823
2005.36377  313.976532  -0.37827391  6.340168232
306.397095  442.94104  -3.537074405  6.557041385
1616.248535  298.676361  -1.125287858  6.313474879
345.361053  367.62149  -3.461367424  6.420952432
786.315247  254.149902  -2.655858263  6.225884238
1607.476685  459.859283  -1.143657611  6.61023496
2225.040527  997.248657  0.052188298  7.632397206
2197.568115  586.32135  -0.003817949  6.851862517
2089.993408  789.179382  -0.218230064  7.231679584
1461.907349  390.265167  -1.415514953  6.482049222
1458.172852  165.002869  -1.418046919  6.068077458
1478.458618  224.035172  -1.381970404  6.17645839
1478.458618  224.035172  -1.381970404  6.17645839
1893.364868  383.095825  -0.593864009  6.469740329
1893.364868  383.095825  -0.593864009  6.469740329
969.969604  164.893082  -2.317749812  6.066509804
1946.931152  116.466393  -0.488188431  5.972688183
2078.200928  354.275818  -0.235709828  6.415209505
1468.210693  820.784912  -1.414157971  7.272744419
2143.415771  332.217865  -0.107466554  6.373694201
1821.040894  798.243835  -0.743952989  7.240410217
1821.040894  798.243835  -0.743952989  7.240410217
1512.648438  647.404724  -1.324980171  6.955833678
1633.732544  185.45752  -1.090420327  6.104714379
1895.888794  758.309265  -0.599415934  7.167916303
2112.392578  780.987671  -0.175502638  7.216475972
2070.008057  653.229919  -0.256340551  6.976011736
1487.061401  343.401611  -1.367878594  6.39555258
1362.778076  1067.713867  -1.616253252  7.726662233
2083.084229  954.01593  -0.231314887  7.543506324
204.824707  297.446503  -3.718631962  6.291307015
831.195923  129.249756  -2.570090417  6.000199875
1893.869141  791.793579  -0.60495586  7.22958106
1425.117676  444.142609  -1.484502025  6.580603657
307.058289  371.601105  -3.534206444  6.42804226
1981.690674  342.11026  -0.425378276  6.392704904
2007.174683  657.454285  -0.381492867  6.981738132
1631.516113  1177.825073  -1.108477084  7.945921983
2216.266846  544.114441  0.035308525  6.772619863
2096.476563  789.630554  -0.205762231  7.232643177
1603.695801  596.645691  -1.15409947  6.862583895
1729.945923  537.990234  -0.913260711  6.755863226
1560.738281  767.909058  -1.238381336  7.178127487
1913.450195  1369.644287  -0.561458445  8.328567961
2148.605713  769.505554  -0.102446621  7.196208712
1943.168579  345.390015  -0.498081298  6.398820657
1320.77478  791.82605  -1.689073272  7.21522681
1077.705688  666.45282  -2.134451279  6.980602527
1472.137695  57.079376  -1.389642301  5.870083922
442.057861  715.943054  -3.299714599  7.054931731
1471.201782  1162.032593  -1.413802976  7.907424107
1032.275269  759.448547  -2.220694118  7.149265558
1558.959595  356.563324  -1.233357404  6.419927367
1558.959595  356.563324  -1.233357404  6.419927367
1314.002441  773.72821  -1.701222108  7.181853469
1558.408325  834.993286  -1.244934248  7.301410756
1576.088867  383.148956  -1.201186837  6.468861596
1092.623901  139.097977  -2.09272384  6.020730719
124.623009  539.09021  -3.873207882  6.7262524
772.334412  79.321915  -2.67612299  5.908409328
1847.797241  938.84491  -0.692488682  7.505047712
24.641798  115.132736  -4.037033678  5.958533995
1005.1828  306.478577  -2.256851632  6.324565383
1939.676636  804.379395  -0.514841072  7.255186107
1959.290894  613.115356  -0.474649613  6.89828725
1034.560303  378.302246  -2.205608321  6.455323741
1706.977051  498.959869  -0.955462143  6.683563746
783.218018  482.276093  -2.667631104  6.639452427
521.410278  124.601746  -3.133621834  5.986711901
1071.730713  624.742798  -2.144286147  6.904535648
1748.195923  536.003357  -0.878466179  6.752341396
1613.03479  414.445587  -1.131941769  6.526979644
439.328522  106.144913  -3.283170822  5.951226382
406.507172  317.216156  -3.350755912  6.332067377
406.507172  317.216156  -3.351031909  6.332165789
1353.583374  770.820801  -1.6274991  7.176947524
1278.211792  704.217407  -1.765706241  7.053919073
366.922485  58.286282  -3.414959048  5.862419586
366.922485  58.286282  -3.414959048  5.862419586
1041.146973  165.174149  -2.187457566  6.067576587
833.060303  329.956085  -2.572464385  6.364574293
833.060303  329.956085  -2.572464385  6.364574293
1853.291138  339.783295  -0.671584963  6.388875863
810.836975  466.24939  -2.617926773  6.611200863
2139.162354  599.531006  -0.119518392  6.876012005
490.897247  111.87532  -3.188689093  5.96306297
2204.622314  96.875633  0.015306794  5.932036505
1294.155151  676.712646  -1.735056653  7.00415098
888.667236  394.649353  -2.472773726  6.482682582
1699.058105  1335.563477  -0.977912841  8.250980285
1586.794678  401.1203  -1.180544115  6.501982143
1410.340698  1117.9552  -1.528095438  7.821973393
1785.38501  833.122864  -0.813173058  7.304320462
2125.264404  584.315552  -0.14637103  6.847012036
1131.119507  85.236153  -2.021159803  5.923157449
1586.95813  767.296814  -1.189020001  7.177543256
1418.635498  348.060455  -1.495851872  6.403803282
1225.216309  1447.015625  -1.882000676  8.434637423
1225.216309  1447.015625  -1.882000676  8.434637423
1913.932739  21.867014  -0.551021585  5.797829074
1432.996704  583.880554  -1.473854168  6.835931786
1885.157349  789.11554  -0.620594649  7.225010845
1525.466675  1252.835327  -1.312069345  8.081119657
1521.20874  381.205658  -1.304202451  6.465247752
1852.508667  1273.723999  -0.680569842  8.141657785
1392.322632  437.910736  -1.546308193  6.568490806
499.502228  199.468552  -3.176424258  6.121418672
1525.46936  507.333649  -1.298439528  6.697187415
571.112244  357.705811  -3.050938947  6.408964247
1831.422363  91.776604  -0.711134431  5.929115122
385.505035  594.067749  -3.398590269  6.83282774
1272.107422  371.025482  -1.7687632  6.444484968
1889.198608  759.372009  -0.612140763  7.169488712
1397.154541  653.273315  -1.542238248  6.963752659
848.236145  383.443665  -2.546241738  6.46161457
1432.268188  407.362885  -1.471199204  6.512630441
1541.379639  463.658417  -1.267651943  6.617136667
1226.636963  1388.558594  -1.877868731  8.323194251
2152.067871  312.709503  -0.09141377  6.337169692
400.878632  539.142944  -3.367746684  6.733519563
801.806274  169.691849  -2.624910679  6.072886023
1852.642212  1172.27002  -0.681437831  7.947516188
448.536072  313.737305  -3.273880947  6.326842928
189.920532  766.471802  -3.764531345  7.14035988
189.920532  766.471802  -3.764531345  7.14035988
559.637634  732.01355  -3.086625467  7.088178604
2155.800293  27.065592  -0.080381918  5.802186968
546.826416  247.739456  -3.09229939  6.209551394
2164.547852  831.460022  -0.068685076  7.314748312
1969.085083  348.113647  -0.449147956  6.403996839
2041.975952  1094.573242  -0.312445796  7.808104619
568.905273  127.142487  -3.047193997  5.992398706
1851.313232  761.083435  -0.68521078  7.1720773
435.000977  44.904438  -3.288943744  5.840412187
849.019104  331.526733  -2.543279778  6.367493728
199.005478  632.496765  -3.741181659  6.897461618
1543.575684  597.652161  -1.266508958  6.864067025
972.96521  454.779083  -2.320236779  6.593334826
1315.147949  414.550385  -1.689618265  6.524602751
1186.562012  1345.531006  -1.951989734  8.239972254
1101.80896  301.918304  -2.080192009  6.317314518
830.979248  681.921631  -2.587241186  7.002716156
1276.953613  1106.959351  -1.776982089  7.797520515
1939.051147  1095.059326  -0.514555076  7.804160586
765.979065  374.602509  -2.696154721  6.444127007
516.546936  541.422241  -3.157411514  6.740888567
183.324692  140.121399  -3.749072553  6.007373562
937.006409  121.428833  -2.376560021  5.987502169
1503.717285  56.623199  -1.330682094  5.868912243
1595.792847  1044.577271  -1.177688153  7.691860943
1473.645386  192.414734  -1.389906297  6.118378209
1661.301392  1310.80896  -1.051123856  8.200842983
754.710815  310.802979  -2.71477647  6.327863977
2088.10376  778.102905  -0.22217101  7.210755983
1781.847656  825.830078  -0.819643971  7.290671651
1282.493042  708.918762  -1.757720348  7.062570192
2013.610229  348.269897  -0.364347097  6.40408617
230.142944  107.815514  -3.663018711  5.950063336
1481.75061  1191.379395  -1.393910244  7.963754276
1472.091553  433.23999  -1.396641207  6.560600886
1704.587769  1323.637207  -0.966702992  8.22913842
1582.668701  791.99939  -1.197688884  7.223111373
1582.668701  791.99939  -1.197688884  7.223111373
459.361267  130.855164  -3.247374303  5.996195661
2120.116455  389.271332  -0.154311924  6.481019021
1453.106445  765.77301  -1.441138608  7.171117472
1453.106445  765.77301  -1.441138608  7.171117472
1964.907104  1156.801392  -0.463212767  7.923130014
1440.187378  1065.982666  -1.470919207  7.726517186
1584.892212  484.309143  -1.186203039  6.655297957
1015.468994  78.832214  -2.232733956  5.910735007
2090.62207  805.228821  -0.217211077  7.262112893
1324.416504  798.37793  -1.68254936  7.227277348
1324.416504  798.37793  -1.68254936  7.227277348
1889.205811  1408.722534  -0.608967806  8.402275005
2131.87793  310.158295  -0.129834253  6.332153838
1649.152344  154.119186  -1.058339759  6.046553711
1419.916382  853.853394  -1.505344744  7.332238262
1403.152954  766.904236  -1.53465835  7.172043974
1585.905518  386.197205  -1.183051081  6.47456991
2027.950684  1206.761719  -0.338642443  8.021844508
1483.479736  1380.814331  -1.392270266  8.323100164
1376.510986  6.025964  -1.567044914  5.777705846
1977.906006  575.501831  -0.437826109  6.828026384
1959.441895  1106.507813  -0.474577614  7.826803617
1988.500977  648.139893  -0.418139374  6.963938539
1589.217896  304.388  -1.176150174  6.323899658
1058.858643  376.979431  -2.160762925  6.453267638
1599.284912  357.95285  -1.15781942  6.42246492
244.785675  512.985718  -3.653923833  6.68244041
545.731018  10.206677  -3.085980475  5.780594533
1987.22937  348.121277  -0.415246412  6.40411886
2121.804932  805.220642  -0.154973915  7.263287227
388.714996  119.013863  -3.376120571  5.973065958
959.82428  161.817078  -2.336407561  6.060710233
959.82428  161.817078  -2.336407561  6.060710233
2090.073486  386.040558  -0.212920135  6.474698426
2056.936279  160.557571  -0.27348432  6.052694856
747.512329  139.634583  -2.723537352  6.017559845
994.859131  449.929596  -2.280114319  6.585069434
1017.70697  450.723907  -2.238320881  6.586807487
1048.000854  269.871155  -2.177845695  6.258411122
1908.417114  1218.150024  -0.572569296  8.037823626
997.184326  198.956161  -2.268791471  6.128843448
1282.103638  775.755432  -1.760332313  7.185068267
1465.317749  385.066254  -1.408780044  6.472283269
1287.249512  25.97641  -1.732712685  5.814995717
2210.481445  144.250366  0.022648695  6.020942848
1283.839966  784.699097  -1.757162356  7.201587875
1283.839966  784.699097  -1.757162356  7.201587875
993.96698  472.919769  -2.282706284  6.626967172
1435.274292  691.568726  -1.471969193  7.034898765
1435.274292  691.568726  -1.471969193  7.034898765
451.481262  633.122925  -3.279472872  6.905457436
2030.731689  1411.192749  -0.331295542  8.415480734
1521.604126  1217.091431  -1.318695256  8.013856291
1476.386597  151.03566  -1.383488384  6.042405341
1447.577393  704.818604  -1.449514495  7.059376125
1126.987549  415.703339  -2.036405598  6.5247177
958.229919  322.974121  -2.343775462  6.353794217
387.205933  250.673981  -3.38359747  6.211197474
387.205933  250.673981  -3.38359747  6.211197474
1015.639893  489.07428  -2.243044818  6.656587867
548.279175  705.301575  -3.105614211  7.038748487
1420.772705  776.268311  -1.502077788  7.18968192
1907.797607  337.122223  -0.567149368  6.383652836
821.947449  344.275299  -2.590918137  6.390360907
1395.501343  1211.23291  -1.556799052  7.997177287
1344.671631  8.056542  -1.625783124  5.781731559
1344.671631  8.056542  -1.625783124  5.781731559
534.75061  722.997253  -3.131503863  7.071021118
1332.921265  1147.442993  -1.673246485  7.875150033
527.262146  67.463913  -3.121146002  5.883663888
287.686371  323.137695  -3.566569008  6.339984822
566.413086  624.891785  -3.069446698  6.893500413
1285.452393  164.02713  -1.738739604  6.066779545
305.045135  504.947327  -3.542062338  6.669261717
1968.000244  579.904236  -0.457373846  6.836062672
540.184753  648.249207  -3.11834404  6.93523914
1957.487061  1029.292236  -0.479165552  7.679638168
1328.347778  689.675476  -1.671431509  7.028982997
277.686707  672.529785  -3.599787561  6.972489567
619.177185  580.668274  -2.970930023  6.814213771
2035.562622  832.309387  -0.327126598  7.310799272
750.690552  416.766602  -2.726053318  6.520216234
342.06546  540.768921  -3.476658218  6.735378069
1999.400879  679.738159  -0.396967658  7.023314827
1501.233154  484.028351  -1.34289793  6.654398311
1491.453613  1410.163574  -1.376654476  8.381198084
2018.820435  234.741638  -0.349521297  6.192184986
218.333771  61.193668  -3.682518448  5.865917479
1636.174072  867.899414  -1.098725216  7.364383774
1501.021729  1270.955933  -1.358332722  8.114452834
989.237  61.823032  -2.28002432  5.879800696
923.180969  394.242645  -2.409646576  6.482559839
923.180969  394.242645  -2.409646576  6.482559839
495.779846  153.852585  -3.181295193  6.038935421
1896.549072  920.472473  -0.597872955  7.472596597
1005.917175  326.037628  -2.256563636  6.35998107
1307.53418  1177.984985  -1.721036842  7.93214671
2108.528564  833.186096  -0.181771554  7.315359801
1326.772705  1325.603882  -1.688175284  8.210153892
1978.96228  1394.461426  -0.434323156  8.379239174
559.916077  6.065399  -3.059728828  5.773444227
559.916077  6.065399  -3.059728828  5.773444227
940.369934  426.727966  -2.379234985  6.541840326
1833.519409  1315.697388  -0.716800355  8.221624411
1833.519409  1315.697388  -0.716800355  8.221624411
229.672256  641.062927  -3.700924201  6.919347887
102.704781  18.105883  -3.889119668  5.786777464
363.101715  116.500267  -3.423714931  5.967732434
1847.214111  1159.619873  -0.692459682  7.922665271
2096.152344  341.158936  -0.200422303  6.39050898
1682.93335  1286.309082  -1.009071422  8.155815984
2085.977051  1159.128296  -0.223953986  7.934255571
1326.253174  575.089661  -1.67283649  6.818751369
1618.100708  415.707947  -1.122459896  6.529132314
2113.432861  674.901184  -0.1709287  7.016617808
1569.630127  1259.351685  -1.227357485  8.096539967
1013.636719  325.383453  -2.242434826  6.358872796
1972.591187  398.453735  -0.443567031  6.49805412
1972.591187  398.453735  -0.443567031  6.49805412
1531.243896  164.455597  -1.282018749  6.067151424
1621.548218  608.268005  -1.120600921  6.884482714
