274.160187  1485.847168  -9.836196645  8.299149335
206.20813  1290.705933  -9.943776197  7.940981488
532.748108  1380.876953  -9.363417006  8.121430795
321.043243  1129.551147  -9.725305137  7.652579574
481.928192  1391.82251  -9.45601776  8.141767991
353.171814  1044.25769  -9.662402983  7.500470832
978.473633  933.625732  -8.530960208  7.324975732
542.637939  1272.919556  -9.336867364  7.925478859
527.976135  1218.430786  -9.359496059  7.824698475
892.309082  1239.170288  -8.701061919  7.877641345
885.378296  1260.066895  -8.715311727  7.918592232
908.383057  1399.976929  -8.679547208  8.179009613
427.054321  1063.335571  -9.529999765  7.537055057
427.054321  1063.335571  -9.529999765  7.537055057
303.887604  1370.222778  -9.773684486  8.091200031
800.842896  1076.347534  -8.859040793  7.57938775
1006.113403  894.23053  -8.479375902  7.255832915
248.793655  1098.868774  -9.853919406  7.594426547
281.86853  1035.322388  -9.789236276  7.480591883
775.952148  1254.376099  -8.913171065  7.901029436
23.436266  906.658142  -10.23946922  7.239492281
173.562897  1350.459717  -10.00616036  8.046943911
345.274628  877.419861  -9.665299944  7.199809445
781.198242  1281.109985  -8.904823177  7.951147122
944.080383  1253.518555  -8.607623176  7.909651934
327.92453  1300.474121  -9.726276124  7.964713385
21.169386  1261.064331  -10.27304377  7.877512429
21.169386  1261.064331  -10.27304377  7.877512429
896.469666  1262.75  -8.694365009  7.92232067
288.975708  1418.099487  -9.803799081  8.175505056
320.139679  1069.893677  -9.723941155  7.545273213
612.266418  1146.027954  -9.203070164  7.696315547
276.826904  1456.806763  -9.82913574  8.246563089
986.870178  1377.481079  -8.534807156  8.140122346
555.655029  1255.802002  -9.312112697  7.894169358
241.858841  1455.107178  -9.891687898  8.241642723
241.858841  1455.107178  -9.891687898  8.241642723
584.223022  1058.96167  -9.248353555  7.536776391
725.382568  949.055359  -8.98858905  7.345284514
725.382568  949.055359  -8.98858905  7.345284514
280.013977  1053.228271  -9.794432207  7.513409459
331.650085  1049.042114  -9.702247447  7.508380765
394.509979  1108.297607  -9.593004917  7.617673764
503.203888  1209.338501  -9.404284456  7.806720416
790.561584  847.394653  -8.866095698  7.164206863
996.97998  907.361389  -8.496454672  7.278477909
364.700439  1158.654541  -9.650689141  7.711987917
90.874367  1105.847534  -10.1367226  7.600345551
297.637695  1148.142334  -9.770227532  7.686770088
340.325348  870.307129  -9.673194838  7.18684836
489.702911  1113.932129  -9.42184022  7.632136555
489.702911  1113.932129  -9.42184022  7.632136555
336.187134  1228.658447  -9.706150394  7.83431619
896.158142  951.987671  -8.680379197  7.355853328
125.709846  1105.064331  -10.07391445  7.599991371
913.935974  918.604004  -8.64670365  7.296317317
952.285156  1036.210571  -8.582700512  7.509549633
71.274376  874.487732  -10.15297438  7.183823247
196.322998  1276.733643  -9.960785968  7.913764451
434.732483  1174.547485  -9.523804848  7.738735101
567.228149  1133.938965  -9.283183086  7.671471884
959.272095  1316.370483  -8.582528514  8.024785114
15.86538  943.407104  -10.25617699  7.304573765
549.891724  1230.824463  -9.321199574  7.848467153
35.597748  934.572632  -10.22166946  7.289439708
940.719849  1220.290771  -8.61182612  7.845828347
940.719849  1220.290771  -8.61182612  7.845828347
986.294739  1276.857056  -8.531240204  7.953388975
986.294739  1276.857056  -8.531240204  7.953388975
482.103241  1040.992554  -9.430466104  7.499379564
223.378448  845.963074  -9.878033082  7.137606849
295.116211  1426.090088  -9.793555218  8.190940355
494.891174  1394.133667  -9.432384078  8.146754357
567.815674  1316.194702  -9.294556933  8.006055068
567.815674  1316.194702  -9.294556933  8.006055068
993.211609  1368.221802  -8.522856317  8.123201083
993.211609  1368.221802  -8.522856317  8.123201083
774.721252  1291.303589  -8.917180011  7.968949122
455.005066  1126.572144  -9.483847386  7.650550173
881.720154  1040.704346  -8.710739789  7.515452886
546.277832  914.304382  -9.307528758  7.274049428
678.833923  1299.612305  -9.092408653  7.980927241
503.751984  1137.041382  -9.397661546  7.674372623
503.751984  1137.041382  -9.397661546  7.674372623
1018.134521  1291.440552  -8.473626979  7.982676352
1585.689087  1358.289307  -7.415352219  8.152003845
282.666382  1429.942383  -9.815913918  8.197284986
412.425018  1135.750122  -9.562088333  7.668502611
1064.563232  1016.041992  -8.378727256  7.478081061
533.944702  1266.609131  -9.353178144  7.913288922
1661.099243  1360.36438  -7.266753219  8.167543698
1661.099243  1360.36438  -7.266753219  8.167543698
1925.021851  1259.195923  -6.749940173  7.99931753
1925.021851  1259.195923  -6.749940173  7.99931753
1389.570313  1473.825195  -7.791232162  8.350656684
1681.961426  1332.663696  -7.228408735  8.114726257
1964.341797  1140.437744  -6.671895223  7.775431307
1964.341797  1140.437744  -6.671895223  7.775431307
1008.284485  916.303345  -8.476398942  7.295139717
607.140259  1124.078735  -9.210524064  7.65480735
1558.360352  876.143616  -7.46067161  7.250725231
1219.541382  1257.838623  -8.101891981  7.934317599
960.168945  1441.519775  -8.587033453  8.260687951
475.287964  1336.193481  -9.462902668  8.036708638
1580.071777  1418.577026  -7.426788065  8.269787019
368.989685  1017.670166  -9.632508385  7.453182396
1882.248291  1121.839355  -6.837232999  7.731483572
1488.188843  893.454956  -7.592691833  7.278693193
1925.466675  833.69696  -6.749483179  7.192414282
1384.527588  1151.252441  -7.793441132  7.745926721
1384.527588  1151.252441  -7.793441132  7.745926721
1456.188599  938.484131  -7.654858997  7.358399805
1636.444946  1404.151489  -7.317531536  8.244129296
819.931885  1050.876587  -8.823336274  7.53277854
979.22229  1039.197144  -8.534193164  7.516227424
1565.486816  1039.874634  -7.450003753  7.553181911
1582.247314  1407.284424  -7.422188127  8.244828
347.055725  1275.339966  -9.693954559  7.922298019
546.919128  1105.916016  -9.318770607  7.620645039
2100.312744  1105.821411  -6.402194852  7.718956753
184.214401  1265.280518  -9.980227707  7.891422613
1571.974731  1302.66394  -7.44059088  8.045288366
2045.826538  1177.992554  -6.497377572  7.862768422
1505.00769  1409.608154  -7.570002138  8.242198624
943.52478  1465.881958  -8.619333019  8.304201278
887.855652  1282.891113  -8.710732789  7.958804668
1948.767212  1266.891479  -6.701312827  8.016903788
654.174133  897.843811  -9.112536382  7.248445626
1953.904053  1050.04248  -6.695308908  7.60061984
487.859924  1180.974854  -9.42999611  7.754388983
968.529541  1061.7323  -8.554160896  7.55734046
141.035553  1253.000488  -10.05737967  7.867615957
978.473633  933.625732  -8.53079421  7.324938305
499.915405  1383.802246  -9.428990124  8.143887481
2073.500977  991.677124  -6.455217139  7.499827773
524.125732  1325.05603  -9.374584856  8.020650261
2093.834717  1426.595093  -6.406177799  8.343093095
425.402191  1438.660522  -9.561702338  8.224723839
1643.628174  1314.13623  -7.301929746  8.075382124
38.228905  1049.608765  -10.22525741  7.496318707
1019.057556  1033.538086  -8.461091148  7.507762323
956.947327  1134.317383  -8.57834457  7.689326303
172.929718  1375.404297  -10.01118029  8.09401356
526.069031  1308.406982  -9.370394912  7.989288575
1495.58606  1058.908691  -7.581979977  7.584150266
2079.824463  1071.067383  -6.440674335  7.652396471
989.650452  877.151855  -8.508106515  7.22363107
1898.343018  1048.532837  -6.807522398  7.592115515
1944.661987  1270.418945  -6.70931872  8.023363224
1944.661987  1270.418945  -6.70931872  8.023363224
1422.948486  1291.151245  -7.723387074  8.012007224
2035.307617  1018.484253  -6.52943114  7.549220912
929.831787  1171.713989  -8.629104887  7.756116414
2117.531738  1123.922729  -6.364822355  7.756433799
607.174744  1467.47583  -9.232802764  8.286127659
295.178406  1368.410889  -9.789775269  8.08610739
1059.327881  1219.225464  -8.395166035  7.851861574
85.906021  1448.853394  -10.17253112  8.223158321
1556.669922  1469.146973  -7.472305453  8.359744093
573.850708  1083.384033  -9.268713281  7.5787143
500.072845  937.831909  -9.391688626  7.314243173
376.461517  1144.858643  -9.627270456  7.683309265
1782.632813  999.67218  -7.033228361  7.492611608
1478.47229  1112.13623  -7.614939534  7.681896342
1244.88562  1333.609985  -8.057050585  8.077276957
1437.663696  931.88739  -7.688727541  7.345697468
1807.747314  1340.506226  -6.979715081  8.145503746
2105.380615  1434.592407  -6.384107096  8.358740673
435.916962  1155.328491  -9.521144884  7.704666366
528.382446  1116.970337  -9.353062146  7.640025564
1445.327271  1209.63501  -7.679015672  7.861682761
1019.514954  1240.259766  -8.468944042  7.887867889
1980.797363  1321.212769  -6.636731696  8.124419097
1682.86499  1135.866211  -7.223960795  7.74364419
1093.352539  1149.361694  -8.33013191  7.725896086
1191.87793  1443.52124  -8.159394208  8.278746559
857.564697  1155.829834  -8.75965913  7.724332769
1540.735352  1078.751221  -7.49779311  7.623383222
1067.312866  1299.83728  -8.383864187  7.999507673
1141.49646  894.008301  -8.233636209  7.261240009
1007.052124  1234.881104  -8.491475739  7.877214021
370.577942  1298.29248  -9.649428158  7.962707346
74.907951  1472.802734  -10.19256685  8.265015676
1520.498291  1337.583618  -7.539028555  8.108093815
524.502441  872.282288  -9.344297264  7.197662137
2032.011475  1086.979492  -6.536416046  7.679278287
764.26001  1342.673828  -8.939057716  8.062045042
546.272644  1272.053223  -9.330768446  7.923100874
546.272644  1272.053223  -9.330768446  7.923100874
1501.64917  1008.213013  -7.570345134  7.489967804
1501.64917  1008.213013  -7.570345134  7.489967804
1039.834106  1258.125977  -8.432772529  7.921186118
786.999023  1414.838501  -8.902002215  8.19782944
643.754761  1348.338867  -9.159061756  8.069087656
573.613831  1224.195557  -9.278316151  7.838066219
81.553406  1479.211548  -10.18306898  8.278611096
1907.44519  1165.675049  -6.788501654  7.815871976
1907.44519  1165.675049  -6.788501654  7.815871976
1986.525757  891.55957  -6.628824803  7.304661628
1128.605957  1389.684082  -8.274504659  8.171517907
596.497986  1427.179321  -9.249295542  8.210654077
1936.598267  1310.04187  -6.725410503  8.098824824
1025.966431  1103.710938  -8.451486277  7.63777419
1025.966431  1103.710938  -8.451486277  7.63777419
2099.532471  823.800659  -6.403024841  7.182674608
349.16333  1153.887451  -9.677798776  7.699143678
349.16333  1153.887451  -9.677798776  7.699143678
1379.669556  1265.570435  -7.803351998  7.96177637
1121.695435  1305.277222  -8.284118529  8.010549443
909.259216  1117.484009  -8.664276414  7.656997636
1073.821289  1465.710205  -8.37845626  8.310850806
2045.763184  1163.359619  -6.507776432  7.827022475
699.021179  1224.948853  -9.051211207  7.844150981
1252.942261  1298.734741  -8.040788804  8.014500257
1032.60083  1181.520874  -8.442748395  7.780525952
2104.813477  1140.381592  -6.38896103  7.78786946
1856.770996  1468.444336  -6.878888438  8.401454195
1856.770996  1468.444336  -6.878888438  8.401454195
1922.76001  1301.492798  -6.752855134  8.08101278
745.759766  1354.640625  -8.973432254  8.083620524
216.033401  1276.803833  -9.92498545  7.914807716
1043.145996  932.799561  -8.413987782  7.326694292
1043.145996  932.799561  -8.413987782  7.326694292
1119.874634  1147.31665  -8.281575564  7.722876301
820.171875  1436.498779  -8.84293501  8.241876342
1162.16394  937.34491  -8.197909689  7.340205532
940.070068  952.092896  -8.600970266  7.357035476
1465.933594  853.699707  -7.636568243  7.203525109
736.073059  1238.459351  -8.984507105  7.870558072
952.051331  1085.505981  -8.585290477  7.600203617
1513.885498  892.433838  -7.544872477  7.277681472
1932.620361  1254.169922  -6.73379439  7.990900486
1230.662354  1269.61499  -8.08195525  7.956544526
1497.254883  844.787537  -7.574881073  7.189700451
2007.42627  1336.80957  -6.581966433  8.158950224
1007.049744  1330.578613  -8.495808681  8.054244769
42.594875  910.501587  -10.20543368  7.246564992
809.254517  1465.824341  -8.864364722  8.295624861
2058.175537  1069.75293  -6.483528758  7.648619783
837.072632  1307.342041  -8.804750524  8.001380465
845.122314  1298.292603  -8.789579728  7.985263628
1802.412354  1245.875244  -6.992727906  7.961062997
1970.831909  1302.074951  -6.655977437  8.087727193
371.970917  1125.896118  -9.634590357  7.649264695
298.164703  1118.870361  -9.767206573  7.633480582
1551.088013  1477.800415  -7.482691313  8.376706081
2042.096924  1147.263428  -6.51606132  7.795485917
2047.531982  948.989197  -6.508783418  7.415980105
1027.448486  1069.720947  -8.447669329  7.575484628
2081.705322  949.393616  -6.437365379  7.420388101
2062.813965  1068.015747  -6.473255896  7.646181817
383.753998  1161.370972  -9.61585161  7.71385012
2074.185059  1361.454102  -6.448268232  8.212658778
862.453186  1139.786133  -8.750160258  7.695198588
54.171371  930.939636  -10.18661593  7.283525618
550.237122  859.579285  -9.297424894  7.176152495
427.257996  1091.689209  -9.532446732  7.589059633
1672.770996  1412.606812  -7.246201495  8.266601017
1500.471436  1047.618652  -7.572256108  7.563870392
1520.951294  850.116211  -7.530603669  7.20053188
1520.951294  850.116211  -7.530603669  7.20053188
1160.496216  1018.688232  -8.202942622  7.489881531
1601.756348  1305.624878  -7.383888643  8.053834887
948.662537  1449.231934  -8.607695175  8.273843224
27.182632  1319.067993  -10.26519587  7.981387459
27.182632  1319.067993  -10.26519587  7.981387459
850.232178  1397.536743  -8.785956777  8.170882662
1712.319214  839.06366  -7.166816564  7.189746914
1712.319214  839.06366  -7.166816564  7.189746914
1400.925903  1491.649902  -7.768396469  8.389290869
1400.925903  1491.649902  -7.768396469  8.389290869
1022.315674  1447.630493  -8.472875989  8.273660907
564.619568  1237.922974  -9.295064926  7.861809679
564.619568  1237.922974  -9.295064926  7.861809679
322.197784  1273.933838  -9.734229017  7.915118936
1025.221924  1087.005615  -8.452386265  7.606410611
944.545471  1339.941284  -8.610411139  8.068352211
1544.46814  1486.474365  -7.49485815  8.393080373
315.049835  1066.315308  -9.73251904  7.539011316
2134.107178  909.454834  -6.3318008  7.347872028
1055.962036  1378.786499  -8.40817986  8.146104248
42.199905  1101.937256  -10.22118746  7.589494996
1783.615479  972.254578  -7.028495425  7.44340171
1904.285889  1095.159424  -6.793926581  7.68227134
512.191467  1137.212402  -9.382953743  7.675696838
1135.714966  1431.830566  -8.26251082  8.253354391
2091.202637  1466.912964  -6.409525754  8.423184802
1327.678467  1419.993652  -7.904481638  8.247362289
879.351379  1273.775024  -8.726105582  7.941951059
1418.441772  922.824524  -7.726529032  7.326495644
1025.738892  1129.768799  -8.453150255  7.685354759
1659.867188  1337.476563  -7.271674153  8.12076297
54.185951  1314.153442  -10.21691952  7.973991787
1690.799438  1382.468628  -7.21021198  8.21166073
1881.271729  1159.681763  -6.837936989  7.803855053
501.287567  892.796265  -9.386506696  7.233423336
1816.434082  1492.43042  -6.959532353  8.443094644
1898.248779  1274.819824  -6.80219247  8.02691126
1031.68811  1189.989136  -8.444942365  7.79609854
2109.484131  1333.563232  -6.376068204  8.162628867
285.400269  1341.066895  -9.805404059  8.0358261
1028.864868  1039.976196  -8.443773381  7.520179244
1028.864868  1039.976196  -8.443773381  7.520179244
919.799622  925.429199  -8.63631279  7.308663838
1376.910645  1161.926636  -7.80770594  7.765180122
843.891663  1304.949707  -8.792275692  7.997575156
894.956726  1230.385376  -8.695674991  7.862702081
1023.092773  1112.995972  -8.457283199  7.654532952
984.757751  932.966492  -8.51963336  7.324674526
1498.633423  1381.689453  -7.581373985  8.188930936
1498.633423  1381.689453  -7.581373985  8.188930936
1986.779419  1137.02002  -6.626689832  7.771048433
554.07959  1421.680298  -9.326877498  8.20048097
1096.829834  1118.546631  -8.322874008  7.668936382
69.189659  1086.886475  -10.17322811  7.564746838
846.939209  1418.648071  -8.793180679  8.210873775
1881.613647  1136.538208  -6.839401969  7.758203413
1570.773193  1122.74353  -7.440312883  7.708675336
1172.039063  1422.945801  -8.195718719  8.237668352
81.040009  905.009827  -10.13728259  7.238285721
1056.039673  1141.029785  -8.398110995  7.707790486
1626.752197  1247.311523  -7.335416295  7.945941516
1053.057251  955.922546  -8.396603016  7.369193917
1351.296631  1299.52356  -7.857271273  8.022946609
308.824127  1270.677734  -9.758117695  7.90855154
322.92926  1217.756958  -9.728592093  7.812864469
322.92926  1217.756958  -9.728592093  7.812864469
1035.678833  1386.842285  -8.445548357  8.160985802
290.094757  878.958008  -9.76297463  7.199817719
803.281982  1406.776123  -8.87190362  8.18546557
851.990295  1300.989746  -8.777419891  7.990408098
90.360405  1150.490356  -10.14149354  7.680930069
835.723145  1205.597534  -8.801721564  7.815411509
2085.366455  1466.785645  -6.421888587  8.421862338
2096.102783  1307.434692  -6.405207812  8.109319552
2096.102783  1307.434692  -6.405207812  8.109319552
741.990112  1252.148926  -8.974427241  7.895599843
5.320224  883.969482  -10.2701908  7.197916277
5.320224  883.969482  -10.2701908  7.197916277
1080.793823  1357.796509  -8.361433489  8.109256339
864.928467  879.931946  -8.733760479  7.225372286
1236.370605  1339.876587  -8.073518363  8.087625776
1648.072388  1233.983521  -7.294264849  7.922676559
1648.072388  1233.983521  -7.294264849  7.922676559
1648.072388  1233.983521  -7.294264849  7.922676559
1879.832764  1403.93042  -6.835856017  8.276401354
1012.856018  1053.906128  -8.473496981  7.544985699
373.775299  909.616943  -9.616350603  7.259103497
923.281006  1386.078857  -8.651989579  8.154802254
923.281006  1386.078857  -8.651989579  8.154802254
1416.933105  1261.484009  -7.733100944  7.95736416
840.952271  1159.852417  -8.790265719  7.730958764
1330.588989  1406.5802  -7.898162723  8.22320188
494.985107  1109.395142  -9.412489346  7.625009829
509.17041  1125.954346  -9.387754679  7.655408513
977.997437  1157.205078  -8.54123107  7.732548024
1556.248413  1021.192139  -7.466285534  7.518713455
1013.245605  1157.446289  -8.477112932  7.735221173
1007.198303  1176.706177  -8.488873774  7.769300584
1134.191895  939.373535  -8.248608007  7.343438057
1134.191895  939.373535  -8.248608007  7.343438057
1045.241211  1198.311035  -8.420269697  7.812520612
295.034058  1153.534424  -9.774904469  7.695704011
1911.932983  890.081543  -6.77621782  7.297398566
414.379791  1133.229126  -9.55857138  7.663666518
1787.38147  1475.025757  -7.018333562  8.404225783
978.828979  1025.650757  -8.534149165  7.491932552
1887.793823  1137.79834  -6.827499129  7.76142614
372.174316  1324.429688  -9.648776167  8.011068574
857.705933  1301.123169  -8.766923033  7.991116072
715.13324  1238.409546  -9.022701591  7.870355132
961.9422  1046.178345  -8.565615741  7.528011372
588.616943  898.287231  -9.230304797  7.246624847
1068.531616  1037.908325  -8.372091346  7.518566143
1170.300903  1189.007568  -8.190697786  7.802964689
791.917358  1442.921021  -8.894478316  8.252159782
49.033325  1405.775146  -10.2333413  8.140179487
1574.081299  1352.097656  -7.437868916  8.138287519
1260.601807  1263.810913  -8.025697007  7.948715085
1460.263306  1344.525635  -7.653430016  8.116346535
1897.519287  1438.809326  -6.800550492  8.345585202
1457.010498  1266.501953  -7.658472948  7.964923562
1139.254272  1440.011475  -8.256640899  8.269418839
1148.097534  1315.112549  -8.235602182  8.032819723
2154.978271  1453.000488  -6.281411478  8.400679655
2054.407715  1102.594971  -6.489085683  7.711954545
1680.798096  913.693542  -7.228266737  7.326653968
1292.216797  1229.580933  -7.96599981  7.8860236
1083.073242  1458.545776  -8.361152493  8.297871652
1144.35437  1038.151733  -8.233033217  7.523514527
1175.216309  1441.118042  -8.190054795  8.274105672
1134.904419  1363.889893  -8.262112825  8.124375094
1095.07666  1236.724121  -8.330685903  7.886141215
1124.337158  1156.949341  -8.274321661  7.741580607
2151.927979  1252.955933  -6.293734312  8.008403514
1980.167236  1114.638184  -6.640451646  7.727954504
1091.037598  1315.817017  -8.341084763  8.031560908
1658.337891  1289.379395  -7.273724125  8.03066769
1449.836792  882.044983  -7.664917861  7.255193376
1963.969849  858.394165  -6.669844251  7.242057914
1129.103394  1250.7854  -8.268636738  7.913822582
1683.739746  1484.928711  -7.223886796  8.407172737
1934.867065  1194.801758  -6.731362423  7.876337908
1927.878052  1410.45752  -6.741101292  8.293144169
1997.088379  880.563904  -6.608046082  7.284007972
1158.913574  1143.331787  -8.210096525  7.71817941
1603.093262  1127.068726  -7.37816972  7.719838918
2117.485352  1086.107544  -6.373500238  7.679594959
1149.038696  1395.406372  -8.236950164  8.184359183
1921.64856  891.9646  -6.754810108  7.303801522
1520.701904  1023.711792  -7.534121621  7.520262999
1341.115723  1407.933228  -7.878883982  8.224908663
1420.127197  1342.859009  -7.728879001  8.109654519
1375.932007  1051.579956  -7.807382944  7.560533735
1275.164429  1305.614258  -7.999842354  8.027414963
1454.513428  1339.040405  -7.663404882  8.107275432
1045.356812  1375.170532  -8.427152605  8.139114118
1476.940918  1167.513062  -7.618871481  7.785158923
1112.555298  1135.797363  -8.294900384  7.701216362
1301.720459  946.953979  -7.941752136  7.365175132
1386.935669  1132.912354  -7.788308201  7.710873967
1702.916626  897.108704  -7.184566325  7.297455114
1972.95459  1425.232178  -6.650655509  8.326774688
1795.22168  957.36377  -7.007005714  7.415952579
1417.655762  1224.997192  -7.73192896  7.886793507
1513.512573  1491.531982  -7.554662345  8.399075192
1641.783203  1202.74231  -7.305433698  7.864167156
1124.12085  1212.352905  -8.276354634  7.8425424
1050.278564  1318.998291  -8.416135753  8.034719275
1109.360107  1231.081665  -8.304233259  7.876736533
1143.882324  1218.891357  -8.240661114  7.856604303
1134.651123  1379.641846  -8.263030813  8.152983685
1456.957642  1211.955078  -7.657070967  7.867046325
1908.210205  1173.269653  -6.785735691  7.831272955
1908.210205  1173.269653  -6.785735691  7.831272955
1485.537842  920.982666  -7.599003748  7.328517991
1485.537842  920.982666  -7.599003748  7.328517991
1663.787354  1058.465576  -7.261974283  7.595354785
1335.863037  1441.648804  -7.88946884  8.288915892
1502.897949  1161.13916  -7.569261148  7.775711335
1502.897949  1161.13916  -7.569261148  7.775711335
1357.027344  1290.808472  -7.846456418  8.007087606
2116.793213  1319.033569  -6.361922394  8.13514482
1880.521851  1489.556274  -6.833248052  8.443065638
1609.360962  1415.914185  -7.369580835  8.266148288
1366.849731  1076.750122  -7.824532713  7.607042997
1423.102905  1051.267944  -7.719134132  7.56387409
1614.608276  1238.403198  -7.358627983  7.928396634
1713.560791  1082.070313  -7.165944575  7.643390095
1333.836914  1375.467896  -7.891468813  8.163329682
1676.769409  1063.654297  -7.235940634  7.606664531
1490.073608  1149.913818  -7.593622821  7.75356647
1268.769653  1290.506226  -8.0113222  7.998544342
1268.769653  1290.506226  -8.0113222  7.998544342
1135.679077  1169.552612  -8.25358394  7.765124645
1075.247192  953.315857  -8.35618756  7.366112429
1886.47522  912.908142  -6.827610128  7.337989647
1953.739014  1493.667358  -6.68772301  8.45876357
2083.929199  1339.4104  -6.429480485  8.169941884
1154.161133  888.802612  -8.210652518  7.25303272
1701.52771  883.552429  -7.187334288  7.272337554
1387.169556  862.204224  -7.7809543  7.215802096
1387.169556  862.204224  -7.7809543  7.215802096
2156.20166  1494.403809  -6.279200507  8.481843424
1116.244873  955.708374  -8.28182856  7.372010607
1485.388794  986.664856  -7.600747725  7.449643088
1906.961548  851.67218  -6.786453682  7.224557784
1962.954712  1211.211914  -6.674953182  7.909729679
1447.041748  948.315247  -7.671418774  7.375880051
1367.852905  1474.316162  -7.829853642  8.353744796
1280.93042  1320.56189  -7.989664491  8.056697209
1856.667603  1253.901245  -6.884061368  7.983403756
1620.462646  1156.800659  -7.345381161  7.776808861
1608.546265  1138.913818  -7.367863858  7.742459418
1606.333618  1353.471069  -7.375509755  8.144557037
1054.744995  930.266418  -8.392867066  7.323224009
1717.363892  1130.46167  -7.158716673  7.734320325
1461.497559  1397.810791  -7.651714039  8.217132596
1592.812622  1207.324219  -7.400004426  7.867977862
1685.582764  1471.394043  -7.220501841  8.382221809
1185.607056  1010.089111  -8.15695924  7.474747843
404.906586  284.835297  -9.523361854  6.152705472
592.092224  1052.460327  -9.234146746  7.525988497
592.092224  1052.460327  -9.234146746  7.525988497
971.042725  276.475128  -8.519843357  6.150514067
595.423645  541.485413  -9.199236216  6.611176946
216.940552  498.934723  -9.865653248  6.523398842
249.850937  1087.134521  -9.850747449  7.573316062
348.303253  264.097626  -9.62249352  6.114439706
448.512695  875.065063  -9.47985544  7.199282984
570.073425  1160.943604  -9.279849131  7.720818037
318.737244  833.084717  -9.707485377  7.118400987
1038.594849  1118.665039  -8.429255576  7.66554594
1038.594849  1118.665039  -8.429255576  7.66554594
121.746887  323.291718  -10.02180915  6.212010449
173.55899  756.112427  -9.960480972  6.976199509
410.65271  129.535065  -9.5050701  5.881359506
288.268402  1045.68396  -9.778153426  7.499224376
437.997864  647.755737  -9.486338352  6.794537161
591.041016  1315.720947  -9.252473499  8.006257743
591.041016  1315.720947  -9.252473499  8.006257743
304.695648  771.567627  -9.728238097  7.0083513
855.390564  778.097778  -8.746358309  7.041884686
436.831207  1372.504517  -9.535884686  8.103205929
622.226746  785.277039  -9.164831678  7.046430535
345.107117  104.818871  -9.617820583  5.837316604
291.953674  1405.534424  -9.79792816  8.153659884
685.757629  818.610962  -9.051905198  7.107046475
587.389282  860.311951  -9.230948789  7.179013431
883.585876  920.862427  -8.701659911  7.299601082
53.625885  1007.134277  -10.19441682  7.420668577
443.641937  1186.622437  -9.508687052  7.760832768
897.849854  824.413818  -8.671941311  7.126501948
523.072021  814.628723  -9.344245264  7.095308173
966.274719  110.994659  -8.522826317  5.8566826
346.66449  758.055054  -9.652000123  6.984177511
260.793427  801.749023  -9.807926025  7.059793417
1013.475159  1416.536377  -8.487607791  8.215463586
496.247833  501.042847  -9.374187861  6.536263445
629.036926  735.361938  -9.15058487  6.956538309
886.343323  1114.253052  -8.705651857  7.64972456
429.82843  838.961243  -9.512114005  7.135267308
359.476715  509.39212  -9.616136606  6.545994922
559.875732  339.072327  -9.252704496  6.252429492
923.923401  812.244202  -8.624474949  7.105482635
1004.387756  690.977905  -8.474896962  6.889182068
912.921814  773.201782  -8.642586706  7.034458035
887.75177  462.168549  -8.675336265  6.478307013
545.90741  504.117493  -9.286051047  6.5430571
286.608673  902.748779  -9.769164547  7.241832912
996.134705  277.778992  -8.474962961  6.152985797
606.012634  651.050232  -9.186621385  6.806031792
606.012634  651.050232  -9.186621385  6.806031792
624.796936  1366.180176  -9.194867274  8.101989603
445.542755  1149.511108  -9.503702119  7.695473034
324.551849  789.002747  -9.69386656  7.039771764
324.551849  789.002747  -9.69386656  7.039771764
596.287903  784.501343  -9.211178055  7.043468331
472.978851  199.701324  -9.39957752  6.004984905
34.666603  469.250061  -10.18391297  6.464730383
585.790955  768.962952  -9.228949816  7.015864587
294.06427  294.594452  -9.719225219  6.166382314
981.919983  710.526001  -8.51596241  6.923921536
310.211365  1284.003784  -9.757517703  7.934089157
22.693624  1174.045166  -10.26430088  7.720642153
401.866852  758.831482  -9.557335397  6.991260368
365.225189  1317.473022  -9.660313011  7.996964187
263.77533  715.828918  -9.79864615  6.908156756
259.358398  1459.814941  -9.861401305  8.25183341
300.02179  779.460815  -9.736818982  7.022161638
863.130798  709.853882  -8.729685534  6.92078245
1009.507813  813.50116  -8.470160026  7.110388058
1062.247803  1457.980591  -8.399595975  8.295606492
960.152466  768.71759  -8.557465851  7.029989928
205.229279  1270.278198  -9.943964194  7.902601708
81.561752  394.353607  -10.09630514  6.334698111
904.587891  520.623352  -8.647559639  6.583416785
904.587891  520.623352  -8.647559639  6.583416785
1049.143921  855.13623  -8.39999497  7.18719461
279.17514  1074.494263  -9.797741162  7.552270787
604.361389  1371.595825  -9.232117773  8.110038747
58.663628  1366.084595  -10.21377956  8.069395583
560.620056  797.77887  -9.275498189  7.066166615
560.620056  797.77887  -9.275498189  7.066166615
291.359436  1347.945801  -9.795915187  8.049683467
323.335144  1294.533813  -9.734965007  7.954016256
1022.653076  1030.660767  -8.454873232  7.503267762
450.366241  902.839294  -9.478508458  7.249932037
385.036499  438.030029  -9.566348276  6.421155311
1061.157715  826.790283  -8.377131278  7.137213408
639.60321  697.341064  -9.127941175  6.888720199
255.650726  780.422913  -9.817116901  7.022801922
1023.185852  1164.969971  -8.459240173  7.749223899
516.481323  1383.302368  -9.392503615  8.127718973
1014.597778  879.643433  -8.463616114  7.228460769
273.160614  1347.398438  -9.829507735  8.048646099
540.808411  1046.712158  -9.325031523  7.511500981
17.103823  264.233887  -10.19860077  6.10632397
341.789948  358.442169  -9.639155296  6.279769767
1049.926025  1062.929321  -8.406533882  7.563704579
540.28009  790.26709  -9.311633703  7.052184402
552.006531  765.833069  -9.289405002  7.008874107
967.74231  232.221298  -8.524253298  6.07218698
438.99292  33.877197  -9.451850816  5.713703525
687.45752  330.580475  -9.026654538  6.240450786
461.423431  793.202881  -9.453164799  7.054910539
365.886383  755.64563  -9.620640545  6.983512549
574.809082  790.610413  -9.249555538  7.053887756
574.809082  790.610413  -9.249555538  7.053887756
839.409058  596.521118  -8.767402026  6.717112354
621.166382  762.841187  -9.165018676  7.005683492
921.476013  1455.595459  -8.658367493  8.283560526
490.966339  1066.989868  -9.416528292  7.547234166
490.966339  1066.989868  -9.416528292  7.547234166
513.909729  616.526733  -9.348776203  6.741395601
1031.474243  1384.767944  -8.453185254  8.156962243
956.254822  698.97876  -8.561715794  6.903538672
848.65686  853.619751  -8.761788102  7.176745473
958.059692  798.206665  -8.562354785  7.081216497
513.256287  813.118225  -9.361112037  7.091867403
32.216736  1100.091797  -10.2410722  7.587595485
1040.507324  1050.114136  -8.423129659  7.539718571
263.624268  720.223206  -9.798357154  6.915678344
479.106415  1324.88562  -9.456114759  8.017928264
1034.682251  589.797791  -8.416476748  6.710902669
941.591492  520.686646  -8.581273531  6.58461968
993.19928  413.11145  -8.484893828  6.394018253
993.19928  413.11145  -8.484893828  6.394018253
918.158813  792.144409  -8.634046821  7.069298126
844.464294  798.231812  -8.766774035  7.077181571
91.459915  704.621094  -10.10333905  6.881346397
920.254333  926.814758  -8.635820797  7.311122057
920.254333  926.814758  -8.635820797  7.311122057
61.590897  697.189331  -10.15653333  6.868055606
906.309753  826.041443  -8.656742515  7.129609697
407.332062  549.60968  -9.5348427  6.618998685
979.245605  354.931854  -8.507883518  6.290200661
45.562862  827.457275  -10.19381883  7.098341573
45.562862  827.457275  -10.19381883  7.098341573
222.036331  519.054993  -9.859007338  6.558478915
623.011902  1476.962402  -9.204328147  8.303879479
480.073517  1289.468018  -9.451472821  7.952187368
294.5224  728.830017  -9.744244882  6.932368792
294.5224  728.830017  -9.744244882  6.932368792
543.405701  324.463379  -9.281028115  6.226029054
1036.611816  1283.528442  -8.439590437  7.968548954
997.751526  768.577698  -8.489739762  7.028152909
614.928894  716.648804  -9.174066554  6.923278296
297.766693  728.793335  -9.738192963  6.932550095
297.766693  728.793335  -9.738192963  6.932550095
171.745605  768.835449  -9.965186909  6.998846147
756.311707  442.766571  -8.909278117  6.440672018
415.213745  1191.852295  -9.561118346  7.770285542
261.928589  811.164307  -9.80679104  7.077322855
887.148865  730.328186  -8.687265105  6.958323796
45.569145  785.452454  -10.19035188  7.02356584
45.018986  752.345276  -10.18943589  6.965112694
72.423141  808.939697  -10.14466649  7.066454964
1085.02417  817.853394  -8.333591864  7.121660604
625.6073  371.629242  -9.138403034  6.3115403
567.907776  341.240082  -9.238826683  6.256697847
972.691956  306.652985  -8.517930383  6.204534098
453.296539  836.180359  -9.469735576  7.130828151
613.461426  283.114288  -9.155755801  6.154959949
601.936646  805.325256  -9.201793181  7.081025961
601.936646  805.325256  -9.201793181  7.081025961
507.452972  259.782745  -9.340361317  6.111615929
45.705784  346.655304  -10.15583134  6.250623495
833.125  826.609253  -8.788105748  7.127376402
1100.380371  844.508301  -8.306723225  7.17010686
479.880524  1027.0354  -9.432777073  7.473514354
819.262817  827.814026  -8.813263409  7.128989884
464.206421  829.898682  -9.449837843  7.120098678
464.206421  829.898682  -9.449837843  7.120098678
422.242584  771.252991  -9.521628877  7.013925218
891.612549  804.946106  -8.682356171  7.09141715
355.461365  801.680298  -9.641487265  7.064653698
604.510681  629.154846  -9.187953367  6.766693991
42.468159  812.085083  -10.19789278  7.070810942
42.468159  812.085083  -10.19789278  7.070810942
922.827576  836.495667  -8.62743491  7.14916157
373.660522  362.374084  -9.583065051  6.287997116
816.042664  812.59552  -8.81841334  7.101881692
816.042664  812.59552  -8.81841334  7.101881692
356.609314  765.126526  -9.638283308  7.000060297
22.179588  910.971252  -10.24153019  7.246159102
475.331512  237.691605  -9.396470562  6.071878476
626.089417  1055.235474  -9.172409576  7.531068197
595.767273  790.863342  -9.212366039  7.055160963
835.002869  1298.795776  -8.808131478  7.985670188
258.555389  856.096497  -9.817854891  7.158019033
258.555389  856.096497  -9.817854891  7.158019033
861.011902  796.909119  -8.736990435  7.075574288
578.493896  834.891296  -9.245518593  7.133146706
894.039856  755.71521  -8.675924257  7.003159542
152.973999  768.888733  -9.998928455  6.998320934
152.973999  768.888733  -9.998928455  6.998320934
906.880737  650.111816  -8.648547626  6.81445208
1018.887024  1079.496094  -8.463610114  7.592580911
1018.887024  1079.496094  -8.463610114  7.592580911
50.861183  1157.594238  -10.21223858  7.691944191
1043.793579  519.886475  -8.397688001  6.585915938
884.896729  438.081177  -8.679519209  6.435947418
909.851257  813.307434  -8.649863608  7.107253338
345.736847  864.806335  -9.663625967  7.177519429
1032.84375  830.963013  -8.428609585  7.143235288
282.776825  829.171509  -9.771429516  7.110018717
907.854553  365.317535  -8.635782797  6.307267398
927.666138  819.999573  -8.618001037  7.119269825
622.07135  550.068542  -9.152493844  6.626573396
962.51947  919.652527  -8.559208828  7.29919334
366.459412  857.400024  -9.625719477  7.164974177
37.825802  776.864685  -10.2038217  7.008127418
52.595081  1409.042603  -10.22857136  8.1478319
144.310684  753.416931  -10.01240927  6.970392396
144.310684  753.416931  -10.01240927  6.970392396
535.805359  600.027283  -9.308748742  6.71295065
48.683537  631.637939  -10.17334311  6.751121531
644.467468  1419.915771  -9.162115715  8.200786647
202.775192  752.833008  -9.908319674  6.971543962
565.588928  1294.973267  -9.297174898  7.966680803
516.502136  1007.970276  -9.366340967  7.441024656
973.533997  1304.094482  -8.555825873  8.003020533
39.463009  501.754639  -10.17813104  6.522201441
39.463009  501.754639  -10.17813104  6.522201441
550.008057  451.026733  -9.275633188  6.449352963
904.3349  801.997253  -8.659282481  7.086179404
311.431824  809.860046  -9.719000222  7.076861557
74.594215  750.556885  -10.1367116  6.962900482
871.447876  752.666138  -8.716463712  6.997136609
378.331512  828.125244  -9.60314778  7.113414352
639.228943  112.533974  -9.104464491  5.854518784
639.228943  112.533974  -9.104464491  5.854518784
1052.311401  1329.607422  -8.412690799  8.054985753
984.444519  540.075745  -8.505079556  6.620265619
984.444519  540.075745  -8.505079556  6.620265619
529.74585  353.141479  -9.306346774  6.276157189
619.14563  638.420166  -9.162312712  6.783499036
471.137329  804.077576  -9.43593703  7.074061082
929.293518  665.046448  -8.608882159  6.842091859
20.704796  741.088196  -10.23194332  6.944497177
20.704796  741.088196  -10.23194332  6.944497177
243.041382  842.941833  -9.842731557  7.132953012
1095.443115  824.911194  -8.315035113  7.134505502
501.316956  162.984528  -9.347993214  5.941359166
501.316956  162.984528  -9.347993214  5.941359166
850.146851  784.252502  -8.75595518  7.052309764
850.146851  784.252502  -8.75595518  7.052309764
285.78363  774.245117  -9.762290639  7.012361294
979.668762  810.207275  -8.523869303  7.103247612
979.668762  810.207275  -8.523869303  7.103247612
819.501099  790.326355  -8.811268436  7.062255976
833.701416  563.845276  -8.776254907  6.658265857
961.702087  642.230347  -8.549730955  6.8017917
701.926453  1312.205933  -9.051063209  8.005032223
701.926453  1312.205933  -9.051063209  8.005032223
553.857117  812.591614  -9.288387016  7.092358226
65.747536  764.320496  -10.15319038  6.986907829
827.512268  1134.454956  -8.81317941  7.683959839
827.512268  1134.454956  -8.81317941  7.683959839
529.854675  1385.173584  -9.36831694  8.131424862
464.301117  298.073944  -9.418961259  6.177511571
250.921005  638.286377  -9.815327925  6.769914628
642.296936  749.91748  -9.127031187  6.983907089
18.346748  544.557983  -10.21934749  6.596494138
314.268158  695.669495  -9.707501376  6.874754856
993.633301  635.99646  -8.492075731  6.791767371
990.582764  358.554382  -8.487637791  6.29694244
990.582764  358.554382  -8.487637791  6.29694244
1083.156982  750.406311  -8.33457085  7.00044641
1083.156982  750.406311  -8.33457085  7.00044641
288.637268  612.95343  -9.747451839  6.726633678
288.637268  612.95343  -9.747451839  6.726633678
1095.050537  445.211945  -8.302447283  6.453713276
1054.027588  816.123779  -8.389699109  7.117358468
929.904358  664.334167  -8.607770174  6.840988584
578.22998  1348.338257  -9.277931157  8.06551062
79.143715  730.285034  -10.12761372  6.927345781
260.133057  825.70752  -9.811439978  7.102967707
1081.008911  1227.597778  -8.356010562  7.868403078
639.855957  695.210144  -9.128404169  6.885499455
593.956787  257.090759  -9.188912354  6.108739543
634.417419  226.566757  -9.115494342  6.056232206
664.721558  808.367004  -9.089780688  7.088924198
598.543335  752.779297  -9.205479132  6.987382116
292.540802  767.971802  -9.749810807  7.001758965
767.511047  200.015778  -8.879558517  6.011407954
366.165436  788.06897  -9.622133525  7.04175107
1051.037964  664.755859  -8.389658109  6.845307391
1051.037964  664.755859  -8.389658109  6.845307391
397.417084  1092.72644  -9.586188009  7.589622836
963.732788  675.239014  -8.547351987  6.861485836
963.732788  675.239014  -8.547351987  6.861485836
618.345764  766.234863  -9.170353604  7.011755461
833.12677  1033.343872  -8.798007614  7.50045151
429.068604  709.22699  -9.505535094  6.90366577
543.398926  696.340332  -9.300932847  6.884855331
378.435242  1006.08075  -9.614594626  7.43273344
320.806549  440.038666  -9.680573739  6.422795127
320.806549  440.038666  -9.680573739  6.422795127
60.622505  757.219971  -10.16168926  6.973915618
25.64966  777.040894  -10.2257334  7.008428732
25.64966  777.040894  -10.2257334  7.008428732
1112.936523  820.476563  -8.283125543  7.127376704
583.022339  844.726135  -9.238013694  7.151013699
836.119873  717.045105  -8.778367879  6.931880009
888.305908  784.304565  -8.687413103  7.054080559
888.305908  784.304565  -8.687413103  7.054080559
449.187103  166.046753  -9.439368984  5.945523508
1042.125  1184.945435  -8.425460627  7.787748745
334.065887  733.804138  -9.674621819  6.943290518
316.809265  748.261902  -9.705993397  6.96772281
1059.439087  524.381409  -8.36950438  6.593963372
378.043213  318.555298  -9.572856188  6.21076009
157.324539  482.718292  -9.97031584  6.49242972
937.803223  535.077942  -8.588607432  6.610033786
876.442749  299.208984  -8.689370076  6.189553279
980.135071  666.934937  -8.517520389  6.846563804
502.256195  730.807495  -9.376761827  6.945047065
1090.768677  1325.875488  -8.341949751  8.050344529
911.98175  493.677612  -8.633310831  6.535748843
997.018799  751.216248  -8.490302755  6.998244509
14.436208  453.49704  -10.21812151  6.436342192
318.410858  796.836731  -9.705346405  7.053502501
695.175964  558.745544  -9.023269583  6.64491606
387.015991  276.610687  -9.555544421  6.137181615
384.794037  812.724548  -9.590892945  7.086408132
560.605225  820.997742  -9.276766172  7.107676065
560.605225  820.997742  -9.276766172  7.107676065
1082.272583  782.52356  -8.337367813  7.057951074
596.688232  705.839294  -9.206200122  6.903160157
393.826691  1100.430664  -9.593246914  7.60341537
373.422119  756.626587  -9.60760872  6.985786103
849.077698  1478.810059  -8.79241869  8.323880763
1087.459106  796.196411  -8.328390934  7.082759049
1087.459106  796.196411  -8.328390934  7.082759049
978.661011  570.116211  -8.516563402  6.673671467
508.16449  171.254074  -9.336478369  5.955873585
314.557739  729.355347  -9.708836358  6.933942411
376.50174  377.218689  -9.579118104  6.314081384
528.4823  1034.192627  -9.346593233  7.489093658
822.891113  1329.570068  -8.83175816  8.041834149
267.329498  831.873535  -9.799195142  7.114464451
267.329498  831.873535  -9.799195142  7.114464451
324.920959  712.208435  -9.689613617  6.90405722
887.543518  486.942871  -8.676828245  6.523391446
574.333374  804.024353  -9.251383514  7.077820663
615.333984  750.295044  -9.175186539  6.983363223
440.052765  782.016541  -9.490571295  7.033709988
651.689819  808.849548  -9.113212373  7.089619443
1038.235962  1357.178101  -8.439648436  8.105702184
989.909302  773.480164  -8.503979571  7.03787259
932.922363  509.878662  -8.596420327  6.565042007
63.065968  822.967529  -10.16156627  7.09091871
1046.059692  1490.649048  -8.430741556  8.35736487
52.524216  841.999146  -10.18231099  7.124545649
933.09729  441.780426  -8.593503366  6.44346687
308.143982  596.172119  -9.712356311  6.697901055
570.027161  383.782257  -9.236988708  6.331164903
1064.86084  812.615906  -8.369957374  7.111268547
207.927109  746.783875  -9.899328795  6.960936028
55.728832  907.396606  -10.18303698  7.24213323
279.845459  1154.087769  -9.802021104  7.695956814
1005.079712  376.579834  -8.462253132  6.329372199
278.152679  1061.97998  -9.798371154  7.529340069
435.236786  775.845337  -9.499036181  7.02283763
35.071976  1290.669189  -10.24967508  7.930986391
1089.424316  585.763489  -8.31747808  6.704828235
795.810425  1288.841309  -8.878828527  7.965312875
295.923004  1426.105835  -9.791895241  8.190455156
799.698975  797.00824  -8.84740695  7.074186227
578.969238  1072.241699  -9.258287421  7.560278882
257.64267  792.539978  -9.813365952  7.043780788
32.376556  1046.346558  -10.23591427  7.49041881
838.985596  766.73761  -8.77527892  7.020725825
731.932983  963.438965  -8.977238203  7.370589192
641.158081  777.596191  -9.130331143  7.032782582
1014.280579  1307.781494  -8.481474874  8.012200819
17.146873  762.838562  -10.23994821  6.983403989
91.986649  567.787964  -10.0920712  6.640318319
659.007263  506.829407  -9.08522475  6.552599632
182.518906  777.048401  -9.946822156  7.013920962
1000.946655  1304.270142  -8.505723547  8.004830862
528.774048  351.354431  -9.30817875  6.272796075
289.385651  380.965881  -9.732010047  6.318114421
204.557404  1362.722046  -9.95174309  8.070186179
293.83786  819.582458  -9.751476785  7.093740507
293.83786  819.582458  -9.751476785  7.093740507
1074.352905  810.474731  -8.352673607  7.108058943
953.612549  659.774536  -8.564944751  6.832981962
918.160828  1188.916992  -8.651430587  7.787659287
363.649506  743.890686  -9.623873502  6.962597196
306.971375  778.361938  -9.724538147  7.020449644
499.033875  801.977417  -9.385937703  7.071476928
563.614502  267.5513  -9.243340622  6.125985011
563.614502  267.5513  -9.243340622  6.125985011
53.245407  1254.315674  -10.21467255  7.866183048
42.83691  1342.263306  -10.23987721  8.024998516
1077.047485  1253.683228  -8.364259451  7.916250238
1077.195801  1041.012207  -8.356080561  7.524764261
1060.842529  770.749939  -8.375747296  7.035858558
236.080261  1397.619995  -9.89744082  8.135106935
941.528076  753.942505  -8.590380408  7.001434822
977.874023  750.022156  -8.524755291  6.995442114
397.069427  1118.519409  -9.588756974  7.636428295
929.864075  431.098236  -8.598911293  6.424929339
315.09552  822.059448  -9.713488296  7.098892195
328.013  53.898163  -9.644936218  5.747572171
1015.749939  1114.417236  -8.470699019  7.654745252
1017.712402  652.68866  -8.449372306  6.822691697
564.11554  933.262451  -9.276597175  7.308633396
854.894409  366.130737  -8.730323525  6.307704411
42.103653  751.364746  -10.19464982  6.963407114
370.885773  326.949097  -9.586187009  6.225511473
392.583496  393.576691  -9.551672473  6.343353854
1074.463501  784.506409  -8.351592621  7.061083286
328.756866  903.904785  -9.69678752  7.247095059
763.197876  192.905289  -8.886840419  5.999204019
351.61908  825.606812  -9.65003615  7.107444856
936.577515  783.828003  -8.600490272  7.054842125
33.832664  831.944824  -10.21478355  7.106040077
575.268127  520.681335  -9.234242744  6.573349351
1097.879272  809.347595  -8.309990181  7.107006713
559.722168  272.890442  -9.250303528  6.13551603
1029.911743  419.256073  -8.419225711  6.405997197
764.915283  437.033569  -8.893686327  6.43105711
884.967102  794.194702  -8.693831016  7.071816251
871.578064  1131.872314  -8.733199486  7.680904917
522.947754  815.767212  -9.343943268  7.096948147
4.913087  707.417297  -10.25690798  6.883873103
1066.738892  1064.109009  -8.376128291  7.56578577
1009.181946  466.971344  -8.458065189  6.490336493
466.553589  375.159332  -9.419721249  6.312960532
600.146667  269.792664  -9.178657492  6.131060537
893.406982  765.463623  -8.677463236  7.020604154
82.098351  255.366013  -10.08674827  6.092261059
654.044128  90.968109  -9.076540866  5.8170245
520.979126  1379.552246  -9.384307725  8.120653689
310.023468  1316.288818  -9.760190667  7.992666178
874.204346  345.665344  -8.694817003  6.271638576
554.100098  1245.603271  -9.314536664  7.875261259
1003.548767  463.66861  -8.468079054  6.48440605
1003.548767  463.66861  -8.468079054  6.48440605
520.303528  920.036987  -9.354314129  7.283158483
520.303528  920.036987  -9.354314129  7.283158483
745.729614  210.070374  -8.918306996  6.029376401
62.911743  674.185547  -10.15263039  6.827510038
602.913025  813.706482  -9.200749195  7.095994684
835.356506  754.854431  -8.781282839  6.999355951
835.356506  754.854431  -8.781282839  6.999355951
621.52594  755.233093  -9.164415684  6.992547232
934.448792  747.423035  -8.60288524  6.989482952
42.834854  839.183899  -10.19935376  7.1191897
860.887634  585.703003  -8.728568549  6.698548069
192.797348  541.038879  -9.912542617  6.596698551
61.774551  790.12085  -10.16191926  7.032455907
45.228477  1411.480469  -10.24135019  8.151104375
409.169617  619.581299  -9.535609689  6.743396921
409.169617  619.581299  -9.535609689  6.743396921
966.661987  791.090454  -8.546565998  7.068540695
1085.171997  887.881287  -8.335861833  7.247956281
224.637344  1350.277832  -9.914423592  8.047387967
305.890472  1468.571655  -9.777735431  8.270257072
538.274963  412.372131  -9.294404935  6.380931146
469.326385  623.967651  -9.429072123  6.753405776
521.760132  462.199615  -9.326568502  6.468250924
521.760132  462.199615  -9.326568502  6.468250924
96.958366  701.135925  -10.09387518  6.875724785
526.33728  532.410828  -9.322521557  6.592845308
733.989563  245.344788  -8.940870692  6.090688818
826.502197  1442.084961  -8.831689161  8.253384129
429.823456  782.9021  -9.50877805  7.034959708
462.399689  1001.343079  -9.462946667  7.42703833
304.463806  373.975372  -9.705418404  6.305889507
698.869019  80.071732  -8.996987937  5.798518264
604.658142  762.766113  -9.194981273  7.005218449
309.58493  653.735535  -9.7131833  6.800005007
43.223866  592.888123  -10.17972902  6.682317588
664.757996  140.752411  -9.059763092  5.904908062
78.333229  1187.03418  -10.16544221  7.746379393
944.086426  1038.752197  -8.597562312  7.513898559
685.634888  1016.810669  -9.063319044  7.46528019
913.252869  810.272644  -8.643584692  7.101423613
39.983257  440.225891  -10.17276512  6.413860984
426.420471  788.678955  -9.515252963  7.045177077
1033.15271  330.046082  -8.410247832  6.246943716
907.123474  1474.762817  -8.685702126  8.318974282
460.193542  335.492737  -9.428459131  6.243002839
460.193542  335.492737  -9.428459131  6.243002839
133.206924  790.750366  -10.03633295  7.036749333
436.070129  756.145264  -9.496280218  6.987581454
53.56686  581.481445  -10.16103727  6.662656169
36.634144  742.730164  -10.2039787  6.947957529
36.634144  742.730164  -10.2039787  6.947957529
38.229019  844.667358  -10.20798364  7.128676672
589.129517  751.7724  -9.222005909  6.985093135
375.364838  266.801758  -9.575383154  6.119959883
600.397766  364.46698  -9.18254544  6.297601242
469.202179  297.030609  -9.410012379  6.175792399
469.202179  297.030609  -9.410012379  6.175792399
305.249207  646.841431  -9.720499201  6.787597159
182.803131  1261.86438  -9.98367666  7.886235258
182.803131  1261.86438  -9.98367666  7.886235258
71.27597  82.128044  -10.09398818  5.79156743
890.304382  836.819946  -8.686017121  7.14813664
33.585262  761.255127  -10.21010161  6.980190721
33.585262  761.255127  -10.21010161  6.980190721
90.816841  819.401367  -10.11336891  7.086057089
256.854553  645.337769  -9.805552057  6.782683547
649.130066  358.655762  -9.095970605  6.289132816
242.775681  797.038574  -9.840021593  7.051063472
534.887085  1058.394531  -9.336709366  7.532932074
1051.907471  183.050827  -8.371537353  5.984887087
557.572693  787.040161  -9.280431123  7.046800695
49.680164  697.440857  -10.17749005  6.867917234
49.680164  697.440857  -10.17749005  6.867917234
112.132782  808.665466  -10.07492643  7.06781912
374.68573  807.1604  -9.60835471  7.075996887
823.912964  73.949852  -8.77527092  5.789265556
1056.700195  645.867126  -8.378748256  6.81163768
911.223145  520.377563  -8.635683799  6.583051629
911.223145  520.377563  -8.635683799  6.583051629
539.968201  531.898438  -9.297976887  6.592335865
971.299683  633.669434  -8.532157192  6.786894444
971.299683  633.669434  -8.532157192  6.786894444
355.649353  383.247833  -9.616109606  6.323916584
355.649353  383.247833  -9.616109606  6.323916584
441.557037  240.779404  -9.456097759  6.07625293
824.804443  747.404785  -8.79985059  6.985339028
97.500465  842.727783  -10.10356005  7.127944663
986.632141  786.70343  -8.510395485  7.061477657
986.632141  786.70343  -8.510395485  7.061477657
503.050385  1440.830933  -9.420517238  8.232402205
605.121582  669.225891  -9.189124352  6.838316763
958.665527  441.910645  -8.547822981  6.445501066
484.83725  1287.976074  -9.442830938  7.95002431
456.251129  1146.85022  -9.483964384  7.690121286
884.041992  584.074219  -8.686949109  6.696119811
54.529572  1148.403442  -10.20507068  7.67543932
801.859497  812.151855  -8.844057995  7.101183185
71.9851  784.163208  -10.1438905  7.022612554
206.58847  767.830994  -9.902752749  6.998051864
613.073242  1039.24646  -9.194851275  7.501536644
300.356934  819.536255  -9.739521945  7.093784665
988.484863  1144.055298  -8.521569334  7.709228845
624.941711  817.385681  -9.161397725  7.103469008
1071.601196  835.019104  -8.358480529  7.152539614
62.770432  287.727783  -10.12247279  6.148305284
507.102356  423.04538  -9.350424181  6.398778406
415.422791  1169.217163  -9.559454368  7.729579227
153.493591  719.483032  -9.993528528  6.910184418
488.905518  1485.815918  -9.44933185  8.314531764
689.049744  817.705627  -9.046490271  7.106262819
52.06282  802.500244  -10.17971002  7.054208629
376.899139  278.274597  -9.572990186  6.140263023
884.069763  266.879028  -8.674662274  6.132431315
960.912048  884.234375  -8.560659808  7.235287293
52.287163  1204.680176  -10.21325557  7.776880594
17.183777  1116.511841  -10.26914782  7.616430684
576.349365  846.866333  -9.250052532  7.154490054
576.349365  846.866333  -9.250052532  7.154490054
64.702766  524.213989  -10.1364366  6.562321966
1012.124634  276.670166  -8.446216348  6.151631456
932.733154  762.126099  -8.606531191  7.01568299
393.690033  283.891571  -9.542133601  6.149866889
616.232178  59.451633  -9.142511979  5.760992473
1066.968262  334.117645  -8.349671647  6.254936829
408.486237  667.113953  -9.54003963  6.82776011
381.921875  322.702179  -9.566215277  6.218363899
1949.775635  727.089905  -6.695667903  6.9954254
1574.547485  1008.424927  -7.431903997  7.495774279
1449.991211  643.948975  -7.661195911  6.819618547
97.900162  578.790894  -10.08367431  6.659954462
304.057129  262.907745  -9.701020464  6.111261255
302.273895  247.635651  -9.701174461  6.084785729
1572.006836  1423.987793  -7.441375869  8.275369195
1508.035767  579.873474  -7.548279431  6.706041
1508.035767  579.873474  -7.548279431  6.706041
2115.177979  1003.57251  -6.369767289  7.526438671
1202.921875  279.109802  -8.100464001  6.158070063
1595.834717  521.6745  -7.382090667  6.602690038
1520.297607  352.261292  -7.516184863  6.293108074
1352.560669  1362.040283  -7.856361285  8.140451405
1643.189331  829.323425  -7.29866279  7.168558454
1940.064697  699.680725  -6.719389584  6.941586667
1930.11145  60.674866  -6.727364477  5.755998142
1693.206177  366.085022  -7.190619243  6.319901707
1872.153442  1090.184326  -6.857853721  7.669729119
1872.153442  1090.184326  -6.857853721  7.669729119
1289.060913  613.320984  -7.955788947  6.760699629
1725.420044  902.616089  -7.141383906  7.309168967
121.445198  64.274178  -10.00467238  5.761962174
1187.856567  554.843933  -8.138015495  6.652648295
1025.283569  652.05011  -8.435083498  6.820903807
1025.283569  652.05011  -8.435083498  6.820903807
1746.464844  721.99646  -7.102342431  6.973839436
1746.464844  721.99646  -7.102342431  6.973839436
1742.956787  1070.36145  -7.109405336  7.623216243
1742.956787  1070.36145  -7.109405336  7.623216243
943.288269  349.451752  -8.571886657  6.279893568
943.288269  349.451752  -8.571886657  6.279893568
1739.795776  41.614449  -7.09350855  5.725481176
423.119873  491.603882  -9.502386136  6.516713956
1355.953491  1071.577271  -7.844691442  7.596598388
1018.873108  662.845886  -8.447355333  6.840804455
1645.946045  563.53833  -7.28894292  6.680452478
1645.946045  563.53833  -7.28894292  6.680452478
1429.92749  1265.934937  -7.708670272  7.96640306
1163.002441  409.854431  -8.178385952  6.392103789
1073.351929  491.451599  -8.342948738  6.536016799
74.432602  673.160156  -10.13101068  6.825476497
1933.125732  121.772812  -6.722335545  5.868777757
2193.694824  599.734192  -6.209976439  6.763251514
1993.80603  819.757996  -6.611789032  7.170843039
1483.330322  1268.836792  -7.608234624  7.975813648
463.823517  504.867737  -9.430965097  6.542070943
2229.49292  657.996521  -6.134442455  6.875677002
1449.223633  33.318146  -7.641542176  5.71558963
1944.438599  265.762482  -6.701590824  6.1353042
1371.566162  809.104553  -7.808616928  7.118347165
1371.566162  809.104553  -7.808616928  7.118347165
1033.661255  342.265167  -8.409851837  6.268885275
1033.661255  342.265167  -8.409851837  6.268885275
2169.665771  381.966827  -6.255879821  6.352446873
1162.930664  111.81163  -8.168249088  5.857736255
2196.66748  1001.976685  -6.204292515  7.528741842
2110.167236  93.646126  -6.371529265  5.813249573
1278.430786  501.234863  -7.970403751  6.559264208
963.66626  396.711029  -8.53745012  6.364343662
2228.31665  691.541382  -6.141643358  6.938448592
1016.070618  252.953247  -8.438058458  6.109423564
1710.703491  89.75148  -7.148910805  5.812991045
1710.703491  89.75148  -7.148910805  5.812991045
1528.593872  727.525635  -7.512292915  6.977475263
1692.174438  1084.87439  -7.207708013  7.646834349
319.343475  313.768066  -9.675802803  6.200406214
1420.591553  1406.3302  -7.729207996  8.229449647
1735.795166  112.297752  -7.100515456  5.853114239
1139.473755  713.120239  -8.231643235  6.934523771
928.864563  284.935944  -8.595612338  6.164863257
1709.45459  88.185928  -7.151846765  5.809552459
1096.379639  64.828995  -8.288012477  5.774159024
477.71405  333.280945  -9.397196552  6.239673182
1560.87915  1354.492432  -7.462829581  8.141995357
2163.454834  154.265732  -6.263816714  5.924847246
1671.276733  439.030426  -7.234178657  6.454864314
2019.391846  1039.465576  -6.564139673  7.586656491
2034.313232  82.8638  -6.519635272  5.794215134
2075.162109  1455.785278  -6.446141261  8.395307785
1019.867432  80.692902  -8.425213631  5.802370729
1019.867432  80.692902  -8.425213631  5.802370729
1665.096558  1236.719849  -7.260888298  7.929730925
1182.663452  379.56601  -8.14134745  6.336838979
2088.724609  775.33728  -6.422616578  7.09171913
2088.724609  775.33728  -6.422616578  7.09171913
1092.26709  615.205688  -8.31377813  6.757359371
1407.872559  1137.62915  -7.749290726  7.722421414
1465.889893  762.554626  -7.63157731  7.038089474
851.598877  659.739746  -8.74777429  6.829967907
1393.542847  783.472595  -7.767257484  7.072568909
754.641968  233.935944  -8.903795191  6.071547192
928.796814  720.123596  -8.613335099  6.940804119
1949.343262  839.106567  -6.702097817  7.203987517
2217.034912  609.477173  -6.164942045  6.782464275
2084.61377  404.214294  -6.426281528  6.393678436
1137.906738  533.833496  -8.227713288  6.613544075
2145.575439  807.309937  -6.308249116  7.154916151
1665.800171  660.647034  -7.252685408  6.859195751
612.609253  547.387451  -9.169744612  6.622352404
581.480408  430.910492  -9.218488956  6.414758573
721.66626  525.177734  -8.974815235  6.586124887
1999.887329  337.387024  -6.59116731  6.268314553
95.899628  40.361351  -10.0479348  5.719954361
287.865051  415.264069  -9.736895981  6.378075601
1041.64563  280.012177  -8.393186062  6.15805957
1041.64563  280.012177  -8.393186062  6.15805957
1041.64563  280.012177  -8.393186062  6.15805957
1060.623779  242.014404  -8.358169533  6.09065885
1974.134521  1159.813721  -6.654451458  7.81135119
848.061646  654.055115  -8.753970207  6.81935599
2021.414673  443.682587  -6.552003837  6.466813011
2021.414673  443.682587  -6.552003837  6.466813011
1917.110962  689.694031  -6.763386992  6.922854869
394.232147  367.038177  -9.548391517  6.297166187
1937.054565  642.913147  -6.723301532  6.835580628
624.566467  662.31897  -9.15434782  6.82682063
1569.189941  776.177307  -7.436912929  7.068100505
1569.189941  776.177307  -7.436912929  7.068100505
1660.657959  523.098206  -7.259166321  6.606834674
1287.818848  1348.210571  -7.977610654  8.107758748
1100.415649  380.785187  -8.291742427  6.338852723
1100.415649  380.785187  -8.291742427  6.338852723
2017.128784  766.203308  -6.566899636  7.070448418
1897.146362  665.235107  -6.803350454  6.875862783
1897.146362  665.235107  -6.803350454  6.875862783
1434.528442  1138.487061  -7.699031402  7.726512283
1922.519653  83.519539  -6.741805283  5.798212782
1922.519653  83.519539  -6.741805283  5.798212782
2094.068848  46.037727  -6.404098827  5.725624771
1717.335449  799.827454  -7.15374674  7.118867459
53.033073  589.142212  -10.16283425  6.676677734
1438.16333  771.951538  -7.683702608  7.053930411
1438.16333  771.951538  -7.683702608  7.053930411
1241.240234  505.578003  -8.03885583  6.565651896
283.847198  657.844238  -9.759434678  6.806113001
2158.766357  828.516846  -6.281452477  7.195393704
1522.169312  1064.261597  -7.532270646  7.595231423
1006.857666  98.035568  -8.449657302  5.833424155
1549.954834  253.960571  -7.458716636  6.114732892
2143.889893  528.794189  -6.307880121  6.629993217
329.019714  346.791901  -9.659363024  6.25917045
1723.604126  620.481995  -7.141021911  6.787196357
1207.379395  369.330292  -8.095670065  6.320278038
2040.855347  658.214233  -6.517883296  6.868681481
1163.470215  89.973412  -8.167181103  5.81914435
962.220459  371.69278  -8.539028099  6.3198236
1601.395264  75.306847  -7.353140056  5.786989572
1601.395264  75.306847  -7.353140056  5.786989572
1529.125  1100.00293  -7.51936482  7.663298917
1275.507813  610.873169  -7.981320604  6.754866468
479.648285  73.140068  -9.382596748  5.783130705
1208.0271  288.661774  -8.091911116  6.175662963
371.067871  468.04245  -9.593363912  6.473713467
1340.129761  1421.515015  -7.881177951  8.251237419
1340.129761  1421.515015  -7.881177951  8.251237419
2096.669922  847.09314  -6.40535081  7.229733583
339.961243  113.509995  -9.62771745  5.851625302
1266.452393  1284.897583  -8.016079136  7.986743519
1278.318237  1332.939209  -7.995846408  8.07503057
415.245636  220.175674  -9.502284138  6.039307104
1643.780151  521.245667  -7.290751896  6.603301771
1971.522949  662.793884  -6.654924452  6.874837347
1727.480957  785.004028  -7.136919966  7.090287134
1864.093628  257.017059  -6.857690723  6.11892215
1196.450928  64.495499  -8.105975926  5.772749894
1184.964966  1187.422607  -8.163624151  7.800923368
1416.79895  785.173645  -7.723916067  7.076943815
1510.31311  827.915588  -7.549639412  7.159697068
1639.281372  878.972778  -7.306603683  7.260114405
1957.783447  482.632935  -6.678429135  6.538925621
1957.783447  482.632935  -6.678429135  6.538925621
1746.687012  845.039795  -7.101197447  7.202409471
2112.75415  72.712158  -6.36673233  5.774341303
1942.282471  752.387573  -6.715395638  7.040683516
1119.456055  379.161285  -8.256249904  6.336333312
343.776459  426.305908  -9.639704289  6.399372818
343.776459  426.305908  -9.639704289  6.399372818
1980.045044  523.064087  -6.637797682  6.614011186
1155.115479  1362.612671  -8.224789328  8.122790281
2049.864258  325.101227  -6.494727607  6.245419146
957.063477  131.000961  -8.539640091  5.89151549
739.981812  474.556946  -8.939731707  6.496820559
616.18103  155.82695  -9.145863934  5.930742131
1689.223145  1319.894897  -7.212780945  8.093124436
1183.644043  752.862549  -8.152276303  7.00819162
1623.021606  1080.21521  -7.339616238  7.633617951
1243.821167  63.906567  -8.019377092  5.771357721
999.807312  397.968384  -8.472347996  6.367382075
2047.699463  749.900574  -6.50494447  7.041342653
1439.076782  352.127991  -7.668479813  6.292146771
1439.076782  352.127991  -7.668479813  6.292146771
1439.076782  352.127991  -7.668479813  6.292146771
1282.696045  622.415344  -7.967438791  6.776791279
1701.985718  1101.221069  -7.188348274  7.678498559
1701.985718  1101.221069  -7.188348274  7.678498559
1099.046509  397.685974  -8.2937204  6.369052543
1980.431519  116.566994  -6.627365822  5.858086121
819.14209  620.420349  -8.804597526  6.758665349
919.920715  156.462036  -8.607488178  5.936680872
1548.357666  301.249786  -7.462523585  6.200605899
1548.357666  301.249786  -7.462523585  6.200605899
647.408936  687.012268  -9.114319358  6.871427563
833.284302  620.167053  -8.779281866  6.758765768
1967.091064  121.963959  -6.655210448  5.868628089
1034.682251  589.797791  -8.416657746  6.711011412
1146.070068  562.74054  -8.214114471  6.665667227
349.993378  345.147675  -9.625282483  6.256737045
1464.798828  837.986572  -7.635872252  7.175260017
1572.602783  415.437378  -7.421339139  6.409004942
1420.12793  271.361664  -7.700884377  6.145699167
2219.833008  748.441711  -6.156585157  7.04689626
127.080269  523.96167  -10.02656208  6.563989302
127.080269  523.96167  -10.02656208  6.563989302
1619.560913  741.667053  -7.341143218  7.006885599
608.704163  347.092987  -9.16696365  6.267634707
1415.630493  702.651978  -7.724940054  6.926136711
1459.084839  1043.174561  -7.651014048  7.551920038
1459.084839  1043.174561  -7.651014048  7.551920038
1271.590454  84.79892  -7.969440764  5.808581125
445.641266  498.922943  -9.463769656  6.530801724
440.652588  562.787048  -9.476963478  6.643848977
1107.360229  97.547127  -8.269074732  5.832440746
2219.42334  570.185974  -6.157178149  6.708267453
1606.997803  168.9104  -7.344999166  5.958298969
1742.823364  651.82251  -7.105151393  6.845363272
1375.483276  833.546692  -7.802414011  7.162448276
1196.824829  46.244209  -8.104656944  5.739619065
1394.975464  336.392365  -7.750024716  6.263354464
448.394928  135.561203  -9.439370984  5.89192224
1103.961304  50.245445  -8.273435673  5.747916771
1645.434082  480.138092  -7.285886961  6.528211199
1187.714111  894.471375  -8.149452341  7.26434058
1624.456543  846.025146  -7.334055313  7.198907417
1046.244263  411.04422  -8.389314114  6.391724049
1476.914063  762.307312  -7.610599592  7.038434073
1873.870117  1147.21582  -6.85419877  7.778189613
1282.32312  604.226624  -7.967320792  6.743982343
1240.799927  1302.029907  -8.063711495  8.018034108
1738.171509  859.505066  -7.117030234  7.229305498
1684.184692  847.788147  -7.220397843  7.204904946
2054.787598  762.315613  -6.491121656  7.064945743
2122.485107  156.094589  -6.349461562  5.929638277
1430.256104  65.312675  -7.677376694  5.772719888
1921.662231  611.026428  -6.753104131  6.776737002
525.607422  728.211609  -9.33487239  6.941237708
1696.148071  288.486359  -7.182390354  6.177579725
931.487061  265.130676  -8.591133398  6.13013562
1451.447388  1197.735596  -7.668383815  7.837557151
2124.407471  619.113953  -6.349552561  6.797923738
1948.109375  398.889984  -6.696435893  6.383094036
1076.450439  78.849434  -8.323350001  5.7992123
684.242676  516.028748  -9.04136934  6.569232161
1751.091797  119.32058  -7.071553846  5.86636108
1751.091797  119.32058  -7.071553846  5.86636108
1751.091797  119.32058  -7.071553846  5.86636108
1478.186035  1063.900146  -7.615490526  7.591418982
1478.186035  1063.900146  -7.615490526  7.591418982
1632.058105  780.283203  -7.318220526  7.078297535
1632.058105  780.283203  -7.318220526  7.078297535
2110.087402  1258.005981  -6.377991178  8.014936384
2110.087402  1258.005981  -6.377991178  8.014936384
1902.299072  1120.405273  -6.796590545  7.730926449
1186.171265  882.08136  -8.151874309  7.241900044
1186.950562  814.095581  -8.148299357  7.118855513
1600.344727  1089.010986  -7.383486648  7.647807974
1451.834229  832.050415  -7.660024927  7.164275106
2155.998779  570.011414  -6.285523422  6.706527915
379.425629  555.46521  -9.583347047  6.628094836
952.493347  332.548737  -8.555131883  6.250021625
1912.431519  1298.733398  -6.772919864  8.07549261
615.333679  141.869308  -9.146714922  5.906124061
615.333679  141.869308  -9.146714922  5.906124061
1107.509277  326.619232  -8.276270635  6.242209234
474.891449  250.331192  -9.397289551  6.094224007
1593.972778  184.892883  -7.37293479  5.988329093
1394.070068  90.000244  -7.744370792  5.817708586
1179.798096  1126.552734  -8.17113105  7.688543024
434.232269  109.054848  -9.463525659  5.845291444
987.370117  368.259766  -8.493811708  6.314252753
987.370117  368.259766  -8.493811708  6.314252753
1741.982422  319.177032  -7.095996517  6.234158511
1480.131714  49.083611  -7.585001937  5.743525922
420.994934  584.126099  -9.512308003  6.68088564
2002.323486  790.013367  -6.596229241  7.114254612
502.850067  557.93158  -9.366283968  6.637589737
1901.158081  877.498352  -6.797625531  7.273224709
386.897095  34.861706  -9.542763593  5.715015566
1396.108887  699.630981  -7.760289578  6.920492723
2225.145264  632.0849  -6.146207297  6.825714833
1191.473389  147.869797  -8.118418759  5.922849422
100.56292  32.03421  -10.03928191  5.705653048
1158.269531  711.105652  -8.197191699  6.931969925
1210.524902  860.955261  -8.106711916  7.204644381
1724.826416  890.4729  -7.138623943  7.289272379
1593.311646  664.194946  -7.388641579  6.863175878
1509.644043  771.238159  -7.549303417  7.056181891
341.270264  523.58606  -9.650392145  6.57092645
1703.864624  994.566711  -7.183951333  7.478923904
1482.712646  799.39679  -7.600998721  7.106001642
440.928955  363.976135  -9.464171651  6.292631746
783.813049  218.605957  -8.851584893  6.044783248
2027.932129  313.800537  -6.537290035  6.224604722
1459.044556  766.072876  -7.644311139  7.044199186
285.799255  363.340485  -9.73768497  6.286844545
2055.908936  624.936035  -6.487414706  6.806558339
2142.930176  764.035767  -6.313105051  7.072760241
1480.848389  750.5271  -7.603112693  7.016890917
1904.744507  1179.552124  -6.791966608  7.843309061
2009.290405  576.808472  -6.578356482  6.715532475
1436.893311  556.498047  -7.680080657  6.662631257
2122.450928  303.112671  -6.35032455  6.204573801
1957.150391  766.850647  -6.68624103  7.068479279
1480.726074  521.020935  -7.597616767  6.599291332
2225.309082  674.874451  -6.146024299  6.906805947
1195.487183  760.11676  -8.13098459  7.021882517
1179.551636  439.732544  -8.148930348  6.445946844
1175.268433  433.040649  -8.15622825  6.43396959
327.061432  338.752716  -9.664270958  6.244888794
2043.442627  632.158752  -6.512226372  6.819862357
1705.396118  477.457397  -7.172075493  6.524042605
1923.155396  875.437744  -6.754345114  7.270622656
1532.110474  379.534363  -7.496098133  6.343133682
2113.844727  1348.45752  -6.366875328  8.192508734
1193.359863  845.047302  -8.137574501  7.175065097
2013.19873  555.248901  -6.569906596  6.674731552
2187.717285  793.921814  -6.22251527  7.131334187
1572.615601  894.0625  -7.434294964  7.283403436
1511.812866  760.679321  -7.544559481  7.037291845
2204.131348  1208.738403  -6.188027734  7.927374528
1023.5896  287.366882  -8.425808623  6.170899833
1023.5896  287.366882  -8.425808623  6.170899833
589.142578  125.562523  -9.19221731  5.877031111
2129.768555  787.882202  -6.340835678  7.116574601
1725.430054  53.006557  -7.119990194  5.745309865
1943.880859  257.671051  -6.702775808  6.120602997
1439.43396  540.650818  -7.675085724  6.633644186
2082.806641  423.764862  -6.430146476  6.430408891
1173.27356  809.628296  -8.172986025  7.110139627
1414.206543  126.093536  -7.707968282  5.882722783
2182.374512  560.915588  -6.232223139  6.690102548
1251.518799  306.409088  -8.013710168  6.208755445
1570.766479  522.031616  -7.428895037  6.603081015
2128.122803  142.312851  -6.337254726  5.903820623
1471.200928  794.534668  -7.622312435  7.096830332
1510.77063  679.690369  -7.544519481  6.889378807
2114.923584  574.808472  -6.36744132  6.714514591
1633.413086  619.25293  -7.313197594  6.782020405
1755.022827  812.052734  -7.083997678  7.142190188
348.37854  512.892029  -9.637560317  6.552518212
1163.16748  265.294434  -8.173001024  6.133106463
1433.906128  143.756592  -7.67171677  5.914576018
1433.906128  143.756592  -7.67171677  5.914576018
1806.547241  263.615295  -6.969175223  6.131334437
633.243958  109.868904  -9.114310358  5.849971126
633.243958  109.868904  -9.114310358  5.849971126
1793.658447  1329.969238  -7.006488721  8.125326092
1417.61853  137.974991  -7.701875364  5.904140143
1652.050415  1114.026245  -7.284342982  7.698962659
1718.623413  875.330261  -7.154743726  7.257576069
1713.853149  592.437439  -7.159695659  6.735272922
1571.2052  1397.352295  -7.443032847  8.225424965
484.40509  229.534668  -9.379808786  6.058197192
1143.232422  759.964478  -8.226275308  7.019213011
1973.880859  760.145203  -6.650081517  7.058650277
1706.421997  26.653883  -7.155702713  5.697434591
1038.45166  63.14056  -8.391691082  5.770605469
1499.938232  40.336533  -7.547740438  5.727283257
1499.938232  40.336533  -7.547649439  5.727351166
1550.977783  423.967804  -7.462563584  6.424224132
2028.709595  411.214203  -6.538065024  6.406236121
1313.794067  553.218445  -7.908099589  6.652828419
1313.794067  553.218445  -7.908099589  6.652828419
232.736145  57.903915  -9.810457991  5.753351186
1447.960571  1298.540649  -7.674951726  8.029359589
1379.39209  1082.241089  -7.801449024  7.617752397
1727.702026  156.042618  -7.117770224  5.934248973
2061.589355  890.271484  -6.479801808  7.306039884
1501.144409  67.19297  -7.545870463  5.775679888
2225.516113  1138.81604  -6.144629318  7.794095046
2010.233154  800.795044  -6.579874462  7.135655736
1390.549683  65.250748  -7.750023716  5.772864573
1375.856689  820.738525  -7.801123028  7.139483149
2085.4375  1323.280273  -6.424599551  8.141139591
2085.4375  1323.280273  -6.424599551  8.141139591
1500.042847  778.441162  -7.567736169  7.068687082
1500.042847  778.441162  -7.567736169  7.068687082
518.056641  615.809937  -9.342057294  6.740353682
1596.644653  826.723999  -7.386140612  7.162287593
2032.278198  791.163818  -6.537303034  7.117566969
1727.480713  909.123962  -7.137805954  7.32114789
1902.204102  1350.962891  -6.792116606  8.17578898
878.180542  89.764389  -8.679327211  5.817706691
1784.012451  1335.957642  -7.026368454  8.134343988
2217.808838  818.665588  -6.160778101  7.180203096
2217.808838  818.665588  -6.160778101  7.180203096
410.79892  578.702881  -9.530429759  6.67094367
388.99588  453.520416  -9.560728351  6.448752541
2010.031738  457.809875  -6.574920528  6.49287582
1547.442627  568.047241  -7.474150428  6.686400585
1372.735352  899.247192  -7.809220919  7.282176842
2185.834473  487.895721  -6.223169261  6.552048812
2175.172852  1404.938599  -6.241566014  8.309518124
1375.822266  730.572083  -7.79879706  6.975641513
77.850288  87.860435  -10.08211734  5.801497504
77.850288  87.860435  -10.08211734  5.801497504
2215.999023  830.676575  -6.163931058  7.203230377
1202.819702  274.598083  -8.101350989  6.150258674
1364.554443  1044.032104  -7.828065666  7.546560278
1149.101074  494.585632  -8.206131579  6.543495805
1117.974365  129.594772  -8.24990399  5.889610268
2053.83252  584.055725  -6.490951658  6.729931266
551.594543  135.34523  -9.259238408  5.893246963
1626.546753  806.273865  -7.329365376  7.125690511
711.096619  75.401794  -8.97523423  5.790675673
1722.24646  1152.674072  -7.149485797  7.776942373
1722.24646  1152.674072  -7.149485797  7.776942373
2011.756348  779.840332  -6.577874488  7.095585923
1593.77002  664.778259  -7.387936588  6.865057304
410.076477  48.256962  -9.503238125  5.738521689
1112.835449  268.145477  -8.264169798  6.137934429
1689.430054  749.927063  -7.209087995  7.024077598
471.880829  417.909607  -9.412287349  6.388527746
1527.681396  460.765717  -7.50895996  6.49062052
1695.593384  548.476868  -7.192759215  6.65437318
993.633301  635.99646  -8.492192729  6.79176692
282.728149  47.934246  -9.724023154  5.736702378
1431.845825  14.715281  -7.673326748  5.681730217
1566.725708  1299.830078  -7.450845742  8.039580512
2210.020996  812.344238  -6.176578888  7.167467739
2210.020996  812.344238  -6.176578888  7.167467739
11.072143  444.273346  -10.22368343  6.420159371
1078.391846  275.699432  -8.329156923  6.152197464
1536.369751  296.176422  -7.484586288  6.191343157
1640.844116  794.461792  -7.301981745  7.104475414
1640.844116  794.461792  -7.301981745  7.104475414
1587.947388  757.137756  -7.401063412  7.033907317
1186.13269  645.378113  -8.144467408  6.814657973
2227.128906  579.438232  -6.142655345  6.725832652
1213.321411  687.797974  -8.096265057  6.891919309
2089.879395  631.420471  -6.420399607  6.819762188
1644.035522  606.061707  -7.292949866  6.758094125
886.258728  18.385363  -8.66234244  5.691462906
1533.717651  440.144318  -7.496164132  6.453314553
527.774597  378.337189  -9.311407706  6.320552336
1644.608887  638.572083  -7.292432873  6.817525478
932.164185  139.328873  -8.584905482  5.906182455
445.01059  112.287567  -9.444708912  5.85124376
1347.108032  804.411804  -7.853176328  7.109313158
829.974243  723.776123  -8.790106721  6.944032703
1199.859741  735.24939  -8.122133709  6.977082861
879.575562  492.95694  -8.691406049  6.533635361
460.598083  213.815414  -9.421523224  6.029375324
2036.662964  587.375305  -6.524142211  6.736399806
2036.662964  587.375305  -6.524142211  6.736399806
2038.073608  317.059662  -6.517104306  6.230672207
448.37738  328.517609  -9.449149853  6.230481376
448.37738  328.517609  -9.449149853  6.230481376
1556.74231  664.069519  -7.457905647  6.861974672
415.747437  445.705963  -9.513117992  6.4357122
2022.767212  597.764221  -6.552342832  6.755261165
1426.924805  676.313721  -7.702325358  6.87925217
1426.924805  676.313721  -7.702325358  6.87925217
1736.034668  597.610535  -7.117113232  6.74507096
1424.561401  328.606812  -7.694569462  6.249750769
92.615234  317.070038  -10.07181947  6.20020645
1729.561523  644.873779  -7.130543052  6.832177664
2039.199219  423.00708  -6.517786297  6.42825345
1729.201782  278.027802  -7.118492214  6.158448278
2084.412598  1327.396118  -6.428327501  8.14724429
2173.556885  773.328918  -6.251049886  7.091505479
2105.685547  49.752411  -6.380886139  5.731811464
2176.768799  791.311096  -6.245232964  7.125721198
1458.008057  354.264587  -7.634722268  6.296454
1197.855957  113.715302  -8.105126938  5.861414011
579.035339  484.016205  -9.225853857  6.508412599
1473.517578  460.946808  -7.609518607  6.48983793
1311.201782  613.275208  -7.914254506  6.762161946
2149.655029  461.76767  -6.296742271  6.502321181
1960.973511  380.624512  -6.669540255  6.348651618
1741.234009  724.367859  -7.110824317  6.978751224
1594.865723  123.98761  -7.368937844  5.876651837
1720.776978  129.115417  -7.129564065  5.88469836
1169.889282  272.503235  -8.161262182  6.146336791
1606.620361  193.365692  -7.350560091  6.004305278
1606.620361  193.365692  -7.350560091  6.004305278
1509.554199  750.014648  -7.548730425  7.017668315
1716.787109  300.673615  -7.143042884  6.200077148
1481.490601  122.098984  -7.583872952  5.875541934
1237.250977  859.668152  -8.057709576  7.203619579
728.267029  462.781433  -8.960246431  6.475621631
1165.163696  562.72699  -8.179367939  6.666243947
1384.424194  1307.545044  -7.794443118  8.04328198
1912.011719  783.938721  -6.77614882  7.098041211
1490.907959  811.995544  -7.585944924  7.129499456
1372.750366  862.256714  -7.80844493  7.214279636
1525.003906  279.004791  -7.506017999  6.160004805
1940.60791  324.761902  -6.709529717  6.244784833
1482.962769  67.688225  -7.580093003  5.777188848
541.527832  407.230927  -9.288612013  6.371806017
1961.575073  920.963867  -6.67879413  7.358466835
1194.52124  782.547668  -8.133406557  7.062058958
2070.531738  781.139709  -6.458724092  7.101292504
1949.851318  394.523621  -6.691715957  6.374500294
1949.851318  394.523621  -6.691715957  6.374500294
373.167969  408.107361  -9.586960998  6.368252761
1625.528931  717.716248  -7.329043381  6.963404816
1605.124268  337.336395  -7.356680009  6.26694261
1638.591797  921.447449  -7.308744654  7.338554751
1941.302856  773.755554  -6.717315612  7.081033164
1681.400269  534.122437  -7.220034848  6.629498516
2010.876831  1090.768555  -6.578119485  7.684680774
2131.731445  830.6604  -6.337820719  7.197082857
2131.731445  830.6604  -6.337820719  7.197082857
368.686249  579.245056  -9.604973756  6.670360241
2095.757813  41.645954  -6.398704899  5.716661218
1633.336182  763.392151  -7.315287566  7.047433317
1107.693237  148.118164  -8.269870721  5.923010213
1107.693237  148.118164  -8.269870721  5.923010213
983.431885  300.936829  -8.498426646  6.194396441
404.333466  562.019897  -9.541092616  6.641321527
404.333466  562.019897  -9.541092616  6.641321527
929.487976  161.023895  -8.590370408  5.944809985
1999.15686  532.808289  -6.599093203  6.632751711
1004.859741  395.208679  -8.463388117  6.362563728
596.077026  715.772705  -9.207562103  6.920826241
596.077026  715.772705  -9.207562103  6.920826241
2224.540527  136.325653  -6.140639372  5.890840194
515.124451  121.434105  -9.322962551  5.868529334
1933.071899  1187.046753  -6.735493368  7.860268241
1697.381104  783.19104  -7.194227195  7.08610197
1415.804932  763.209351  -7.72519805  7.036953391
1415.804932  763.209351  -7.72519805  7.036953391
1560.984619  339.900696  -7.440285884  6.271209144
1121.896729  64.124252  -8.241459103  5.772804081
1496.49646  822.23938  -7.575680062  7.148465601
1615.450439  837.116699  -7.350964086  7.18202779
1452.939087  1072.903076  -7.663877875  7.604678052
1012.904419  393.536957  -8.448841313  6.35978081
1477.990479  1425.335327  -7.621307448  8.269696434
2007.568848  646.046204  -6.58293642  6.844942448
1534.632202  580.996582  -7.498043107  6.709607027
2137.574951  793.767761  -6.324985891  7.127357135
2138.294434  817.783447  -6.323549911  7.173913648
1560.962402  171.652405  -7.435611947  5.9647203
950.415955  365.18457  -8.559859819  6.308003271
1789.148926  109.476738  -6.998875823  5.847818796
1789.148926  109.476738  -6.998340831  5.847690684
1187.966919  548.476135  -8.137555501  6.641341902
1097.707397  360.260101  -8.295409377  6.302148441
2030.778809  1108.224731  -6.537991025  7.72040032
901.200562  290.802246  -8.645016673  6.175152661
2087.879639  640.749451  -6.424156557  6.837403823
1498.831055  1117.228882  -7.57660205  7.69320351
1199.666992  139.105667  -8.102064979  5.906469723
2213.069336  740.412231  -6.169961977  7.031191833
1017.315369  375.630493  -8.440038431  6.32799913
1428.955688  292.14798  -7.684919592  6.183433784
876.681641  420.096375  -8.69351402  6.403787796
1415.043579  829.231934  -7.728926  7.156663524
2063.549316  195.445038  -6.461996048  6.003196578
1456.993774  285.840271  -7.632934292  6.172101646
2178.31958  332.930542  -6.237533068  6.260431011
1976.187256  469.461823  -6.64091764  6.514478275
1546.550293  590.579956  -7.475315413  6.727766633
1585.829224  352.263367  -7.393907508  6.293945857
2043.070557  784.421265  -6.513774351  7.106380375
1429.355347  569.873779  -7.694544463  6.686912979
2067.201172  312.152863  -6.459729078  6.22137524
54.858978  621.230225  -10.16202226  6.733205332
529.48938  742.765015  -9.328493476  6.967077628
529.48938  742.765015  -9.328493476  6.967077628
398.790436  388.284821  -9.540383625  6.334099272
1538.655396  158.105804  -7.47846537  5.940423529
2026.111206  780.991333  -6.547894892  7.099539526
1134.016968  292.186096  -8.226894299  6.180985036
2026.953613  169.393173  -6.541085983  5.956073357
1663.248169  813.082336  -7.259796313  7.139611342
1271.356812  1321.141846  -8.007560251  8.055825794
1450.933838  761.296997  -7.658946942  7.035634857
1450.933838  761.296997  -7.658946942  7.035634857
1018.803223  511.269684  -8.4423374  6.569789403
1493.784546  161.480362  -7.559895274  5.945854223
1482.494629  762.881653  -7.600285731  7.039558322
1482.494629  762.881653  -7.600285731  7.039558322
2087.600586  1389.377808  -6.419711617  8.269293529
653.203491  73.308189  -9.077693851  5.78609215
568.883484  523.607056  -9.245904588  6.57837497
1216.977417  96.708199  -8.069489417  5.830599371
1464.454224  1024.03479  -7.640684187  7.51668227
1965.402954  762.988953  -6.669618254  7.061854205
1965.402954  762.988953  -6.669618254  7.061854205
1267.185913  571.453308  -7.993585439  6.684703539
1518.129761  398.969971  -7.522749774  6.378325188
1685.63916  837.682678  -7.217579881  7.185899009
479.838989  345.112732  -9.393717599  6.260620023
1661.94751  824.380798  -7.262314279  7.160874242
1133.046143  558.510071  -8.237473157  6.657605015
1612.77356  1040.453369  -7.359230975  7.558158162
1071.218262  645.660339  -8.352335611  6.811621861
1785.680176  65.527405  -7.005178739  5.767167046
1151.975586  616.061646  -8.205736584  6.760604254
1553.862305  790.385315  -7.466459532  7.093272718
18.185396  752.213867  -10.23716325  6.964027799
2162.05835  1202.104492  -6.273377586  7.911598588
1411.846436  1295.290405  -7.743530803  8.019378546
1506.878662  383.134155  -7.543598494  6.34943517
1166.125854  146.127014  -8.163910147  5.919349911
2155.813721  607.133972  -6.285744419  6.776600865
2155.813721  607.133972  -6.285744419  6.776600865
1677.39856  345.219391  -7.21988785  6.281794867
538.169128  705.21167  -9.310484719  6.900121382
538.169128  705.21167  -9.310484719  6.900121382
1472.264282  764.038391  -7.61967247  7.041079713
548.244263  313.893707  -9.272424231  6.207853545
995.019287  49.932022  -8.46910104  5.746888683
1904.440918  802.266968  -6.790650625  7.132429952
1822.764282  510.25943  -6.944970549  6.58716974
1563.55603  792.108643  -7.448205777  7.096811501
1563.55603  792.108643  -7.448205777  7.096811501
1067.026489  141.15538  -8.343034737  5.910507874
1536.776733  989.229065  -7.503431034  7.457489595
1469.720337  269.47467  -7.609145612  6.142586836
1368.082275  664.166748  -7.811145894  6.855167661
1214.857544  683.231934  -8.093395096  6.883856086
1196.978027  744.281616  -8.12796463  6.993127372
1254.75061  982.111389  -8.02912796  7.427175872
1696.656128  811.921814  -7.195781174  7.139297618
1256.150391  547.931641  -8.013224174  6.641919286
1510.017334  791.407654  -7.549031421  7.093147098
1716.893066  719.446472  -7.158021682  6.968225607
1255.117432  323.961365  -8.007127256  6.23941909
1762.413086  824.455688  -7.069668871  7.1656061
1762.413086  824.455688  -7.069668871  7.1656061
2004.08606  467.886108  -6.587503359  6.511851188
1939.435425  1347.010742  -6.718723593  8.171088862
1015.666992  691.930542  -8.454293239  6.892330729
1659.719482  481.030823  -7.259502316  6.529872282
2001.923096  352.650421  -6.589306335  6.296827407
1217.674805  822.002502  -8.09233711  7.134544125
1396.685059  771.553955  -7.761060568  7.051168877
997.52478  16.544172  -8.464013109  5.687947749
1950.785156  322.717621  -6.689932981  6.240994738
1237.010254  1301.187256  -8.071050396  8.014120922
976.074646  66.322716  -8.503669575  5.776281861
976.074646  66.322716  -8.503669575  5.776281861
1016.374084  644.655396  -8.451496277  6.808094875
2096.220459  916.139099  -6.410204745  7.357379431
1372.338013  705.2901  -7.804585982  6.929756114
1508.615723  818.204834  -7.552675372  7.141988062
1688.440674  772.833923  -7.210712973  7.06650535
400.946716  436.916534  -9.539058643  6.419963579
1150.682861  453.206787  -8.201879636  6.469557457
1150.682861  453.206787  -8.201879636  6.469557457
39.494831  105.918358  -10.1512954  5.831765565
1466.273315  756.356079  -7.630549324  7.026964209
1523.753052  798.920837  -7.523444765  7.107642003
918.870667  456.055359  -8.619428017  6.468644485
2011.92749  454.717377  -6.571591573  6.487230833
1734.52356  135.21608  -7.104037408  5.895769817
365.928467  323.281708  -9.594039903  6.218257736
1011.493103  700.410522  -8.462223133  6.907433224
1579.772949  175.042984  -7.399239436  5.970109491
2053.73877  389.984039  -6.489122683  6.366632382
851.775208  684.522888  -8.748919275  6.874491302
1187.718628  794.416687  -8.146260384  7.083357556
1516.933594  450.410889  -7.527959704  6.471720748
2002.842041  381.067566  -6.588595344  6.349795851
2131.216797  812.733704  -6.338394711  7.163716117
1524.473633  825.466248  -7.522953771  7.156015509
1728.237061  789.465332  -7.135398986  7.098786121
1896.295288  597.828796  -6.802013472  6.751546329
2217.381104  316.233276  -6.153825194  6.228846584
1379.244629  843.092712  -7.79508011  7.180683746
1447.636963  284.902039  -7.649529068  6.170329342
1087.223999  399.340027  -8.314875115  6.371761779
2054.606934  686.668335  -6.490730661  6.922615302
557.709351  581.21405  -9.269045276  6.680216454
1663.831177  352.04895  -7.245949499  6.294109754
1396.735352  785.545227  -7.761378563  7.076620369
2033.567139  569.523621  -6.530324128  6.702407692
1572.579834  997.162109  -7.435654946  7.475265405
866.967651  78.986214  -8.698966947  5.798510518
866.967651  78.986214  -8.698966947  5.798510518
2214.79834  674.896545  -6.167756007  6.906569064
1118.258301  526.143677  -8.263368808  6.599178728
1999.020874  296.97998  -6.594214269  6.193183183
1576.328369  1328.202026  -7.432861984  8.094134808
989.278625  321.109467  -8.488648777  6.230360654
1672.643433  131.676636  -7.221655826  5.890016962
412.002625  261.337341  -9.509896035  6.111420924
2202.724609  784.25  -6.193048667  7.113650751
1664.503296  771.355103  -7.256550356  7.062988629
1989.497925  788.09375  -6.621658899  7.110074837
504.902344  270.779724  -9.345763244  6.130793334
504.902344  270.779724  -9.345763244  6.130793334
1720.334961  806.674255  -7.150687781  7.130348013
1516.18396  785.388306  -7.537477576  7.082363374
1488.472534  951.847412  -7.594012815  7.385328891
1053.00354  143.056641  -8.368146399  5.913878367
200.028015  496.17868  -9.89521685  6.517375135
1515.949219  934.218872  -7.541482522  7.355107943
1515.949219  934.218872  -7.541482522  7.355107943
435.049255  395.708252  -9.47610249  6.348305582
1703.276733  763.449219  -7.182962346  7.049843546
1578.03064  781.812195  -7.420244154  7.078974525
1578.03064  781.812195  -7.420244154  7.078974525
1669.689941  826.628601  -7.247956472  7.164987431
1142.347534  746.20697  -8.227101297  6.994886353
1133.13501  443.833374  -8.233420211  6.452363302
1950.604492  51.802303  -6.686566026  5.739204944
1182.972412  777.142273  -8.154293276  7.051974476
1942.936157  703.043945  -6.713664661  6.948664562
389.46347  322.352234  -9.552895457  6.21792722
1412.026367  821.608032  -7.734032931  7.142689181
1725.42749  882.151245  -7.1417929  7.270596865
1044.590332  166.666763  -8.384013185  5.955959189
1748.131836  41.717098  -7.076089784  5.723977955
472.280518  674.849854  -9.426754154  6.844115764
1363.557739  814.943176  -7.823450728  7.1288293
1498.963379  775.272156  -7.569367147  7.063556033
1738.896729  631.855408  -7.112689292  6.808540728
1738.896729  631.855408  -7.11287229  6.808445545
1476.001709  64.914619  -7.593757819  5.772772041
1476.001709  64.914619  -7.593757819  5.772772041
1433.38269  531.505798  -7.686090576  6.61703136
1544.99231  549.268677  -7.477832379  6.652152293
2075.74292  395.626404  -6.43653139  6.378897265
1119.72522  355.464813  -8.25434893  6.293956332
1160.143677  1172.701416  -8.208836542  7.772056949
1595.178223  636.222168  -7.385148626  6.812440741
1595.178223  636.222168  -7.385148626  6.812440741
613.163025  137.9133  -9.150554871  5.898861101
496.01593  271.008148  -9.361008039  6.130973734
950.888428  402.421753  -8.560465811  6.374176504
1992.997803  1361.099243  -6.613065015  8.201916952
1457.050293  280.099121  -7.632944291  6.161896971
1422.513794  800.556946  -7.713969201  7.10515086
1701.193604  378.849335  -7.176058439  6.343544182
1948.993286  283.717529  -6.692495946  6.168569408
1655.345337  643.178589  -7.272210145  6.826704798
1462.908081  106.996422  -7.618450486  5.848408009
1223.457886  1084.599243  -8.089478148  7.614254864
1994.917603  490.968323  -6.604633128  6.55484853
2003.311035  832.157532  -6.594996258  7.193524365
1477.23877  631.065979  -7.606987641  6.799509133
2065.71875  425.495087  -6.46328103  6.433355016
1406.436279  756.174988  -7.742432818  7.023768188
2060.051514  1397.297852  -6.476328855  8.281205764
1532.90564  262.157349  -7.491532194  6.129619649
1613.153076  807.512207  -7.354472039  7.127508528
1613.153076  807.512207  -7.354472039  7.127508528
1460.08313  61.661427  -7.622770428  5.766980813
1244.191406  95.084114  -8.018520103  5.826938981
1501.599243  1345.946533  -7.574676076  8.122627966
17.452568  363.94986  -10.20586067  6.279896508
1413.28772  1065.297119  -7.737574884  7.58937047
632.177246  700.059448  -9.14243398  6.894259507
2222.435791  422.058075  -6.147913274  6.42886738
1105.170654  280.717316  -8.278362607  6.160048282
1571.988037  137.709198  -7.412522257  5.902221571
932.183716  329.281494  -8.591245397  6.243860149
2036.340088  315.099548  -6.519991267  6.226866135
2036.347168  765.492737  -6.528428154  7.06985678
2229.328857  737.284729  -6.136756424  7.025495416
2136.62085  480.612427  -6.323129916  6.53783294
1546.72937  1138.085938  -7.486457263  7.73498615
1435.046509  1347.938232  -7.700459383  8.120941249
1435.046509  1347.938232  -7.700459383  8.120941249
2223.091797  354.534546  -6.1459743  6.301170483
983.613159  63.201801  -8.490140757  5.770645096
1511.715698  779.86853  -7.545591467  7.072150856
1733.930054  47.450069  -7.104039408  5.735370669
1520.173584  1055.587646  -7.5357286  7.579635721
2048.043213  989.085144  -6.506275452  7.492680732
94.912788  707.917908  -10.09726713  6.887977881
904.289307  265.760956  -8.638475761  6.130791125
1987.833984  158.08197  -6.613897004  5.934804946
1987.833984  158.08197  -6.613897004  5.934804946
1114.197144  291.382568  -8.262800816  6.179349393
898.906677  681.004639  -8.664109416  6.869712044
1496.30481  791.94104  -7.575039071  7.093036402
1496.30481  791.94104  -7.575039071  7.093036402
501.839325  420.604095  -9.359802055  6.394213984
858.775757  274.978943  -8.720551657  6.146132555
1927.337891  792.124512  -6.744783243  7.115442203
22.172085  315.303833  -10.19455682  6.195005685
1949.493408  687.14679  -6.700090844  6.919247466
1097.949951  496.57016  -8.298988329  6.545941821
1097.949951  496.57016  -8.298988329  6.545941821
1097.949951  496.57016  -8.298988329  6.545941821
582.894714  517.690125  -9.22048593  6.568337031
498.613159  380.996368  -9.362983012  6.324306024
498.613159  380.996368  -9.362983012  6.324306024
2001.589844  33.769928  -6.584639397  5.703985663
1223.828735  118.923744  -8.057548578  5.87032209
1570.314331  1152.199463  -7.439735891  7.766276025
1637.106689  410.995483  -7.299158783  6.401596881
1923.985718  765.256714  -6.751133157  7.064523102
1208.892334  683.299866  -8.10423295  6.8836693
1377.280518  619.582153  -7.793042137  6.77423528
2065.873291  42.247952  -6.460068074  5.718902927
1998.887573  365.409058  -6.595961245  6.320699395
2139.156494  349.227722  -6.317232996  6.291007728
2063.545166  687.715637  -6.472425907  6.925005164
1573.298462  352.750061  -7.417037197  6.294723727
1131.329712  123.49408  -8.226236308  5.878883498
1131.329712  123.49408  -8.226236308  5.878883498
1044.749023  376.866974  -8.390781094  6.330765472
1447.822632  492.511536  -7.658012954  6.546792794
2099.759521  348.174957  -6.39570994  6.288913472
79.508682  575.595032  -10.11524789  6.653471496
80.758102  391.843018  -10.09772213  6.330549235
1541.921143  282.52533  -7.474405425  6.166839707
1641.489258  403.047516  -7.2904759  6.387275322
1539.58667  266.022705  -7.477894378  6.136143104
948.931763  393.756653  -8.563688767  6.359029157
1463.999878  128.801346  -7.616498513  5.88752578
1271.99231  1246.467773  -8.004366294  7.91659728
2134.069092  759.757263  -6.331258807  7.063870238
151.155106  744.235535  -10.00032944  6.954525262
1695.598389  769.473938  -7.19754815  7.060602497
1013.679443  404.095337  -8.447851326  6.37857434
821.681885  572.963501  -8.798187612  6.674362665
1565.23645  425.237244  -7.436268938  6.426510842
1565.23645  425.237244  -7.436268938  6.426510842
1466.028442  72.068558  -7.612386568  5.785833896
1620.694214  1205.046143  -7.346259149  7.866073585
2107.467041  693.691895  -6.384591089  6.937950423
634.296143  547.140686  -9.130695138  6.622170977
992.353333  172.093338  -8.478125919  5.964839916
2169.252686  1345.420288  -6.252364868  8.194090211
1241.795532  111.074974  -8.024786019  5.85645992
2027.688721  612.94281  -6.542514964  6.784174424
2094.565186  656.008362  -6.410408742  6.866120558
2094.565186  656.008362  -6.410408742  6.866120558
1861.15271  281.001892  -6.863402646  6.163497875
1632.318726  483.891235  -7.311874612  6.534897676
940.36322  548.289673  -8.584476488  6.633654718
858.939392  684.586609  -8.736018449  6.875087442
858.939392  684.586609  -8.736018449  6.875087442
1429.547119  806.890381  -7.700973376  7.116984087
2062.460693  10.294592  -6.465285003  5.659309431
1694.298584  513.382446  -7.194327193  6.589970865
518.601929  595.167725  -9.338036348  6.702740752
455.106201  222.658813  -9.432826072  6.044635441
489.90921  637.478333  -9.3936116  6.778343961
418.379059  417.89209  -9.507257071  6.386878599
1611.223877  766.196228  -7.357080003  7.051565349
1611.223877  766.196228  -7.357080003  7.051565349
2093.614014  262.705322  -6.4060848  6.128977452
1129.728638  139.492554  -8.229575263  5.90769133
1492.141357  179.994446  -7.56470721  5.980146834
1492.141357  179.994446  -7.56470721  5.980146834
1855.018311  1335.30542  -6.886416337  8.140808776
1423.299683  1251.809326  -7.721051106  7.93957516
1875.965576  917.627563  -6.848031853  7.34680256
432.287415  356.209747  -9.47908145  6.278862827
432.287415  356.209747  -9.47908145  6.278862827
2224.375732  130.128479  -6.141608359  5.87909713
1461.826294  576.741272  -7.634666268  6.699848058
1748.256104  808.888123  -7.097498496  7.135830493
1462.693359  461.954193  -7.629577337  6.491274855
2082.864502  781.91748  -6.434184422  7.10347817
1325.171265  1404.996948  -7.908910578  8.218567254
1325.171265  1404.996948  -7.908910578  8.218567254
1157.986938  1036.564453  -8.208382548  7.521603664
2090.079102  652.782715  -6.419291622  6.859966667
1126.224365  280.187439  -8.240668114  6.159540048
1714.101318  601.143188  -7.159087668  6.751428256
906.948486  376.933655  -8.637875769  6.327883793
609.581604  729.468384  -9.184369416  6.945952939
2120.131348  466.249359  -6.357444455  6.510166109
1470.999878  177.371017  -7.603881683  5.975031355
1402.742065  560.97522  -7.744877785  6.66937493
2018.531738  644.64917  -6.561327711  6.842696521
1143.1698  1313.1875  -8.245014055  8.030514321
1463.239502  833.837891  -7.638371218  7.167825425
968.801025  425.903107  -8.529022234  6.416400583
1708.141968  407.254211  -7.1641066  6.395675335
1053.571777  177.482391  -8.368318396  5.975247103
841.52655  691.556885  -8.767492025  6.886673948
1183.821533  223.385742  -8.134173547  6.058102887
2202.827637  1365.735229  -6.184432783  8.2361902
1097.865723  502.802338  -8.299472323  6.556871205
2183.657959  553.987427  -6.229028182  6.676621556
1200.64502  661.238281  -8.118458758  6.843999611
985.67395  574.261047  -8.504234567  6.681531764
1765.986328  331.031525  -7.050862124  6.256138463
2069.329834  585.828064  -6.459946075  6.733949987
1722.461548  22.081182  -7.124838129  5.688648717
950.967041  417.569946  -8.560647808  6.401132069
1425.002075  280.456299  -7.691886498  6.162218789
1643.058105  1350.181274  -7.304506711  8.142221495
1643.058105  1350.181274  -7.304506711  8.142221495
2083.987549  684.864197  -6.431129463  6.921085389
2083.987549  684.864197  -6.431129463  6.921085389
2023.346924  641.044861  -6.552166834  6.836001894
866.750305  510.380219  -8.714857733  6.564109273
1988.476685  503.673737  -6.618496942  6.57834881
2022.955322  1394.273682  -6.552106835  8.27000633
1464.223511  1309.240845  -7.644748133  8.050676744
1464.223511  1309.240845  -7.644748133  8.050676744
1020.689514  684.159424  -8.444972365  6.87868162
1645.705688  1358.508911  -7.299191782  8.159271486
1019.983276  394.385834  -8.436215483  6.36143208
1019.72052  321.05246  -8.434095511  6.230842378
1960.59436  1087.411255  -6.680676105  7.673179471
1465.615601  1152.72937  -7.640051196  7.756319147
2101.934814  896.145569  -6.397471916  7.32017263
549.451111  11.424354  -9.258568417  5.675374813
1523.865356  1060.096924  -7.529193688  7.587623283
918.262268  712.289124  -8.630781865  6.926371399
325.699799  289.886749  -9.662942976  6.159120692
1956.019531  386.284271  -6.680251111  6.359140545
1956.019531  386.284271  -6.680251111  6.359140545
753.237427  175.364746  -8.90388119  5.968023413
1508.073486  148.217407  -7.534434617  5.922297304
2016.79187  517.746094  -6.563044688  6.605137999
870.937927  74.380898  -8.691627046  5.790485234
870.937927  74.380898  -8.691627046  5.790485234
1525.106934  1029.551758  -7.525941731  7.531687795
1125.710083  41.229385  -8.233824206  5.731739416
1956.706299  738.987793  -6.686581026  7.01657194
1956.706299  738.987793  -6.686581026  7.01657194
1601.502197  807.076721  -7.376422743  7.126299293
1572.229736  786.077881  -7.431864997  7.086183397
1572.229736  786.077881  -7.431864997  7.086183397
1576.515381  272.766571  -7.408777308  6.14881057
1447.880737  291.256866  -7.649928063  6.181975264
979.341492  325.55722  -8.506718534  6.238120009
1161.455933  1159.46582  -8.205875582  7.748195708
2022.742188  112.554367  -6.544615936  5.84992202
348.432678  382.557465  -9.628987433  6.322476587
1170.671021  354.483521  -8.162312168  6.292960365
1941.342651  326.47879  -6.708055737  6.247868697
1408.664551  898.500977  -7.74232682  7.282859754
2068.505615  364.517242  -6.458746091  6.319397947
1747.467773  570.413391  -7.093619549  6.696188662
