968.327759  1298.792236  -2.381572954  5.452192075
284.526184  1412.318237  -3.621729266  5.650564342
241.437576  1329.771118  -3.686546394  5.494556741
301.972076  1049.916382  -3.556392145  4.987483466
285.534943  1261.391968  -3.605801481  5.371694108
917.585632  1426.602539  -2.47769366  5.68711763
700.805054  1329.343018  -2.863184473  5.502554362
328.963593  1283.871704  -3.528736517  5.413159375
1014.644897  1004.253906  -2.290593178  4.912675278
112.700722  1205.073975  -3.908223411  5.263912411
609.538635  750.702576  -2.989322776  4.459934374
368.121674  745.523376  -3.412564081  4.446902483
268.433502  1026.445557  -3.613909371  4.944268512
744.656799  1301.952148  -2.782929553  5.452885395
744.656799  1301.952148  -2.782929553  5.452885395
377.48291  1122.478271  -3.427341882  5.118798127
324.35553  1210.241211  -3.530529493  5.278714279
406.428711  1120.686523  -3.3739606  5.114610108
453.892975  898.089233  -3.273014958  4.717902405
583.178223  970.663269  -3.050581952  4.84638063
968.035706  985.962646  -2.372240079  4.880147336
814.199524  1461.661011  -2.66571313  5.749189708
284.246216  1008.812744  -3.583817776  4.912667272
907.326294  1062.81897  -2.481222613  5.016949497
820.167053  1352.129395  -2.649747345  5.545558979
862.436401  1200.019531  -2.567159456  5.266806223
923.273926  1258.09668  -2.460790888  5.377080101
923.273926  1258.09668  -2.460790888  5.377080101
503.596771  1315.822876  -3.218322694  5.477766198
881.407959  738.677185  -2.515147156  4.44306657
709.987244  1335.602539  -2.847253687  5.514939781
945.640625  1136.438599  -2.416925478  5.151862297
434.784698  779.407715  -3.29745463  4.50617081
163.147583  1199.289185  -3.818765615  5.254469767
163.147583  1199.289185  -3.818765615  5.254469767
957.339661  750.906189  -2.383608926  4.465859992
244.251831  809.731445  -3.634489094  4.556930837
832.393005  1052.258057  -2.613759829  4.998618387
176.109512  1232.955078  -3.799633872  5.318264845
627.703064  1101.779541  -2.980593893  5.086807806
531.796021  1196.06665  -3.159551485  5.260133532
531.796021  1196.06665  -3.159551485  5.260133532
868.836975  1088.312378  -2.550907675  5.063900337
913.179077  1069.687622  -2.471623742  5.030506699
896.215088  1183.355713  -2.506457273  5.237403488
834.188599  1098.675171  -2.612647844  5.081968029
1014.653503  1128.005493  -2.293869134  5.137655965
10.458881  951.319702  -4.063823317  4.803720465
817.308472  745.056763  -2.626935652  4.453690791
817.308472  745.056763  -2.626935652  4.453690791
63.749046  829.14325  -3.956025768  4.587811301
63.749046  829.14325  -3.956025768  4.587811301
610.770081  1076.049927  -3.008845513  5.039970318
609.90271  1415.95813  -3.032643193  5.662933006
573.664429  1372.823486  -3.095721344  5.582651446
813.79657  797.192688  -2.635338539  4.544847035
290.642212  1426.830444  -3.612632389  5.680704386
55.052925  1300.667603  -4.025403834  5.441457497
526.088257  872.755188  -3.144236691  4.673835926
306.493134  1440.814819  -3.586400742  5.707564977
555.721985  912.62915  -3.09527835  4.745300838
852.220581  1371.11731  -2.593442103  5.584088985
1023.956055  1275.454712  -2.281662298  5.410353585
828.019714  1093.665771  -2.623577697  5.072906617
815.493958  1123.047852  -2.647023382  5.126623773
844.032654  1445.427612  -2.611564859  5.721380417
403.996429  1137.138184  -3.380822508  5.145952533
54.735241  1092.335449  -4.002493143  5.059946022
608.847473  1107.360962  -3.014528437  5.096667627
50.413872  1367.51416  -4.041591617  5.565558281
362.566132  1103.404663  -3.452227547  5.084227073
294.81485  1099.55249  -3.573726912  5.077017238
919.02124  1358.685669  -2.472467731  5.559028395
910.118225  1253.160645  -2.48442457  5.36596528
600.056763  1133.847656  -3.032259198  5.145448697
55.843456  1386.609741  -4.031872747  5.5988482
28.272474  1027.056763  -4.04134062  4.940683181
847.504578  1219.855347  -2.594446089  5.301794658
402.698639  1403.049927  -3.407658147  5.637564931
796.167664  1016.160156  -2.676223989  4.933473212
2073.706543  831.979431  -0.387496786  4.635442278
2073.706543  831.979431  -0.387496786  4.635442278
1556.405884  1316.293335  -1.320035238  5.505013402
1107.929932  1036.883301  -2.126882381  4.974919952
1091.419556  1106.795044  -2.156031989  5.102362198
1381.830322  1448.735718  -1.638601951  5.744765158
805.753174  1305.570679  -2.673017032  5.459527621
601.059692  1383.69873  -3.04770199  5.604249671
1591.496582  1194.312744  -1.257995072  5.280579834
2169.006592  1069.866943  -0.184493517  5.080125442
1379.443359  1013.630615  -1.644571871  4.941853363
1116.781616  1440.029541  -2.118583492  5.718889177
1940.72876  1068.149536  -0.619662662  5.062892523
314.051147  1245.956665  -3.552773194  5.344834744
1370.342285  1332.975708  -1.660344658  5.524139795
523.056091  1219.760986  -3.184566149  5.31166718
67.147789  1154.546265  -4.032497739  5.209830936
1875.145996  1407.876953  -0.725603236  5.693308807
1875.145996  1407.876953  -0.725603236  5.693308807
1079.444824  1072.977417  -2.177814695  5.039625524
1882.286133  1437.645996  -0.714020392  5.746765134
2144.026367  1248.949463  -0.221426021  5.412599773
2144.026367  1248.949463  -0.221426021  5.412599773
845.167969  1448.064697  -2.609631885  5.729317072
723.430359  1327.666504  -2.823523007  5.503115846
40.521027  1296.090088  -4.055204433  5.435990573
240.902878  851.945374  -3.645443947  4.63176615
577.625305  1056.322021  -3.066481738  5.003853797
591.474121  944.017822  -3.03362418  4.801597516
1128.425659  1262.288452  -2.094492817  5.388700213
957.025146  949.659546  -2.390259837  4.814952717
991.456909  983.097473  -2.332588613  4.878674625
374.590393  1074.534668  -3.428781862  5.032599216
942.343689  1259.827637  -2.426814345  5.383123102
1122.358276  1011.576416  -2.100833731  4.929747539
1384.780396  1280.563965  -1.63346702  5.430021298
1024.474731  1447.713989  -2.285841242  5.729596433
892.307007  1165.29834  -2.512371194  5.204894412
882.458313  1196.75293  -2.53124094  5.262038471
882.458313  1196.75293  -2.53124094  5.262038471
1980.277344  1201.848633  -0.536486781  5.314096069
1980.277344  1201.848633  -0.536486781  5.314096069
1136.127441  823.18219  -2.073185103  4.594449997
1379.833862  1423.009033  -1.642226902  5.693063646
1113.223511  1184.022095  -2.120210471  5.242877638
822.806885  1299.83667  -2.643260432  5.448452241
495.434418  1345.258789  -3.234896471  5.531317593
965.947083  903.321045  -2.373136067  4.732765897
961.744263  1153.006592  -2.38853886  5.182495998
961.744263  1153.006592  -2.38853886  5.182495998
259.346008  1248.223267  -3.651564865  5.347976906
328.963593  1283.871704  -3.528274524  5.41308808
1082.948486  1189.424316  -2.174158745  5.254061693
1973.926514  883.068481  -0.568806346  4.725658739
1252.615234  1248.932983  -1.871460818  5.366803339
970.060852  875.19397  -2.365073176  4.683577061
1034.721802  1112.264038  -2.257927617  5.110601213
1034.721802  1112.264038  -2.257927617  5.110601213
393.379578  768.146606  -3.369977654  4.487023475
1034.8479  1149.894775  -2.258683607  5.17690619
1034.8479  1149.894775  -2.258683607  5.17690619
1636.159912  847.663208  -1.187772017  4.651825006
2093.912598  837.198059  -0.345953345  4.646975463
537.818542  1022.338928  -3.13322184  4.940026376
1932.120361  784.028442  -0.652876215  4.54497023
556.215088  874.70874  -3.093123379  4.679588802
2136.671387  1261.29541  -0.236165822  5.434434484
2136.671387  1261.29541  -0.236165822  5.434434484
1898.198242  1469.870239  -0.682440817  5.808307396
1125.570679  865.051331  -2.092961837  4.667921277
1096.250732  1009.563538  -2.146885112  4.929194512
942.502075  874.82196  -2.413259527  4.68233648
1108.142822  845.620117  -2.122686437  4.633206452
1136.443481  839.851379  -2.073642097  4.623803955
295.040527  896.231934  -3.554198175  4.711451129
1016.906921  1133.304932  -2.290115184  5.147164572
2106.861816  1262.99292  -0.292107069  5.436785196
2107.706787  868.272278  -0.317813724  4.704130675
890.150696  1221.36084  -2.5193301  5.309376548
1014.101196  894.718811  -2.289385194  4.731436883
1120.537598  1462.759888  -2.112167579  5.759781725
1105.549316  832.246826  -2.127280375  4.610017118
1066.506592  893.940491  -2.196967438  4.717832908
368.448517  1269.014038  -3.455602502  5.385420051
1367.237305  1453.704712  -1.664812598  5.751279988
1146.728394  1043.995483  -2.058283304  4.98856849
1915.152344  1032.299438  -0.670003984  4.995331307
1605.17688  1048.922852  -1.238560334  5.012862569
732.026611  1325.818848  -2.805866244  5.493842194
2010.133545  1047.366089  -0.48903642  5.029090604
2010.133545  1047.366089  -0.48903642  5.029090604
1002.637268  1086.636475  -2.314002863  5.061224233
1418.41687  1240.901367  -1.57252684  5.35894831
1124.894653  1091.889771  -2.097838772  5.075591319
590.141357  1365.129517  -3.065486751  5.569447225
1122.509033  1418.918213  -2.108084634  5.672874948
2017.404175  1264.983276  -0.46228178  5.434860778
516.169617  1283.901978  -3.194226019  5.420644803
841.30072  1279.875244  -2.608680898  5.413269524
1053.931519  1460.452637  -2.233025953  5.753641117
1128.25  1286.773071  -2.095219807  5.434653949
27.690485  1235.271484  -4.069516241  5.322019286
1095.049805  1041.787842  -2.149682074  4.983447558
1404.98645  1255.178101  -1.596000524  5.384508821
1128.163452  1185.577148  -2.093336832  5.246030856
1504.765015  1060.323853  -1.419974893  5.029838129
1415.671021  1025.435425  -1.580295736  4.963817642
1112.630371  819.24884  -2.114890542  4.587128652
522.567078  1017.490784  -3.161114464  4.933139367
1652.015137  838.892578  -1.159008404  4.63677421
1956.722168  1096.74646  -0.59082505  5.114546699
146.489777  1430.806885  -3.873569877  5.684308253
1923.870361  879.028625  -0.66213309  4.716409213
1923.870361  879.028625  -0.66213309  4.716409213
330.592529  1118.134277  -3.511636748  5.111178338
2089.048828  1099.643677  -0.334741496  5.131122157
1363.650391  1054.734863  -1.67285749  5.014532458
1116.997925  1017.440735  -2.110388603  4.939815692
1169.47876  980.599365  -2.017408854  4.875142698
1169.47876  980.599365  -2.017408854  4.875142698
967.327209  1052.544189  -2.375276038  4.999318246
1659.572876  1275.24939  -1.13110678  5.433894481
1621.852295  1262.149414  -1.200869841  5.408217529
1927.84375  1083.216919  -0.642563354  5.090409756
1927.84375  1083.216919  -0.642563354  5.090409756
1178.429077  864.204102  -2.000249085  4.668312387
1178.429077  864.204102  -2.000249085  4.668312387
1954.449829  1026.165039  -0.596236977  4.986404712
1553.232544  1137.293823  -1.329868105  5.173263114
1135.265137  881.022827  -2.076185063  4.697413701
1012.432251  1076.993286  -2.296738095  5.043065469
1092.532349  1070.827637  -2.154631007  5.037233195
1129.58313  1316.971558  -2.092713841  5.493131135
527.226563  1271.53186  -3.173779294  5.398275375
1053.184204  1418.124512  -2.233088952  5.675497492
2104.224854  1046.889038  -0.311146813  5.032911322
2022.759277  1378.212036  -0.455977864  5.639573312
964.250244  902.004578  -2.375835031  4.730574861
964.250244  902.004578  -2.375835031  4.730574861
1521.740234  864.198059  -1.393137254  4.677563295
1095.58252  1160.283203  -2.151064055  5.198895525
1095.58252  1160.283203  -2.151064055  5.198895525
335.021729  1032.055542  -3.494262981  4.954365641
1706.43396  1090.759033  -1.052421839  5.093817344
777.197693  1412.868774  -2.730069264  5.658092247
2128.468506  890.426453  -0.276577278  4.74553494
1114.752319  1169.968872  -2.117136512  5.218005101
1604.075073  1149.047241  -1.238058341  5.196011072
1086.920044  870.020386  -2.160642926  4.676444004
1086.920044  870.020386  -2.160642926  4.676444004
1107.810181  1293.779297  -2.131791315  5.446568907
884.759521  1247.908203  -2.529660961  5.356236375
2123.861816  812.937012  -0.290906086  4.604082924
1134.248291  1363.092529  -2.085611936  5.587800534
1134.248291  1363.092529  -2.085611936  5.587800534
17.219063  863.275085  -4.042129609  4.64715039
2100.334229  1061.822632  -0.316648739  5.060879547
22.650555  970.449524  -4.044164582  4.838408035
1029.833984  1041.749512  -2.264806525  4.981594858
1238.048096  825.291992  -1.895222498  4.600626139
1158.866943  1074.008667  -2.037304586  5.043369052
1158.866943  1074.008667  -2.037304586  5.043369052
1252.928101  1241.618042  -1.871210821  5.352759573
240.901855  1345.833862  -3.694764283  5.528516208
1085.9823  1204.402466  -2.169061813  5.279474135
1091.469727  1072.378052  -2.156450983  5.039525731
1043.756958  1163.945435  -2.24360381  5.204559877
1043.756958  1163.945435  -2.24360381  5.204559877
532.173828  983.509888  -3.141517728  4.87170729
238.98204  874.256104  -3.651564865  4.67174784
1099.82373  1061.269531  -2.141312187  5.018519144
2143.741211  994.248413  -0.240454764  4.936858954
2004.870361  1196.287354  -0.490195404  5.30536138
2182.341309  1287.28186  -0.149937982  5.483966438
2182.341309  1287.28186  -0.149937982  5.483966438
1113.861816  1287.618652  -2.12097846  5.43441573
1415.241211  1302.628662  -1.578815756  5.470637374
505.212067  1291.491211  -3.214663744  5.434408
719.344971  1490.162842  -2.839240795  5.803285091
47.169312  1447.686523  -4.056358418  5.71484537
522.298767  877.634338  -3.153931561  4.683612377
1050.671143  982.962219  -2.226773037  4.876579646
597.593628  1324.970093  -3.049670964  5.495891339
2141.216797  868.282532  -0.254730572  4.705122707
1139.708374  846.916199  -2.068115172  4.636414749
514.796997  1228.277222  -3.192198046  5.317533462
1098.325928  898.956116  -2.141110189  4.727947427
1608.553833  1071.255737  -1.233182406  5.052684666
72.176155  819.029236  -3.940331979  4.570119552
1055.018677  1253.275513  -2.225599052  5.369963889
1603.434448  834.263794  -1.247360216  4.626609783
1115.546143  892.019531  -2.111138593  4.716462009
1404.656738  1182.973877  -1.598844486  5.249699517
911.795959  1047.67749  -2.472895725  4.990527462
1062.058594  1128.32605  -2.209842264  5.139758257
1062.058594  1128.32605  -2.209842264  5.139758257
463.56366  1011.602356  -3.265884054  4.920990644
531.868713  866.611084  -3.133681833  4.662913392
384.678162  892.281311  -3.394591323  4.705879439
1177.737671  758.95813  -2.000444082  4.483038299
1105.791748  855.901733  -2.127389374  4.652038914
1619.981323  1036.18335  -1.211929692  4.990284384
1103.071899  927.636292  -2.133084297  4.779451285
1359.358398  1274.847168  -1.679187405  5.419694398
1972.505127  1438.174927  -0.542803696  5.753890759
1922.156128  976.792725  -0.659758122  4.894165807
1922.156128  976.792725  -0.659758122  4.894165807
407.247223  1275.581543  -3.388157409  5.400913531
1493.259277  1004.300537  -1.441906598  4.927827912
1493.259277  1004.300537  -1.441906598  4.927827912
580.090759  1326.892944  -3.080771545  5.498713678
1935.714355  878.601746  -0.639505395  4.716322093
2172.835693  1264.806152  -0.166344762  5.443721498
1455.982178  1110.217773  -1.506594727  5.119235964
1814.823364  756.041382  -0.869600299  4.491686988
969.094299  847.236084  -2.365641168  4.634309334
2140.720703  1050.82666  -0.241732747  5.04165092
170.292725  816.123108  -3.766476318  4.56687571
1284.173706  1230.796021  -1.814252588  5.334070015
571.829651  1152.797363  -3.083795505  5.179243277
1120.502197  863.877014  -2.101878717  4.666333479
1971.033081  1297.167236  -0.549053612  5.491908189
1069.725586  1312.014404  -2.200660388  5.478273675
1662.2229  1402.32019  -1.127101834  5.664841679
285.074768  851.746216  -3.567653994  4.632238237
1404.789429  1086.675781  -1.599208481  5.073832205
865.862671  1239.707764  -2.563139511  5.342126299
1357.783813  1370.717529  -1.68252336  5.595168865
1357.783813  1370.717529  -1.68252336  5.595168865
1357.783813  1370.717529  -1.68252336  5.595168865
2123.655762  1037.433594  -0.276159284  5.015654159
1065.756592  1110.756104  -2.203165354  5.107776513
1524.087769  769.411194  -1.389848298  4.509827719
705.775696  1223.717163  -2.848728668  5.310554514
705.775696  1223.717163  -2.848728668  5.310554514
808.221985  771.795776  -2.643879424  4.500235033
1049.153076  1331.626831  -2.237870887  5.513432226
1049.153076  1331.626831  -2.237870887  5.513432226
513.377075  1134.985352  -3.186155127  5.144493089
1082.774048  1038.351929  -2.171319783  4.976559636
1099.691162  1197.809204  -2.144616142  5.267756275
354.654785  1169.403564  -3.473053267  5.204877238
473.848938  1133.828613  -3.256991174  5.14220407
552.946533  1484.19165  -3.14058774  5.788956416
1158.941406  874.345642  -2.034462624  4.6859263
1725.660034  1053.011597  -1.018636293  5.025486801
22.578669  1377.845947  -4.093849913  5.584859125
223.849258  767.573792  -3.667728647  4.482252781
223.849258  767.573792  -3.667728647  4.482252781
1112.245972  1236.909058  -2.122806436  5.341000055
239.671448  804.99292  -3.643574972  4.548842308
2025.156738  1051.107544  -0.460227807  5.037031147
1071.89209  1392.912476  -2.199128409  5.626886717
1785.661011  1211.942139  -0.900429884  5.322374459
1115.095215  898.780701  -2.11204558  4.728127748
610.809387  1045.790771  -3.006526544  4.984801899
1401.890991  1258.669189  -1.602341439  5.390779653
1059.743896  1229.027222  -2.216511175  5.324744639
245.394531  1341.020142  -3.686993388  5.520535427
988.977783  953.176697  -2.334496587  4.821860655
840.692017  1044.420044  -2.598950029  4.984228329
1471.252563  1088.879639  -1.479739089  5.080578422
1111.683228  1226.633423  -2.123574425  5.321729922
1690.577026  880.351563  -1.088409354  4.712002363
1103.862305  1106.062012  -2.135231268  5.10062846
568.379272  1216.205444  -3.095203351  5.296241472
2111.545654  942.88501  -0.304008909  4.841330849
1649.987915  1451.867554  -1.146173577  5.760328745
1649.987915  1451.867554  -1.146173577  5.760328745
1067.771729  896.219177  -2.194714468  4.722312611
566.872742  1418.092163  -3.110577144  5.666122588
1945.743896  791.105896  -0.626790566  4.558183809
1041.063477  1327.782349  -2.252492691  5.506360256
1092.118164  1295.111572  -2.159838937  5.447897805
1373.684082  1027.992676  -1.65506073  4.967270373
1050.746338  1046.874023  -2.227819023  4.991521005
1122.416016  1404.50293  -2.107942636  5.648731125
1680.374023  1061.762817  -1.10210217  5.038308715
494.779449  1141.962891  -3.218898687  5.155305973
1108.912354  987.331848  -2.123852422  4.886375346
852.921631  1383.401123  -2.592554115  5.605805056
836.710205  1382.741577  -2.621848721  5.605640105
1141.897705  755.032166  -2.062788243  4.475561366
319.141998  841.483948  -3.506610815  4.614830152
2065.414307  884.352722  -0.395073684  4.732485864
780.79187  1026.284668  -2.703842617  4.951204904
1047.471924  1312.053223  -2.24063385  5.479357867
925.524597  1061.780762  -2.44943804  5.015978451
233.215744  1004.573669  -3.675211547  4.904713245
888.73822  923.149841  -2.50890224  4.767200142
500.13678  1170.022705  -3.213007766  5.209144677
1102.737671  1302.447021  -2.14109519  5.461572157
1102.737671  1302.447021  -2.14109519  5.461572157
977.629517  993.825378  -2.355263308  4.893491885
977.629517  993.825378  -2.355263308  4.893491885
26.056602  1267.151611  -4.074181178  5.379158597
1105.671387  1296.365845  -2.135502265  5.452497058
1127.634888  939.943665  -2.09049687  4.801894892
939.607727  979.770691  -2.421538416  4.86787759
1050.881104  1165.70813  -2.230860982  5.208121865
1374.016602  803.256287  -1.656023717  4.565804526
492.898102  1008.286316  -3.213156764  4.915478568
492.898102  1008.286316  -3.213156764  4.915478568
959.132813  1244.38208  -2.396483753  5.351104402
47.980091  1275.252808  -4.035018705  5.393895661
509.324615  1224.731445  -3.201816917  5.310979621
509.324615  1224.731445  -3.201816917  5.310979621
34.064541  990.832642  -4.026556819  4.875277171
258.243378  1239.663208  -3.652384854  5.331703161
1004.083435  1095.311157  -2.311408898  5.076996285
984.89447  863.868164  -2.338828529  4.663934081
1058.275024  1243.381836  -2.219479135  5.351167848
792.718079  1437.795532  -2.70363662  5.705558474
346.683807  1202.911621  -3.489690043  5.265325548
346.683807  1202.911621  -3.489690043  5.265325548
1097.222534  1214.174438  -2.149317079  5.29802303
811.745361  951.5849  -2.645923397  4.817486413
405.188568  982.132141  -3.3665567  4.867085809
1663.058838  1001.812805  -1.134691732  4.929822984
1715.764282  1145.552368  -1.032881102  5.195346662
2118.06543  1005.892273  -0.288010125  4.957384136
1368.755249  1144.702393  -1.66392061  5.177663888
1473.903687  967.797302  -1.478095111  4.860570344
1283.878418  1211.200928  -1.815450571  5.299561583
1398.384766  1179.271729  -1.610022336  5.243184985
1442.978638  1022.433289  -1.530067411  4.960038225
2193.46582  1291.25293  -0.127571283  5.492382563
2193.46582  1291.25293  -0.127571283  5.492382563
1983.129028  1053.182983  -0.543932681  5.035066632
1983.129028  1053.182983  -0.543932681  5.035066632
2077.698242  830.512512  -0.37676293  4.634739396
1917.797363  846.898438  -0.675129915  4.657998193
1917.797363  846.898438  -0.675129915  4.657998193
1985.435669  1236.390015  -0.526623914  5.377894818
1392.296753  1016.12677  -1.621832177  4.94697191
2198.107422  1225.640503  -0.121496365  5.370236811
2107.780273  1048.079712  -0.304118908  5.035045231
2221.270508  1036.342163  -0.092419756  5.017688476
2208.836914  1026.383911  -0.115850441  4.998206963
1127.366455  1140.332031  -2.094019823  5.164218896
2166.346436  1015.385803  -0.195753366  4.976957163
1999.65686  862.632446  -0.522482969  4.688943326
2115.07373  1296.192383  -0.278754249  5.495933918
2075.491211  995.033142  -0.368807037  4.935894151
1593.923828  1056.602295  -1.259434053  5.026036736
2226.756348  1122.990601  -0.073964005  5.179527761
2086.004639  790.542542  -0.364485096  4.562928624
2086.004639  790.542542  -0.364485096  4.562928624
1371.270752  1369.76709  -1.657781693  5.59373432
1414.487427  917.267639  -1.5829407  4.769899186
1477.909668  1291.696289  -1.463754304  5.455663939
1368.530518  1030.85144  -1.664295605  4.972328545
2209.398926  1204.490234  -0.103440608  5.329779833
1435.053833  1072.741455  -1.544987211  5.050410924
2080.872314  922.599304  -0.363566108  4.802986014
1827.05603  767.910278  -0.845985616  4.513544032
1127.672852  1114.866089  -2.093233834  5.117248803
1127.672852  1114.866089  -2.093233834  5.117248803
1950.694946  1430.040771  -0.586201112  5.735501837
2222.5  793.314941  -0.108182544  4.570370584
1667.71521  1472.243896  -1.113375018  5.799866468
2029.754761  905.360779  -0.462496777  4.76885052
2008.336548  1169.67981  -0.483504494  5.25709773
2231.503662  893.658264  -0.082549889  4.754237904
1395.741943  1081.320679  -1.615347264  5.06440471
1395.660522  1265.484985  -1.613337291  5.403110502
1395.660522  1265.484985  -1.613337291  5.403110502
1593.506104  1053.59314  -1.260146044  5.021033024
2022.127441  1171.481567  -0.458651828  5.260663825
1361.117432  1136.848145  -1.677146432  5.16410785
2077.86377  1144.953003  -0.354256233  5.214294762
1261.048828  1165.258423  -1.856263022  5.212850184
1454.029419  846.143982  -1.513283637  4.644301378
1196.563843  824.796509  -1.968334514  4.598849897
1480.254639  856.205444  -1.466702264  4.662733524
2192.914063  1241.629883  -0.131169235  5.399979868
2213.171875  1283.997192  -0.090730779  5.479584572
1134.480835  852.255432  -2.07714205  4.645888791
1932.859131  769.477173  -0.652774216  4.51874802
2027.903687  826.869507  -0.471256659  4.626086953
2216.12793  1260.709595  -0.085416851  5.436792819
2216.12793  1260.709595  -0.085416851  5.436792819
2160.024658  1241.901855  -0.192728407  5.399611407
1284.087158  1253.830688  -1.815087576  5.377611404
1292.043823  1202.23938  -1.80067477  5.280914709
2166.644043  998.680725  -0.198494329  4.94515165
1657.083862  1240.197632  -1.137166698  5.368061461
1151.045776  996.150269  -2.050127414  4.902381792
1941.949219  780.688232  -0.635463449  4.538768545
2184.685303  939.586853  -0.168542732  4.83697684
1680.231934  1397.113647  -1.091023319  5.660275303
1604.36145  1020.268005  -1.2410583  4.960310768
1604.36145  1020.268005  -1.2410583  4.960310768
1868.363525  1366.290161  -0.740580035  5.615079633
1123.643066  1230.081421  -2.102334711  5.32842331
1364.460693  1354.631958  -1.669994529  5.565893175
1190.410767  854.292175  -1.979171368  4.650824193
1442.928589  798.966431  -1.533462366  4.56032537
1900.468994  1356.972046  -0.680365845  5.599094258
2207.018066  912.212158  -0.128168275  4.787680334
1177.345459  1117.008911  -2.005124019  5.122368281
2178.019775  1278.770996  -0.158032874  5.468614803
1996.077881  1168.72229  -0.508805154  5.253139994
1356.574707  858.802917  -1.686165311  4.664092095
2174.756836  883.05719  -0.190849432  4.733359802
1451.316162  1165.630371  -1.514499621  5.220087786
1168.293823  837.972717  -2.017912847  4.621523479
1663.803711  851.946594  -1.137967688  4.660257869
2190.178467  853.170837  -0.163585799  4.678703473
1996.194214  1247.761963  -0.503822221  5.401211288
1139.154541  881.339172  -2.069452154  4.69805799
1139.154541  881.339172  -2.069452154  4.69805799
1556.094238  1166.084717  -1.324439178  5.225341622
2198.327637  1073.646118  -0.132052223  5.085824667
2161.876953  1165.587158  -0.192009416  5.257704732
1908.681519  1431.9823  -0.66437606  5.737651452
2028.634888  1091.183472  -0.451591923  5.111185477
2161.243652  916.942078  -0.213494127  4.794957021
1885.97937  1068.960571  -0.722479278  5.061300217
2023.056641  1326.669434  -0.449876946  5.549693359
2049.481201  1023.092346  -0.415753406  4.986559917
2022.06189  1333.202881  -0.453070903  5.561084315
1643.350708  835.90094  -1.174645194  4.631593198
1151.585083  1112.698242  -2.050581407  5.113032481
1928.785522  861.152893  -0.653789203  4.684287083
1173.894653  873.81958  -2.008406975  4.685384457
1173.894653  873.81958  -2.008406975  4.685384457
1549.299561  1034.506592  -1.34067396  4.98393058
1134.785156  1088.522461  -2.08011501  5.068708805
250.710571  766.922791  -3.620233286  4.48193758
812.623474  79.54744  -2.61150486  3.319542456
383.175842  1059.525513  -3.411650093  5.005040783
651.468384  1255.603516  -2.949144316  5.370920836
726.9151  674.894104  -2.78091558  4.329541382
375.248657  682.503357  -3.395137315  4.336665866
635.570496  1039.768921  -2.962153141  4.974178061
812.484558  890.267761  -2.641752453  4.708887519
981.922852  1411.021484  -2.361497224  5.662006754
183.797379  815.877991  -3.742799637  4.566738171
460.475067  1218.33728  -3.287913758  5.296233733
418.148926  998.515137  -3.342975017  4.894918292
273.373291  1371.24585  -3.638324043  5.576211834
273.373291  1371.24585  -3.638324043  5.576211834
802.876343  118.387993  -2.629707615  3.383776027
122.097946  691.469482  -3.840370324  4.347609425
547.318176  1059.714966  -3.120311013  5.009056819
547.318176  1059.714966  -3.120311013  5.009056819
657.297729  1185.828491  -2.933842522  5.241979933
971.29895  1099.416626  -2.369827112  5.083406866
287.818237  348.868134  -3.523932582  3.761679582
1054.675415  890.918091  -2.217473162  4.715630208
835.083862  727.837463  -2.595366077  4.424412406
835.083862  727.837463  -2.595366077  4.424412406
805.693665  21.648024  -2.621719722  3.222633799
805.693665  21.648024  -2.621719722  3.222633799
281.860382  393.080109  -3.537522399  3.835632353
867.618958  1070.45813  -2.552360656  5.03171314
867.618958  1070.45813  -2.552360656  5.03171314
265.897095  550.124695  -3.578383849  4.106175334
331.063354  1075.943359  -3.50474884  5.034629535
1029.070679  1324.023804  -2.273924402  5.499423413
368.39093  1338.277466  -3.463280398  5.516415184
566.860718  717.266479  -3.061754801  4.40102775
524.162354  1179.463623  -3.171189329  5.226876772
265.025055  394.145355  -3.567361998  3.837054103
211.689713  763.2146  -3.688433369  4.47450752
211.689713  763.2146  -3.688433369  4.47450752
300.361908  830.697693  -3.538568385  4.595288166
388.158905  833.422058  -3.386379433  4.604046936
1037.197998  586.996094  -2.241030845  4.182893653
699.666382  726.735168  -2.8314339  4.419774968
510.424255  1084.047974  -3.187316112  5.051931613
417.529724  1284.437378  -3.371169638  5.418445542
471.195923  778.029846  -3.234208481  4.50579555
1008.746399  985.515198  -2.300393046  4.879754866
934.211609  324.554199  -2.411664549  3.733247351
727.231689  689.25116  -2.781327575  4.355225791
468.248169  718.773438  -3.234626475  4.401338275
64.115524  1368.089966  -4.016552953  5.566544616
608.893555  868.828369  -2.997671663  4.667537713
484.188141  735.421265  -3.207843835  4.431267795
758.938843  1289.279419  -2.756686906  5.430111705
571.388855  831.145935  -3.063517777  4.602142447
349.401703  716.029846  -3.441289694  4.394353636
435.993134  1001.447205  -3.313711411  4.902385214
24.159081  1459.39917  -4.094171909  5.730167478
743.399902  700.495117  -2.753547948  4.3747024
438.076385  980.909302  -3.308444482  4.865401263
1016.695007  1080.756714  -2.289053199  5.051788601
854.527527  761.628479  -2.562852514  4.482835445
700.25293  1460.953735  -2.871923356  5.747747865
584.049805  1346.730713  -3.075307619  5.535180053
584.049805  1346.730713  -3.075307619  5.535180053
595.065674  329.891235  -2.992579732  3.736578008
395.555664  1227.117554  -3.404398191  5.310922722
1020.928711  770.370483  -2.273492408  4.500262939
996.303528  373.512634  -2.306551963  3.817056144
407.802368  778.684814  -3.345655981  4.505982064
578.789429  681.463501  -3.03883311  4.338609952
343.738617  824.818176  -3.462062415  4.584660495
343.738617  824.818176  -3.462062415  4.584660495
492.254059  1095.906006  -3.219844674  5.072009095
266.902588  698.810852  -3.585453754  4.362974926
589.49353  78.499115  -2.991360748  3.313266628
781.404114  285.410889  -2.67165705  3.665048262
781.404114  285.410889  -2.67165705  3.665048262
353.30014  236.485138  -3.402799212  3.572894379
849.501831  1180.206909  -2.589675153  5.230704878
442.103851  706.790283  -3.280088863  4.380661699
189.419525  450.73465  -3.701632191  3.93327329
943.344116  721.751343  -2.407040611  4.414843553
960.971863  398.199493  -2.367611142  3.85855947
815.46405  695.102905  -2.628284634  4.366619153
318.003082  914.681885  -3.514931703  4.744741456
1001.079346  907.753174  -2.311722894  4.741819028
201.327362  240.971909  -3.664468691  3.577299136
1008.857849  854.451294  -2.296672096  4.647772252
159.902878  745.119202  -3.778538156  4.44246633
1026.94812  1145.199463  -2.272697419  5.169838054
340.35553  386.116089  -3.435098777  3.826001942
851.191467  696.986633  -2.566217469  4.370460822
277.411957  727.796387  -3.570368957  4.414197079
415.167603  737.07782  -3.329577197  4.43315871
881.529968  828.473877  -2.518240115  4.600703465
786.181641  68.587128  -2.656564253  3.300676218
834.21991  702.075378  -2.595686073  4.378619736
839.172974  687.803345  -2.586752193  4.353976459
839.172974  687.803345  -2.586752193  4.353976459
559.510376  802.211975  -3.080788545  4.550039717
1056.686646  1059.194702  -2.217828157  5.013892357
92.512825  720.803284  -3.894625594  4.397756087
422.085602  721.846191  -3.316170378  4.406460006
332.230499  698.147888  -3.471135293  4.362627682
882.048584  205.376495  -2.497362396  3.531489778
1015.009766  226.263428  -2.271370437  3.568640265
541.653748  666.237061  -3.102661251  4.310922935
771.286011  1412.131226  -2.740991117  5.657296422
476.240784  79.399574  -3.184686147  3.312010978
274.887756  471.903381  -3.55530816  3.971395139
15.108279  58.135265  -3.968969594  3.267082522
80.101067  739.499023  -3.919510259  4.430853792
1082.21228  1176.770874  -2.17524773  5.229167368
338.437012  1444.782104  -3.527992527  5.714860805
799.637085  118.783104  -2.63526854  3.38481295
893.121765  1239.856689  -2.514725162  5.344578138
724.24585  694.975647  -2.786666503  4.364655021
851.754517  713.360168  -2.565839474  4.398937403
1043.061768  1083.801147  -2.242516825  5.058437581
1066.098145  875.469604  -2.197177435  4.684768725
836.3349  144.673325  -2.573665369  3.428336394
607.790833  716.985046  -2.990701757  4.400879694
423.329376  707.898499  -3.313165418  4.382264191
664.33429  691.778198  -2.890804101  4.358269006
566.090637  829.490906  -3.070486684  4.598200239
592.692871  720.220398  -3.017076402  4.406334403
355.895569  1042.003784  -3.458528462  4.97297824
1060.276123  1086.343018  -2.212107234  5.06376084
403.275848  478.319244  -3.332515158  3.985190676
299.679901  711.632507  -3.529758504  4.385738601
717.114197  626.759155  -2.795680381  4.246341888
318.771576  439.907013  -3.476210224  3.917471255
175.8936  519.674316  -3.732112781  4.051277619
885.952148  305.357788  -2.492424462  3.699489449
31.077129  714.706726  -4.001878151  4.385912672
1010.119141  890.408691  -2.295408113  4.710747183
950.24823  481.846283  -2.388157865  4.000856471
1005.200195  1047.926758  -2.308394938  4.991696201
354.20813  724.25177  -3.436188763  4.409694877
257.8508  1463.676392  -3.675067548  5.747967941
684.546936  1477.162964  -2.901111963  5.776737973
485.662689  1287.794312  -3.248738285  5.426084159
971.645752  195.842331  -2.344505452  3.516468026
163.762604  488.832214  -3.749511547  3.998008815
941.258484  523.556763  -2.404678643  4.07178582
1052.114746  930.594421  -2.222881089  4.783044618
583.56311  987.242798  -3.050592951  4.87853549
377.428375  731.987793  -3.394609322  4.423387218
916.544312  714.225159  -2.453359988  4.40114657
916.544312  714.225159  -2.453359988  4.40114657
602.142212  1446.99353  -3.04847898  5.720032384
400.605225  200.242798  -3.319761329  3.513111094
564.433228  680.433533  -3.06409077  4.336661587
158.197433  477.11264  -3.759493412  3.977656162
353.809387  282.235748  -3.404839185  3.650279187
328.040222  524.265991  -3.46687335  4.062265293
999.317627  582.762634  -2.306332966  4.17482498
1066.45105  1181.150879  -2.203378351  5.236820698
159.105499  697.447571  -3.774921205  4.358234993
814.330872  723.467224  -2.631244594  4.415879878
592.492859  886.095947  -3.029251239  4.699868938
398.04953  526.463745  -3.344466997  4.067557102
972.613831  665.570984  -2.354676316  4.317530245
433.79718  314.364838  -3.267366034  3.707695295
105.908607  1206.293213  -3.921819228  5.267275483
883.720032  1091.078979  -2.524738027  5.069381871
493.372589  1317.497314  -3.236874445  5.480551996
894.760315  722.014893  -2.491419476  4.414380314
971.11499  526.346375  -2.353417333  4.077000895
286.950867  270.96402  -3.518783651  3.629859004
41.45805  1331.287231  -4.053521456  5.497948957
137.321243  472.983826  -3.794723938  3.969920338
137.321243  472.983826  -3.794723938  3.969920338
873.466492  730.655457  -2.528744973  4.429109503
11.500566  1147.620239  -4.084991033  5.158401491
883.371338  725.796448  -2.511327208  4.420837821
883.371338  725.796448  -2.511327208  4.420837821
244.028809  254.135406  -3.591631671  3.600384633
863.732178  664.624573  -2.54314278  4.313958986
873.110352  671.33844  -2.527128995  4.325582298
863.104187  734.506836  -2.546880729  4.435670198
555.241394  664.944214  -3.079454563  4.310253586
475.342163  978.258301  -3.241773379  4.861146209
1027.953247  915.212158  -2.264845524  4.755284027
1027.953247  915.212158  -2.264845524  4.755284027
552.984009  1446.231201  -3.138684766  5.720321184
257.776276  518.072876  -3.589137705  4.050211554
299.663513  699.853394  -3.528499521  4.365357115
299.663513  699.853394  -3.528499521  4.365357115
906.626221  71.703629  -2.451921007  3.307911646
86.9272  1185.047119  -3.953881797  5.228190039
482.187897  712.195251  -3.20973381  4.390653492
1026.815552  354.123871  -2.253903672  3.784675031
884.759521  1247.908203  -2.529623961  5.356469024
1024.868164  981.999817  -2.271960429  4.873155719
574.319519  889.798096  -3.06113481  4.705558239
574.319519  889.798096  -3.06113481  4.705558239
469.327698  615.474548  -3.225596597  4.222020126
413.469025  972.858521  -3.351231906  4.850528976
404.797424  689.401733  -3.343780006  4.34941061
878.113647  621.211853  -2.516575137  4.238986951
325.897003  709.864685  -3.483070132  4.383196365
272.779388  715.307556  -3.576806871  4.391773548
401.059082  1069.321045  -3.380710509  5.023298285
287.284027  711.344482  -3.551076217  4.384962205
1042.205444  518.095398  -2.23094598  4.064364937
240.901855  1345.833862  -3.694347289  5.527815822
690.285217  692.335205  -2.84554671  4.359616435
138.357864  1240.683105  -3.868484946  5.331835243
376.144409  980.564819  -3.417894009  4.863586344
735.709167  723.976929  -2.768043753  4.415435779
381.102356  705.575073  -3.39256035  4.381179557
1024.068481  789.12207  -2.268494475  4.533381648
1020.305054  1121.574219  -2.283801269  5.125780093
498.740173  1284.877197  -3.225476598  5.421949163
855.936035  397.493011  -2.547748718  3.856186009
383.756439  725.691589  -3.383411473  4.412344759
865.203979  701.018982  -2.541999795  4.377469307
865.203979  701.018982  -2.541999795  4.377469307
278.984772  1459.029663  -3.637662052  5.741511895
460.42569  1256.377075  -3.292726693  5.368214
618.263  711.277039  -2.971713013  4.391420526
1016.834656  543.775024  -2.275201385  4.108146228
429.10202  841.730103  -3.312568426  4.61689648
270.857361  1465.506836  -3.651097871  5.750947864
367.469238  700.694885  -3.410152113  4.368207101
613.093628  1380.376465  -3.025360291  5.598332579
319.400482  1445.094727  -3.56201607  5.714691512
319.400482  1445.094727  -3.56201607  5.714691512
595.562012  594.372803  -3.004856567  4.188262077
667.200439  1461.686157  -2.931619552  5.747847469
461.391541  718.808533  -3.246966309  4.401895271
582.823669  864.640808  -3.044833029  4.661660491
496.835022  217.048569  -3.157128518  3.543080527
672.937622  699.816467  -2.8760653  4.37215419
1045.197266  963.698425  -2.235801915  4.841912671
486.691833  272.447113  -3.176461258  3.636747889
49.676712  809.584229  -3.978665463  4.552864141
334.059265  704.151978  -3.468471328  4.373042734
587.835388  1249.433594  -3.062424792  5.357497016
221.806763  1325.500244  -3.727014849  5.490126793
1053.74353  396.4151  -2.20869528  3.857008584
1053.74353  396.4151  -2.20869528  3.857008584
468.291382  1100.426514  -3.262645098  5.079621033
468.291382  1100.426514  -3.262645098  5.079621033
526.54541  482.369934  -3.118738034  3.994698351
823.732727  119.834343  -2.594129094  3.387041735
1066.459717  969.395386  -2.198504417  4.853552543
349.710388  721.991394  -3.442716675  4.405057787
150.723663  740.322388  -3.794042948  4.433222292
672.178833  1269.526123  -2.911979817  5.395087195
1033.70752  162.153732  -2.238307881  3.461421068
327.01947  718.940125  -3.482283143  4.399264964
373.490387  765.488342  -3.404814185  4.482060892
373.490387  765.488342  -3.404814185  4.482060892
836.243652  658.850403  -2.590533142  4.303825016
668.966614  708.385315  -2.8834832  4.387110056
160.016388  732.118164  -3.77747617  4.419760097
364.396729  1070.048462  -3.445922632  5.024092928
282.234039  716.918762  -3.560234094  4.394806194
941.218567  584.379761  -2.406538618  4.17641323
458.681  979.68158  -3.27144298  4.863326479
599.000671  1343.044434  -3.048081985  5.528904575
871.060242  398.51358  -2.521814067  3.857990765
280.513977  728.011108  -3.564510036  4.414263997
347.096313  1145.21582  -3.483306129  5.159534554
923.390991  729.928772  -2.441971141  4.428718431
923.390991  729.928772  -2.441971141  4.428718431
441.597443  727.230347  -3.282400832  4.416395242
556.652466  812.921021  -3.087044461  4.569130554
1014.575562  1140.065063  -2.294501125  5.160106044
1014.575562  1140.065063  -2.294501125  5.160106044
460.845673  144.273758  -3.214545745  3.420240805
1030.330444  346.549225  -2.247721755  3.771656018
277.385376  1431.80542  -3.637545053  5.689664897
940.881104  1233.510376  -2.428780318  5.330578909
275.85788  447.012695  -3.551718208  3.928716508
236.388962  1029.729736  -3.671797592  4.949883123
442.872925  695.75708  -3.279810867  4.364306912
288.806519  542.117676  -3.536115418  4.091997351
1018.593872  285.977966  -2.266511502  3.668915744
1027.078491  859.903625  -2.264988522  4.657491193
1027.078491  859.903625  -2.264988522  4.657491193
489.245056  1057.109985  -3.222798634  5.002575844
440.772705  1043.08728  -3.307664492  4.976027824
924.568481  720.614746  -2.439633172  4.4126632
228.373154  211.689896  -3.61249739  3.528332485
251.809265  685.098694  -3.611118409  4.338786887
1048.945313  1109.619263  -2.232737956  5.104920109
287.077667  693.414673  -3.549819234  4.353671106
692.275085  706.937378  -2.842820747  4.384926068
992.294861  254.305511  -2.310707907  3.615356081
520.795959  1205.192017  -3.179101222  5.273997831
241.495346  755.265076  -3.635400082  4.461162641
443.291229  1137.58606  -3.311833436  5.148401977
664.02002  703.033508  -2.891806088  4.377605787
1075.836792  1038.250122  -2.183543618  4.976924591
1020.46106  1362.575317  -2.290480179  5.569639379
893.669617  533.292297  -2.486777538  4.087197689
533.15564  79.520905  -3.087470455  3.313495418
836.031677  1412.604492  -2.624266688  5.659184797
836.031677  1412.604492  -2.624266688  5.659184797
338.139648  1080.79126  -3.493820987  5.042701446
900.838501  409.139923  -2.471143748  3.876325129
491.944733  513.375427  -3.180509203  4.046994536
259.373779  114.14444  -3.556259147  3.365396156
215.16571  1383.010498  -3.744611613  5.596225513
897.824158  687.093384  -2.485042561  4.353984942
432.361877  713.226685  -3.297463629  4.391620366
473.482147  309.26889  -3.200675932  3.698746788
1096.906006  1277.628784  -2.151146054  5.415516943
863.103394  1082.161255  -2.560770542  5.052437086
38.132351  688.692383  -3.986665356  4.340459794
38.132351  688.692383  -3.986665356  4.340459794
679.600037  705.796082  -2.864992449  4.382917755
91.282707  737.689636  -3.898784538  4.427599237
913.410278  731.628235  -2.459356907  4.431554563
258.760834  708.572327  -3.601208542  4.379860454
412.737305  510.615936  -3.317701357  4.040578584
344.36853  975.855957  -3.473979254  4.854673261
1016.336548  747.626038  -2.280926308  4.460856899
502.529724  1008.871216  -3.195910996  4.916482407
736.525879  711.485229  -2.765993781  4.393743428
913.606934  1081.53479  -2.471395745  5.05208056
459.301697  698.867798  -3.249261278  4.366946225
463.433807  119.022881  -3.20824283  3.378207968
19.160053  855.391235  -4.037974665  4.633407688
272.297211  723.055908  -3.578197852  4.405098585
420.988464  1353.626465  -3.37024165  5.54595491
589.333252  865.181702  -3.03286419  4.661959089
1010.997925  268.040527  -2.279097333  3.638727989
504.690521  232.126541  -3.144107693  3.568714672
441.162537  1115.900024  -3.312668425  5.107709428
667.441833  806.903625  -2.891380094  4.559348711
1060.22644  1037.732666  -2.211081248  4.975343295
1047.152954  1241.043701  -2.239272868  5.346685834
368.71402  707.089722  -3.408693133  4.37992823
264.546417  854.996521  -3.604551497  4.637835786
243.915207  57.022369  -3.578706845  3.269757847
425.184784  753.818604  -3.313339416  4.462615939
865.862671  1239.707764  -2.562886514  5.340345256
1048.077881  880.13855  -2.22878401  4.693732158
1082.764038  1295.730835  -2.176865708  5.448576773
932.000916  729.316956  -2.427005342  4.427904272
891.667969  63.254341  -2.477117668  3.293279835
864.071167  551.041931  -2.538198846  4.117474423
865.845947  484.965546  -2.533208913  4.004809551
933.320557  763.591675  -2.425801359  4.487730663
553.70575  142.794785  -3.056297875  3.418782493
553.70575  142.794785  -3.056297875  3.418782493
519.950745  143.885757  -3.11314511  3.421235114
490.350159  1174.983154  -3.229380546  5.216182195
1027.481689  1027.197754  -2.268560474  4.955136473
612.018921  714.135132  -2.983353856  4.396310572
946.238281  867.11554  -2.406412619  4.669223519
935.224365  580.611145  -2.41679048  4.169861997
322.510223  683.19043  -3.486777082  4.336762502
940.361694  757.85022  -2.413362526  4.477821535
632.584534  840.930115  -2.954740241  4.619001153
534.489563  1018.004028  -3.140029748  4.933397159
1007.023987  363.896118  -2.287990213  3.800881243
918.163452  802.989807  -2.453441987  4.556176899
994.511414  112.647049  -2.303804  3.377704171
504.845062  569.115173  -3.161307462  4.143214495
678.532776  437.724823  -2.853702601  3.921109308
678.532776  437.724823  -2.853702601  3.921109308
258.828705  1063.947144  -3.634975088  5.012337191
914.180054  1260.076538  -2.477489663  5.379065612
401.103088  739.969971  -3.353993869  4.437701253
706.490295  694.988647  -2.817465088  4.364492186
31.044127  637.982178  -3.994243254  4.252271683
171.333084  1213.830444  -3.805997787  5.283317958
502.574127  1067.957397  -3.199509948  5.022015946
416.836823  1135.884155  -3.358244812  5.144296093
324.851013  1021.785156  -3.512240739  4.93604523
324.851013  1021.785156  -3.512240739  4.93604523
357.958496  1019.150269  -3.452675541  4.93165392
1093.70874  1231.858398  -2.155846991  5.33185619
313.144196  303.911407  -3.476135225  3.68613656
245.996704  711.392883  -3.623754239  4.384513285
245.996704  711.392883  -3.623754239  4.384513285
1058.334106  376.635559  -2.200448391  3.823203609
560.81781  1316.781006  -3.115627076  5.480765326
449.808167  710.082336  -3.266741043  4.386416145
794.989197  574.973755  -2.658186232  4.157742187
201.326935  502.780273  -3.6861094  4.022598705
332.938629  507.912689  -3.456907484  4.034285739
1088.081421  1048.690796  -2.162136906  4.995588067
605.775696  968.775146  -3.010130496  4.846180234
349.953888  1181.724243  -3.481822149  5.226661971
551.7854  887.876099  -3.100279283  4.701142888
1101.144165  1308.461426  -2.144184148  5.472794106
435.237976  753.129578  -3.295026662  4.461341204
486.037964  799.329407  -3.210176804  4.543717615
230.709457  639.326111  -3.644630958  4.258881415
230.709457  639.326111  -3.644630958  4.258881415
125.236153  504.844818  -3.81913761  4.024865233
833.917175  190.588882  -2.578864299  3.50571836
907.523438  551.140259  -2.463637849  4.118834414
11.285724  679.698975  -4.032924733  4.324269696
921.333008  348.224762  -2.434329244  3.773252898
1037.176636  389.315186  -2.2369039  3.844595294
495.14679  493.936829  -3.173849293  4.013626467
857.905334  314.198914  -2.541847797  3.71453758
857.905334  314.198914  -2.541847797  3.71453758
1041.680542  1191.789185  -2.247735755  5.255776106
1041.680542  1191.789185  -2.247735755  5.255776106
303.080536  866.136353  -3.537308402  4.658244287
1030.881714  375.500427  -2.247383759  3.820772592
556.699219  705.145447  -3.079036569  4.379711115
566.233887  890.280823  -3.075350618  4.705985421
359.62561  1162.432373  -3.462904403  5.191958464
991.330811  154.012085  -2.310114915  3.446786209
499.837372  279.151062  -3.154339555  3.648269603
554.694824  1404.268311  -3.131577862  5.640078624
554.694824  1404.268311  -3.131577862  5.640078624
574.843994  567.571289  -3.0395301  4.141552615
574.843994  567.571289  -3.0395301  4.141552615
632.973022  633.708923  -2.94215741  4.257000025
1019.480591  478.617615  -2.269169466  3.996470464
1025.345703  1294.064453  -2.279740324  5.444277003
498.45163  296.159943  -3.157576512  3.677101314
181.913223  717.236938  -3.736061728  4.393333588
908.965759  146.117355  -2.449986033  3.432271748
239.493973  1270.036377  -3.689290357  5.387797882
447.514526  1044.591309  -3.296259646  4.979753337
481.875671  741.39325  -3.21272177  4.441885859
740.216431  1168.305908  -2.784280535  5.209600589
370.695862  1361.658447  -3.462074414  5.56032381
1730.298218  63.936222  -1.036574052  3.292130963
1730.298218  63.936222  -1.036574052  3.292130963
2089.415039  651.23053  -0.370612013  4.310744668
1449.026001  345.918091  -1.525272476  3.774352636
1398.616455  285.297546  -1.613890284  3.670665668
2088.555176  258.41095  -0.393918699  3.621916944
1741.017578  587.180237  -1.008401431  4.193583981
503.337402  131.980011  -3.140751738  3.400412238
1114.18811  228.471939  -2.102625707  3.573111652
1702.78894  279.297638  -1.082127439  3.659952531
1641.269043  1292.562744  -1.164593329  5.464506429
1113.376831  260.123047  -2.104319684  3.626527933
1525.763916  1122.419922  -1.381270414  5.14299789
1370.528076  623.78186  -1.66246763  4.251334447
1587.000366  830.211365  -1.275423838  4.620448378
1668.616333  811.914917  -1.129948795  4.588792067
1668.673462  418.072632  -1.141094645  3.899095964
1401.237061  747.651917  -1.608129361  4.468512462
1401.237061  747.651917  -1.608129361  4.468512462
1601.915283  660.949829  -1.252427147  4.320495416
1978.886719  133.453934  -0.599408934  3.408409794
489.800415  229.426453  -3.168973358  3.564214096
1411.233276  1407.76709  -1.584307682  5.669054624
1411.233276  1407.76709  -1.584307682  5.669054624
1425.250854  408.259674  -1.567049914  3.881339417
427.650818  505.938751  -3.291374711  4.032794987
427.650818  505.938751  -3.291374711  4.032794987
1992.559692  554.707214  -0.55514653  4.139186287
1996.104858  1094.204468  -0.514334079  5.114916005
1968.755127  98.691658  -0.620306653  3.34830152
573.943237  294.162354  -3.029207239  3.675136553
1949.259277  436.586212  -0.635790445  3.931237354
1949.259277  436.586212  -0.635790445  3.931237354
1660.249512  1048.115967  -1.137641692  5.01436141
1944.327271  133.847366  -0.656163171  3.408554119
1517.532715  1300.066162  -1.390908284  5.473681974
1311.196289  718.985596  -1.766159235  4.417537039
1994.513672  325.937744  -0.56108745  3.739924893
983.423218  514.702698  -2.331882622  4.057443444
983.423218  514.702698  -2.331882622  4.057443444
1458.540649  310.846069  -1.509243692  3.714083123
2203.578857  1117.62915  -0.117744416  5.168808442
1363.941772  690.26532  -1.673741478  4.367377683
2001.789063  386.914612  -0.544689671  3.844799906
1534.874146  231.394196  -1.376383479  3.578596394
1534.874146  231.394196  -1.376383479  3.578596394
549.424316  360.014496  -3.071451671  3.786487504
1702.647827  707.159912  -1.073566554  4.403413479
1705.82959  317.192688  -1.076031521  3.724848184
649.047302  466.343811  -2.906191894  3.969504545
1715.866943  286.409515  -1.057929765  3.671834861
1345.109741  1383.94873  -1.705143056  5.619772224
1410.806763  227.900101  -1.592349573  3.57286694
1333.818726  701.173584  -1.726813764  4.385773456
1955.900146  524.398254  -0.62127464  4.084834739
1916.799805  646.609924  -0.690214713  4.299083292
1659.268677  601.665894  -1.153665476  4.217102715
355.267365  501.395966  -3.417687012  4.023639516
1374.999756  1142.871826  -1.652208768  5.175498637
1858.779663  385.056946  -0.806960142  3.841501804
1537.916992  601.700317  -1.368248589  4.215951443
1605.446533  1308.747803  -1.230098448  5.493311453
1610.054932  1079.780029  -1.228539469  5.070509819
540.82428  454.012573  -3.092375389  3.946401335
1637.628052  140.919556  -1.19721889  3.424003295
1052.370361  611.599609  -2.215186193  4.22516123
1853.539551  546.528564  -0.808391122  4.1222708
1360.571899  895.445129  -1.679484401  4.728405615
1444.642212  1084.581787  -1.527358448  5.071874769
2177.61084  418.618835  -0.219363048  3.90027803
1959.461182  736.234741  -0.603142884  4.460654473
1959.461182  736.234741  -0.603142884  4.460654473
1085.361694  296.937378  -2.153012029  3.688460779
2030.422241  317.109131  -0.495410334  3.723518119
1533.396851  1345.146973  -1.362263669  5.556109485
1959.132568  97.954269  -0.634889457  3.347610775
1331.382813  870.918457  -1.730996708  4.684912832
1721.661621  766.208557  -1.03595306  4.509019056
2201.838623  1083.719849  -0.124200329  5.105042364
2201.838623  1083.719849  -0.124200329  5.105042364
2150.859619  469.911255  -0.267104406  3.989848043
1190.273804  183.196411  -1.97162147  3.497230505
1107.474609  178.218842  -2.113144566  3.488407189
1851.01709  749.378296  -0.804791171  4.48048327
1451.928955  762.100586  -1.518351569  4.495618854
1446.223633  376.540497  -1.531086398  3.826505758
1398.384766  1179.271729  -1.609818338  5.24293269
1668.077637  484.532227  -1.139444668  4.013486827
1668.077637  484.532227  -1.139444668  4.013486827
2072.412842  1152.696045  -0.364617094  5.227686568
2072.412842  1152.696045  -0.364617094  5.227686568
455.254547  120.714348  -3.221827647  3.380974327
908.565369  283.112244  -2.454012979  3.662760335
1388.238037  1093.890381  -1.628929081  5.087035899
1390.944946  765.030884  -1.626166118  4.499156159
1390.944946  765.030884  -1.626166118  4.499156159
1390.944946  765.030884  -1.626166118  4.499156159
1075.04541  587.308594  -2.175381728  4.17852483
454.849945  630.266235  -3.252313237  4.247905001
1712.482422  292.142151  -1.066598648  3.681699071
1720.266479  671.402222  -1.041754982  4.340556849
2150.638184  1169.71106  -0.214654112  5.263858942
1503.797485  819.907288  -1.425299821  4.597035618
1503.797485  819.907288  -1.425299821  4.597035618
1081.736938  492.623993  -2.161748912  4.02144281
2208.950684  410.589539  -0.161212831  3.887414692
852.384766  295.14328  -2.55056168  3.682340936
2198.710449  1318.135376  -0.117014425  5.542608953
2198.710449  1318.135376  -0.117014425  5.542608953
1032.940552  195.948654  -2.240097857  3.517873044
1589.972534  418.986389  -1.278572796  3.899790451
1485.213501  1420.693848  -1.450065488  5.693218596
742.503113  366.078186  -2.741331113  3.800577513
945.735962  74.7313  -2.385266904  3.313525955
1549.12146  528.443115  -1.349376843  4.088647896
1608.450439  102.137825  -1.25074717  3.359091139
2053.631836  1132.99646  -0.400206615  5.19135315
1648.078491  1233.215454  -1.154574464  5.354165581
1446.475098  635.762207  -1.529525419  4.27395421
1682.399658  610.5802  -1.11251703  4.232222301
840.982056  573.000183  -2.578975297  4.155324383
1311.789307  745.635071  -1.76575324  4.462503241
1103.016602  644.712952  -2.128309362  4.283083763
1114.031616  102.070976  -2.100693733  3.360621795
1114.031616  102.070976  -2.100693733  3.360621795
2070.594482  227.377045  -0.426684259  3.567717709
847.982727  160.332062  -2.554390628  3.455212886
2028.084473  457.11554  -0.494088352  3.966925511
1080.720093  521.878784  -2.16487387  4.071311295
2113.618408  692.097473  -0.320971681  4.384766884
951.132568  362.11557  -2.383672925  3.796983893
1569.108887  1020.332275  -1.304516446  4.959706101
1717.437744  732.578979  -1.045138937  4.448534722
575.206116  239.759705  -3.023314318  3.583290285
2135.659912  751.518982  -0.27421331  4.492765552
2160.754639  51.327183  -0.272662331  3.264531603
1939.906372  707.45813  -0.644074333  4.408120795
1745.074707  602.420715  -1.001384525  4.2190506
2053.525391  320.71463  -0.453069904  3.729539677
1365.064941  554.64801  -1.671716505  4.131878263
1757.408325  900.770813  -0.965884003  4.750810827
1061.582764  333.847382  -2.193902479  3.750710079
1578.589722  214.708466  -1.300881495  3.550251814
1564.143066  200.81723  -1.326613149  3.526326933
1844.659424  1221.181763  -0.790087369  5.342657568
1963.656738  152.305283  -0.622885618  3.439825569
1879.287476  451.151581  -0.762842735  3.956509653
1540.371948  507.565399  -1.364866634  4.052525529
2235.802734  443.754913  -0.109855522  3.944700824
1068.562988  369.84436  -2.181896641  3.811816284
1104.060303  422.295593  -2.122826435  3.901364344
1164.033569  509.023346  -2.02069681  4.050463099
1149.422363  417.056732  -2.044990483  3.892927447
1751.27771  112.512581  -0.999354553  3.374549121
1525.239502  155.571564  -1.394407237  3.449823089
1084.138184  549.848267  -2.159345944  4.119357682
2092.743408  390.994232  -0.37823791  3.851992334
1175.229126  257.311951  -1.998273111  3.622145984
1626.424561  154.576645  -1.2187886  3.447633549
1388.020752  641.449585  -1.631372048  4.282636445
1048.080933  476.297333  -2.21984413  3.992690505
1731.154907  725.612488  -1.021190259  4.436217257
1578.281494  231.233002  -1.301745484  3.578310247
1285.19458  468.455658  -1.810706635  3.982377543
2061.881836  539.488403  -0.427689245  4.111920485
1296.213257  1232.764526  -1.793113872  5.338725922
1788.11499  451.286011  -0.926989526  3.956465886
1788.11499  451.286011  -0.926989526  3.956465886
1585.229736  145.428894  -1.29165462  3.431806807
898.754272  461.857147  -2.475856685  3.965766708
1160.981201  542.393311  -2.027271721  4.107645956
495.160126  324.915436  -3.163929426  3.725781336
1640.774414  77.390442  -1.193816936  3.316443399
1917.316406  1306.678101  -0.649828256  5.506899642
1258.075073  456.17337  -1.857639004  3.961111832
286.208771  509.885925  -3.537507399  4.036694142
1405.161987  342.050476  -1.602161441  3.767217413
1405.161987  342.050476  -1.602161441  3.767217413
1391.80188  690.209351  -1.625445128  4.36740067
1932.563843  1257.737915  -0.6242476  5.415271153
1997.958374  318.182861  -0.553554551  3.725422413
1574.606934  1056.707397  -1.295414569  5.023459276
261.337769  575.844299  -3.585280757  4.149607134
2215.168213  461.692047  -0.147420016  3.976503274
1765.445801  1241.802979  -0.936708396  5.377023384
1236.678711  76.017479  -1.89139055  3.317178513
1392.871582  50.059784  -1.623632152  3.273024034
2206.764404  521.067627  -0.160352842  4.080595513
2206.764404  521.067627  -0.160352842  4.080595513
1540.54187  1484.6604  -1.347671866  5.815949133
1237.222412  1256.426514  -1.89881645  5.38250972
2187.290283  568.868774  -0.192110415  4.16558949
2048.251709  432.093628  -0.457128849  3.923860779
2074.809814  293.284576  -0.414579421  3.681811239
1431.732178  801.154114  -1.553740093  4.564034469
1556.6427  254.829193  -1.339709973  3.618923999
2221.060303  882.729614  -0.104121599  4.734063028
1398.032959  698.927795  -1.614044281  4.383120644
1703.524902  450.992645  -1.092118305  3.953776888
945.165222  47.805763  -2.386019894  3.268659419
1688.852173  726.953125  -1.096536245  4.438296959
1453.310181  451.57254  -1.518090573  3.95365663
1723.974976  125.151871  -1.045453932  3.396069255
1543.371826  223.455856  -1.36221167  3.564953143
1014.087097  346.98465  -2.275427382  3.772356111
1014.087097  346.98465  -2.275427382  3.772356111
1033.231323  122.542862  -2.238317881  3.394447217
1542.209473  326.013031  -1.36371965  3.739854717
1141.322021  19.895014  -2.053046374  3.223263828
862.459778  159.464172  -2.529850958  3.45417348
1498.147949  549.686096  -1.438682641  4.125011289
1140.990967  540.584167  -2.061027267  4.104220486
2184.114502  1164.263672  -0.150941969  5.255573483
1662.520752  146.701553  -1.15488746  3.433527257
1344.963745  872.55188  -1.704635063  4.692632498
413.74115  306.140259  -3.30335355  3.692116735
1041.440063  175.281891  -2.225292057  3.483124413
1705.805542  727.485413  -1.066704646  4.438957589
1705.805542  727.485413  -1.066704646  4.438957589
1195.105713  150.770264  -1.963332581  3.442811376
1997.022095  731.911499  -0.534813804  4.453593223
1050.397705  95.373085  -2.208860278  3.349102368
1061.083252  172.653076  -2.1923225  3.478875917
1095.628418  109.202446  -2.132005312  3.372475726
1738.434204  743.317383  -1.007445444  4.46809819
1077.293457  241.975311  -2.16555686  3.59563883
300.533081  372.139923  -3.502864866  3.801475589
1961.505493  703.370544  -0.604014872  4.401034826
1531.599121  549.97937  -1.379937432  4.12589749
1396.659668  194.845032  -1.617191239  3.517017719
2217.86792  247.880325  -0.15828987  3.602158227
2143.07373  732.583008  -0.263393456  4.458239721
827.537415  156.03598  -2.588777166  3.447595731
1182.833252  336.177887  -1.986526269  3.755774527
1720.306641  604.335266  -1.044217949  4.22286797
1930.081787  98.114647  -0.685048782  3.348193079
1953.709106  1248.730225  -0.584281138  5.399804958
1280.556152  1186.800781  -1.82147649  5.25188004
1280.556152  1186.800781  -1.82147649  5.25188004
161.228958  502.384796  -3.755386468  4.020884326
161.228958  502.384796  -3.755386468  4.020884326
1406.818481  720.634888  -1.59855049  4.42144504
669.461304  444.562744  -2.869234392  3.932366924
1752.091064  824.072205  -0.979862815  4.612084715
2162.878174  511.362579  -0.240851759  4.063977912
1060.129883  25.004963  -2.190899519  3.231677897
1981.595337  224.868286  -0.589674065  3.564755343
1030.212891  570.816345  -2.252696688  4.155015263
280.357452  323.707123  -3.534128445  3.718951241
1507.367676  1278.478149  -1.409658032  5.433672674
221.889725  98.341797  -3.619324299  3.338192552
904.729797  415.240051  -2.464563837  3.886786192
2026.59729  751.684509  -0.479203552  4.489132933
1684.154663  1424.838623  -1.083396422  5.711871316
2198.118408  151.602234  -0.199957309  3.435993267
906.096497  490.166107  -2.463944845  4.014393945
2190.536621  537.580933  -0.18725248  4.110041875
2033.719116  175.581314  -0.498800288  3.479679533
2087.920898  526.737061  -0.381007873  4.089787039
808.768372  642.797913  -2.637883505  4.275166356
1981.125854  722.001465  -0.566969371  4.434387121
594.775696  344.068298  -2.994123711  3.760354197
1470.791138  736.964478  -1.485224015  4.451373915
1470.791138  736.964478  -1.485224015  4.451373915
525.873657  105.682907  -3.100571279  3.357332906
525.873657  105.682907  -3.100571279  3.357332906
298.668854  269.717438  -3.498236928  3.628422507
1542.280396  129.894272  -1.365669624  3.406613502
1946.075195  778.578613  -0.627557556  4.535620742
1946.075195  778.578613  -0.627557556  4.535620742
495.842834  297.358032  -3.161913453  3.679159251
1558.105591  613.156677  -1.331825079  4.236317429
1682.633545  1486.428833  -1.082237437  5.833453004
1338.195923  825.897278  -1.719566862  4.60437652
1073.423828  569.691406  -2.178163691  4.153406417
1569.50354  286.648315  -1.31617729  3.672938068
374.394623  513.547485  -3.384258462  4.044671499
1454.45166  708.307251  -1.514266624  4.400893201
2026.171143  241.782822  -0.50683118  3.593186639
1088.033203  417.796021  -2.150368065  3.893435911
2190.52124  1204.532837  -0.137188154  5.330372602
1897.445923  1347.509399  -0.686254766  5.581132436
1452.932983  467.675934  -1.518899562  3.982791799
1452.932983  467.675934  -1.518899562  3.982791799
1452.932983  467.675934  -1.518899562  3.982791799
2191.622314  801.169617  -0.165885768  4.584085622
1978.669189  275.462311  -0.59226603  3.651803327
1260.767334  84.439331  -1.850321102  3.331436213
591.293823  329.648224  -2.999026645  3.735846863
2005.290405  915.329224  -0.507817167  4.785714155
2005.290405  915.329224  -0.507817167  4.785714155
1084.959595  170.165222  -2.150860058  3.474754524
1154.567017  245.38063  -2.033566636  3.601874052
1003.868408  48.920666  -2.286646231  3.27113178
1003.868408  48.920666  -2.286646231  3.27113178
1065.34375  250.130478  -2.18637558  3.60910852
2106.296387  130.056183  -0.366753065  3.40015128
1106.937988  350.812775  -2.116979514  3.779918827
1098.891235  444.88147  -2.132079311  3.939796735
1098.891235  444.88147  -2.132079311  3.939796735
1078.527588  392.568451  -2.166201852  3.850445901
1078.527588  392.568451  -2.166201852  3.850445901
1947.146118  1261.097778  -0.595651985  5.423133235
1716.831177  715.395142  -1.04709791  4.418066867
2203.253906  578.10321  -0.159740851  4.183355067
1098.775024  275.752167  -2.129530345  3.652923989
1646.012329  282.096375  -1.182689086  3.66495688
1682.75647  1185.744263  -1.092755296  5.265692983
20.138201  275.064026  -3.978218469  3.630572054
1118.998291  83.283249  -2.091904851  3.329196444
1271.434204  444.540192  -1.834556314  3.941407209
1591.067017  1339.361816  -1.256101098  5.549153492
1994.337891  842.948486  -0.523860951  4.658710545
2108.408936  575.908203  -0.339290435  4.177257935
1426.651489  279.809784  -1.564928942  3.661179365
1542.983032  486.673676  -1.36074169  4.016322583
2026.069458  428.384674  -0.496972313  3.917225383
2172.492676  233.974319  -0.24299573  3.578192206
1701.611816  1116.808716  -1.060253733  5.141314073
609.085266  612.998657  -2.982111873  4.220467028
21.521069  369.721191  -3.984959379  3.790949196
2027.753418  1042.667358  -0.45703885  5.021658293
966.251099  354.263458  -2.357584276  3.78405916
1085.247314  209.700195  -2.151332052  3.541311247
1970.648682  32.140182  -0.61606971  3.235290485
338.090973  642.949585  -3.456882484  4.267480198
338.090973  642.949585  -3.456882484  4.267480198
967.835999  476.190094  -2.358283267  3.992199567
481.671295  132.483109  -3.178371232  3.400895123
1790.439331  492.813141  -0.923069579  4.02792892
2043.830322  696.12146  -0.451310927  4.390385447
1381.426392  748.188416  -1.642764895  4.469623256
1381.426392  748.188416  -1.642764895  4.469623256
1439.849976  129.820892  -1.542584243  3.407018137
2170.981934  745.680969  -0.209070187  4.482827458
2170.981934  745.680969  -0.209070187  4.482827458
1313.474365  478.651825  -1.762106289  4.000143812
1687.059204  131.175629  -1.111734041  3.407266268
1470.504272  1124.054321  -1.480480079  5.144789433
1470.504272  1124.054321  -1.480480079  5.144789433
2227.356934  417.757111  -0.126923292  3.898714049
1420.178467  1290.97168  -1.568682892  5.451975431
2140.78125  1214.488892  -0.231294888  5.346827336
595.683594  537.918274  -3.001435613  4.09083985
1086.889404  320.822662  -2.150434064  3.728948797
456.695831  322.391541  -3.230102536  3.72069196
2119.324707  304.78183  -0.334621497  3.701445136
1745.489868  718.535217  -0.995238608  4.423667081
1932.248535  629.426758  -0.661595098  4.269081687
1713.335327  136.379822  -1.064440677  3.414962509
1195.073486  695.989197  -1.969260502  4.373899384
1759.917725  19.146931  -0.985781735  3.216065167
1387.242065  624.818726  -1.633215024  4.253708254
1929.427734  869.968933  -0.65178023  4.700588934
2186.219482  463.835236  -0.201065294  3.979620349
2064.17041  356.385376  -0.43176819  3.791338458
1111.525635  486.542725  -2.111025594  4.011144463
1111.525635  486.542725  -2.111025594  4.011144463
892.252014  399.095612  -2.48591355  3.85912698
2173.289795  519.566223  -0.22073803  4.078153621
2173.289795  519.566223  -0.22073803  4.078153621
2235.987061  521.744385  -0.102951615  4.083236097
1269.533813  418.385315  -1.837550274  3.896644139
1817.754395  129.605667  -0.88142014  3.402893038
1492.593506  365.905243  -1.44990049  3.808336982
2219.73999  560.856018  -0.13004625  4.152304479
1174.800537  214.19165  -1.998135113  3.54923292
1174.800537  214.19165  -1.998135113  3.54923292
1486.336304  164.655411  -1.461948328  3.465567854
1486.336304  164.655411  -1.461948328  3.465567854
825.927063  215.577621  -2.593609101  3.547547599
825.927063  215.577621  -2.593609101  3.547547599
1310.15918  34.753372  -1.765647242  3.248064753
1184.399658  536.719482  -1.986265273  4.097908357
2062.348145  764.141357  -0.409855485  4.513863359
2062.348145  764.141357  -0.409855485  4.513863359
2157.863525  924.35675  -0.221362021  4.807125988
1478.363892  527.199524  -1.473826168  4.085835977
581.670227  274.647156  -3.013371452  3.642564927
1241.242188  454.632568  -1.887206606  3.957947663
1958.046387  664.853882  -0.613484745  4.332068818
1035.66687  489.287659  -2.241538838  4.014861288
2215.669678  344.064575  -0.156572893  3.769630972
1087.281982  308.462585  -2.149758073  3.708050521
2048.612305  438.742035  -0.45702885  3.935240273
834.852844  571.35968  -2.589110161  4.152076514
2185.655273  590.203125  -0.1931954  4.204135231
1510.415894  1252.791382  -1.405130093  5.384869641
1825.645264  729.753174  -0.851463543  4.445174581
1700.701416  174.814835  -1.086913375  3.481473766
2115.09375  546.684143  -0.328242583  4.125660336
1921.903564  1294.012085  -0.641955362  5.483275838
1642.139648  421.259674  -1.187342023  3.903892323
2198.431641  1033.876221  -0.134807186  5.01190236
927.020935  375.616943  -2.425338365  3.819785275
2226.65918  337.455933  -0.137973143  3.758097174
938.80896  395.99472  -2.405816627  3.854563095
1053.326538  107.759148  -2.203933344  3.369845075
1094.792236  356.789886  -2.137784234  3.789912977
1729.711792  689.524841  -1.025193205  4.372414298
1642.673828  868.411865  -1.175192187  4.688963574
1642.673828  868.411865  -1.175192187  4.688963574
1645.862305  1292.240356  -1.156434439  5.463832689
1070.078247  363.029358  -2.179876668  3.800233804
1070.078247  363.029358  -2.179876668  3.800233804
527.889404  383.183136  -3.110435146  3.82534696
2123.476563  764.012085  -0.296194014  4.514950167
1611.092529  810.17157  -1.233588401  4.583904567
1611.092529  810.17157  -1.233588401  4.583904567
1072.100708  345.435699  -2.176525713  3.770429275
1263.098877  9.776528  -1.846205158  3.206353304
1079.327271  189.942749  -2.161447916  3.507930728
1839.221069  401.68869  -0.836600743  3.870526284
1444.38855  1273.034058  -1.524833482  5.419406325
1494.507935  641.445862  -1.444274566  4.284513151
1080.701538  556.463806  -2.165519861  4.130725063
1921.822144  597.003418  -0.683627801  4.211476362
1921.822144  597.003418  -0.683627801  4.211476362
1490.136719  1250.771606  -1.442094595  5.380046564
1723.248535  580.30249  -1.04114999  4.180365988
1166.204468  1446.923462  -2.029503691  5.732158604
2193.111816  1244.227295  -0.130524244  5.404438049
1086.949341  568.567566  -2.154792005  4.151623413
1086.949341  568.567566  -2.154792005  4.151623413
1050.841553  260.990173  -2.211057248  3.627408132
2194.802002  16.085649  -0.213444128  3.204190245
1571.379761  178.968719  -1.314477312  3.48941304
2072.561279  551.960754  -0.407846512  4.134256712
598.610107  316.071472  -2.986163818  3.712978768
1698.031372  1442.750732  -1.05830376  5.743988139
1464.798096  818.264221  -1.494428891  4.595202422
2112.583008  147.971848  -0.354094235  3.430709134
2138.121094  569.94873  -0.283754182  4.166865083
1417.72937  128.217972  -1.580957727  3.404552127
543.154663  514.828003  -3.092572386  4.050665843
2189.857178  222.48381  -0.210994161  3.558151704
1113.964233  404.50177  -2.105651666  3.871170659
237.069199  326.249573  -3.610488417  3.722004805
1427.834473  738.455872  -1.561123994  4.453009427
1008.09375  107.16243  -2.280518313  3.368160118
251.802139  192.455307  -3.575002895  3.496568755
220.210999  653.528625  -3.663642702  4.28305153
1884.786987  1470.387695  -0.707979473  5.808158042
1641.581177  311.277069  -1.190809977  3.714902877
889.046753  219.3815  -2.48585355  3.555048369
122.784393  482.18634  -3.819480605  3.985118267
1385.800049  857.03949  -1.634468007  4.661797951
1385.800049  857.03949  -1.634468007  4.661797951
2018.534912  738.371521  -0.494565345  4.465627607
1206.994629  566.59314  -1.946483808  4.150948794
1371.470093  828.37793  -1.66020766  4.610198971
1420.437256  542.181946  -1.575183804  4.111040334
953.040588  31.8757  -2.372255079  3.242600381
1702.346436  554.494446  -1.077923496  4.135153444
2242.880859  1117.811279  -0.042949422  5.171158064
268.373779  342.413452  -3.555381159  3.750234564
292.786499  526.807129  -3.527195538  4.065801975
1958.952759  674.909119  -0.611232775  4.349833821
1971.69873  607.48114  -0.591956035  4.230689183
1606.689575  743.986633  -1.24329927  4.466818278
1316.407349  841.064331  -1.757535351  4.631062336
1567.634399  151.629517  -1.321417219  3.443179915
1045.226074  238.143387  -2.220249124  3.588825178
542.701721  102.509583  -3.07227966  3.352118947
1283.862915  497.315643  -1.813577597  4.031692798
1075.231812  151.333084  -2.167407835  3.442998532
1859.937866  571.920593  -0.796021289  4.166998935
1431.504639  477.719513  -1.556126061  4.000039121
579.025024  92.88044  -3.009756501  3.336915072
579.025024  92.88044  -3.009756501  3.336915072
1410.40625  1267.384399  -1.58666265  5.407554266
216.416824  678.164063  -3.672445584  4.325827617
624.376465  638.182129  -2.957712201  4.264322581
1965.156006  896.25238  -0.584234139  4.749111025
1965.156006  896.25238  -0.584234139  4.749111025
1071.65979  283.191254  -2.175857722  3.665142875
282.462738  53.694885  -3.512514736  3.265288046
270.046936  258.167358  -3.547069271  3.607637952
1075.322876  372.067963  -2.171440781  3.815606562
2212.650146  295.288269  -0.165576772  3.684498211
1271.879639  1167.125732  -1.836921282  5.216133469
1271.879639  1167.125732  -1.836921282  5.216133469
300.888  123.90123  -3.485872094  3.382736204
1119.547974  348.62558  -2.095316806  3.776345773
914.01825  636.985901  -2.455142964  4.266991112
621.217041  571.467041  -2.959136182  4.149146051
1470.827393  502.741486  -1.486943992  4.043597729
2078.690918  601.106689  -0.392965712  4.221541595
1450.711426  927.72699  -1.518748564  4.789026453
949.197327  638.341064  -2.394368781  4.26993755
1003.468567  362.448975  -2.293897133  3.798455044
1997.917603  508.900177  -0.546903641  4.05783777
1953.852295  717.73114  -0.617070697  4.426512659
1953.852295  717.73114  -0.617070697  4.426512659
1095.976318  262.710876  -2.133981285  3.63100117
269.647522  115.375381  -3.538508386  3.367803871
2073.682861  552.872437  -0.404802553  4.136589945
1112.169556  463.876892  -2.109596613  3.972435758
2221.558594  366.978607  -0.143898064  3.809913025
1995.287964  665.979309  -0.544105679  4.334929122
1995.287964  665.979309  -0.544105679  4.334929122
1356.691406  609.6026  -1.686816302  4.22676553
958.747192  549.077148  -2.375385037  4.116081355
1806.900879  737.495117  -0.884945092  4.458316547
1692.626953  743.410156  -1.08945634  4.467351035
2030.692627  534.821594  -0.484835476  4.103362948
1720.071411  289.782928  -1.051150856  3.677440147
1613.063599  505.894562  -1.236887357  4.050312134
1714.653809  740.253845  -1.049989871  4.461745428
1714.653809  740.253845  -1.049989871  4.461745428
873.464844  479.103241  -2.519898092  3.994917054
2050.50708  550.611694  -0.448237969  4.131690408
2176.706299  840.15918  -0.190588435  4.654710029
1580.652832  390.152405  -1.295884563  3.850160772
2083.705566  332.861847  -0.399324627  3.750598175
1447.523438  815.117004  -1.525254476  4.589903435
1094.312988  536.795654  -2.141644182  4.097090167
1571.024536  491.809296  -1.311177357  4.025597881
1085.609375  533.589783  -2.156481982  4.091322752
1786.800903  125.893265  -0.93712039  3.397095605
2017.081543  415.429962  -0.515093069  3.894514048
1082.871704  220.682358  -2.156262985  3.559789885
1604.674072  1022.121277  -1.240686305  4.963775685
335.042847  323.837708  -3.44012971  3.720280263
153.653259  504.772186  -3.769578277  4.02499105
881.431763  340.808075  -2.502438327  3.760018609
1736.022217  726.607422  -1.01217538  4.43827242
2032.869629  499.569031  -0.482574507  4.041815127
1284.437134  509.745819  -1.81260361  4.052957094
1175.098389  575.879211  -2.002649052  4.165513175
1990.362061  761.75061  -0.548092625  4.506385618
2158.57373  1282.05603  -0.194616381  5.473628119
1427.719116  689.513916  -1.561968982  4.367133719
1446.462158  249.672501  -1.530397407  3.609843343
1842.014282  780.613586  -0.818653984  4.536429591
1395.127563  661.815002  -1.619232212  4.318679289
1472.023438  977.808472  -1.480054084  4.879542001
1472.023438  977.808472  -1.480054084  4.879542001
2184.308838  271.785431  -0.218579059  3.643812637
1160.060669  398.171204  -2.026363733  3.860945989
1160.060669  398.171204  -2.026363733  3.860945989
983.913696  100.871086  -2.321389763  3.357855979
1491.580566  683.926086  -1.448152514  4.359315568
2231.974121  1294.328857  -0.053732277  5.500867393
397.652802  117.351784  -3.320534319  3.373935042
397.652802  117.351784  -3.320534319  3.373935042
1554.918091  332.697388  -1.341591948  3.751578029
2077.663818  399.250183  -0.405506544  3.866263436
1592.600708  447.639587  -1.273914858  3.948042449
235.090149  384.931519  -3.617854318  3.821750321
1968.262085  628.577881  -0.600834915  4.267135378
1654.02417  470.871002  -1.164859326  3.989720998
1930.38147  891.931335  -0.647089293  4.741496194
2236.650146  750.46521  -0.084379865  4.493479882
1140.798218  494.820496  -2.06078027  4.025766618
1719.077637  106.202965  -1.055589796  3.364075877
975.714905  112.324982  -2.335674571  3.375896091
2014.697632  701.051025  -0.50464421  4.398437295
1524.908936  254.643402  -1.394330238  3.618256866
2104.764648  620.041504  -0.3418444  4.256222524
2104.764648  620.041504  -0.342894386  4.255480824
1711.993408  757.856628  -1.054148815  4.493511304
283.898529  553.304504  -3.546627277  4.111688514
2128.393555  618.57843  -0.298219987  4.254011247
1566.468628  867.481567  -1.312687337  4.685066163
13.63816  247.916962  -3.984639383  3.584903916
1564.938354  306.439331  -1.323998184  3.70668155
1998.681641  743.335083  -0.531451849  4.474059641
1998.681641  743.335083  -0.531451849  4.474059641
1314.79187  1223.320435  -1.759854319  5.321594191
1084.911255  16.584181  -2.148940084  3.217399963
1122.881348  388.058685  -2.090093876  3.843290043
1122.881348  388.058685  -2.090093876  3.843290043
1390.906616  611.701477  -1.62681211  4.230973789
2128.072754  546.506714  -0.305925883  4.127006942
495.572266  301.673523  -3.162562445  3.686400922
495.572266  301.673523  -3.162562445  3.686400922
521.456482  95.496208  -3.108148177  3.340086951
866.679443  407.030029  -2.529630961  3.87221193
108.190437  412.36795  -3.840076328  3.865863998
2002.532959  291.716766  -0.547768629  3.679740967
1247.744141  482.757507  -1.875924758  4.006403332
1994.05481  156.441238  -0.569133342  3.447178242
1676.790649  126.606003  -1.130085794  3.399478261
147.975433  419.116608  -3.771869246  3.878054605
1233.695313  835.439697  -1.903285389  4.61856603
1569.847778  184.217514  -1.316785281  3.498390367
1743.445801  752.701233  -0.997958572  4.484618736
1067.237549  205.28952  -2.18195764  3.533804544
1068.314941  182.790588  -2.179844668  3.495868812
1916.933594  583.690918  -0.693077674  4.187976853
1460.474487  524.045532  -1.505233746  4.080452784
2130.38623  532.463867  -0.300593955  4.100690557
1670.761108  1321.07373  -1.109691068  5.519209853
1760.720215  633.967896  -0.972411915  4.2745662
1162.279297  470.862488  -2.022827781  3.985910102
1345.227905  671.360046  -1.706457038  4.334300939
1725.713135  506.076447  -1.037005046  4.051107218
1725.713135  506.076447  -1.037005046  4.051107218
1000.745483  60.808929  -2.291973159  3.290861338
1984.597412  549.630676  -0.570811319  4.129023394
1578.564819  324.635101  -1.300270504  3.737784824
1542.024902  119.394714  -1.366043619  3.388150156
1542.024902  119.394714  -1.366043619  3.388150156
1211.2146  844.015259  -1.943037855  4.632108446
1169.6427  487.611298  -2.011044939  4.013626235
2196.884521  264.072021  -0.195743366  3.63041841
706.8302  669.252197  -2.815495115  4.319526657
1119.058838  527.614929  -2.09872376  4.081624114
1142.195435  643.256836  -2.060654272  4.281014938
1334.592773  79.06842  -1.723958802  3.322121831
1076.581543  489.073029  -2.171287783  4.015020851
1264.186646  11.727808  -1.844302183  3.210120771
268.191284  577.083435  -3.575086894  4.152138521
1105.71582  521.289551  -2.121668451  4.070610983
1670.553711  130.444702  -1.14151564  3.406197277
2150.030762  589.608643  -0.259528508  4.202606132
2013.953247  709.982971  -0.5053482  4.414618
241.617813  666.805115  -3.626917196  4.30636854
1206.010498  247.313843  -1.945112827  3.605943676
1071.309082  159.939377  -2.174412741  3.457376541
1937.819946  696.777588  -0.648182278  4.388780193
1679.984741  150.302261  -1.124266872  3.439683316
2006.934692  738.477783  -0.516364052  4.465565113
2006.934692  738.477783  -0.516364052  4.465565113
455.859497  361.998596  -3.233106495  3.78766297
226.92099  521.030701  -3.643253977  4.054621017
1628.414185  582.865967  -1.208110744  4.184182834
1394.85083  599.02771  -1.619539208  4.209051894
895.829468  298.439636  -2.476514676  3.688500483
404.677643  296.281433  -3.318687344  3.675222034
2115.178223  514.975952  -0.330459553  4.069552153
1083.822266  159.560806  -2.152877031  3.456827695
2003.303467  1394.839233  -0.487674438  5.673042339
1145.584961  209.833008  -2.048411437  3.541797244
1122.31189  168.65921  -2.087367912  3.472405197
1349.675293  1292.675415  -1.697024165  5.450477663
1125.049316  431.079926  -2.086980918  3.916599676
1125.049316  431.079926  -2.086980918  3.916599676
961.193848  573.217041  -2.371654087  4.157713872
1601.630859  543.781616  -1.256474093  4.115834828
1480.046021  739.779297  -1.467816249  4.457892281
1480.046021  739.779297  -1.467816249  4.457892281
2170.414551  551.013733  -0.224122984  4.134111963
1703.876953  752.257141  -1.069025615  4.483150485
1978.269653  1306.355835  -0.5350998  5.509571457
1652.448853  514.905151  -1.1668013  4.066274156
1392.238403  731.222778  -1.62382815  4.440099542
1392.238403  731.222778  -1.62382815  4.440099542
1940.66626  103.914589  -0.666802028  3.357705735
527.038391  394.486481  -3.112728115  3.844551639
1846.254028  529.713013  -0.819094978  4.093437527
2012.606445  506.787079  -0.51950801  4.054365208
2124.376465  166.287415  -0.332265529  3.462098421
2202.95874  624.483887  -0.157080886  4.26594795
1965.952393  123.736237  -0.621201641  3.391799992
1067.341797  228.751541  -2.181385647  3.573075501
1606.212402  1036.653442  -1.237422349  4.990440602
1170.054443  1356.123535  -2.021088804  5.563302255
1961.229614  1065.733765  -0.580302191  5.060352281
415.731323  259.419983  -3.297919623  3.613103022
1002.394348  233.900116  -2.293287142  3.581097828
836.239868  677.097961  -2.591195133  4.335039305
1980.793701  350.46756  -0.585502122  3.781466828
1980.793701  350.46756  -0.585502122  3.781466828
321.444946  645.196106  -3.485903094  4.270967644
1709.689453  999.539795  -1.049683876  4.92758761
1600.351929  402.725128  -1.261602024  3.871483639
1065.933105  292.985992  -2.186004585  3.681625895
1065.933105  292.985992  -2.186004585  3.681625895
984.970947  633.759644  -2.332385616  4.262746968
134.473999  401.597198  -3.793509955  3.847806998
1474.369873  1147.899902  -1.473187177  5.188511539
1475.391479  460.995514  -1.479473092  3.97160495
1478.21875  551.740295  -1.473842168  4.128300357
1607.753296  250.035019  -1.250208177  3.610292079
1131.118164  209.531998  -2.073160104  3.541207493
1727.809692  288.665039  -1.037282042  3.675836188
1727.809692  288.665039  -1.037733036  3.675816621
1079.155396  446.322876  -2.165991855  3.94202645
1252.753418  10.877913  -1.86386192  3.208360249
1114.051758  437.344666  -2.105881663  3.927069068
1114.051758  437.344666  -2.105881663  3.927069068
1199.936768  193.420578  -1.955436688  3.514299566
2208.227295  380.097992  -0.167111751  3.832721126
1160.187988  257.751434  -2.024233762  3.622827644
1160.187988  257.751434  -2.024233762  3.622827644
1128.251221  331.811096  -2.080003012  3.747945201
1128.251221  331.811096  -2.080003012  3.747945201
440.25415  136.406891  -3.249326277  3.406659957
440.25415  136.406891  -3.249326277  3.406659957
202.733063  40.544224  -3.648265909  3.241433452
2004.260986  281.219238  -0.545214664  3.661512856
2004.260986  281.219238  -0.545214664  3.661512856
1120.072632  480.857086  -2.096190794  4.001591595
1671.345947  290.619476  -1.138331683  3.679458807
2186.619385  928.435791  -0.164428787  4.817266487
2186.619385  928.435791  -0.164428787  4.817266487
1764.651123  356.734528  -0.97055994  3.792897518
396.592957  144.959351  -3.323959273  3.420126757
1675.420776  1182.689453  -1.105996118  5.261466606
2241.352295  148.910858  -0.121256368  3.430899859
1131.422241  242.201614  -2.072951106  3.59635155
2105.164307  602.867249  -0.343458378  4.225027862
1458.773926  1375.068115  -1.498301839  5.608331705
1748.279907  546.758179  -0.996239595  4.122305557
2010.76001  290.519348  -0.53287083  3.677529462
1100.688477  220.299377  -2.127293375  3.559195864
1028.942871  42.15926  -2.243812807  3.260066828
1683.929199  740.867004  -1.104672136  4.462882349
1683.929199  740.867004  -1.104672136  4.462882349
1518.988159  161.308243  -1.404987095  3.459554491
2224.240234  873.102295  -0.098313677  4.716233885
1455.951538  151.434906  -1.514067627  3.443186193
1937.41748  750.905701  -0.645648312  4.485568595
1937.41748  750.905701  -0.645648312  4.485568595
1064.052002  395.980591  -2.190990518  3.856094582
1064.052002  395.980591  -2.190990518  3.856094582
855.424561  577.079529  -2.554094632  4.16235029
1979.220459  1009.014465  -0.551206583  4.955798775
2145.078613  534.397095  -0.27272933  4.103755155
1427.734253  1186.277222  -1.557121047  5.256272653
1513.886719  520.7052  -1.41128601  4.074942737
1377.926758  708.060852  -1.649198808  4.398931222
1079.339111  457.947968  -2.165863856  3.961881418
316.224609  507.227295  -3.485937093  4.032762915
2001.421509  477.258392  -0.540963721  4.002514263
1121.144653  418.400024  -2.093451831  3.894911352
1121.144653  418.400024  -2.093451831  3.894911352
1078.80603  438.444794  -2.166539847  3.928545374
1397.513184  704.088684  -1.615322264  4.391546273
1865.771729  840.564636  -0.771600617  4.644719921
1438.222168  246.794983  -1.544903212  3.604930122
1963.623901  715.701721  -0.599490933  4.423124046
1377.074463  144.241043  -1.651252781  3.431466143
1377.074463  144.241043  -1.651252781  3.431466143
1647.852417  724.713562  -1.170202254  4.433392716
1647.852417  724.713562  -1.170202254  4.433392716
2032.164673  232.886765  -0.496661317  3.577937389
491.944733  513.375427  -3.180489203  4.04698126
1730.564453  276.831268  -1.032712104  3.655598437
1730.564453  276.831268  -1.032712104  3.655598437
1034.260254  223.033524  -2.238236882  3.563241091
1662.809937  407.501648  -1.150710516  3.880275531
934.351624  152.954117  -2.407037611  3.444148957
1587.609253  158.954147  -1.286463689  3.455535212
1362.288208  709.565308  -1.676761438  4.400851784
1362.288208  709.565308  -1.676761438  4.400851784
1970.890381  46.595459  -0.615402719  3.260479297
2130.242676  1192.869751  -0.251269619  5.307540201
507.781158  255.033432  -3.139707752  3.607743318
1201.481812  260.822571  -1.953266717  3.628232825
1976.880615  1314.016602  -0.537102773  5.524124723
756.343079  82.553055  -2.707146573  3.323285706
942.881897  511.987885  -2.401562685  4.052154388
1080.202515  580.024963  -2.166763844  4.171157637
2075.916992  786.667847  -0.38199786  4.555124767
1572.542358  119.985893  -1.312970333  3.389611246
831.781982  613.347961  -2.596252065  4.224504852
1121.948608  406.376678  -2.091932851  3.87446234
1890.123169  314.553864  -0.749032921  3.719429534
1631.598511  1186.486816  -1.185948042  5.267005943
1663.82251  397.466278  -1.149325535  3.862786675
1663.82251  397.466278  -1.149325535  3.862786675
1865.80957  470.081757  -0.787386405  3.989564853
1865.80957  470.081757  -0.787386405  3.989564853
330.877197  420.164063  -3.454069522  3.884038216
1834.209473  741.687134  -0.835240761  4.466421285
1459.319702  1003.964661  -1.502443783  4.92631335
2209.973877  358.061066  -0.165860768  3.794243717
1152.875  470.131927  -2.039566556  3.983622867
1114.842041  474.631805  -2.105262672  3.99081242
2140.212158  541.840942  -0.282205203  4.117303178
2140.212158  541.840942  -0.282205203  4.117303178
1023.071594  580.94458  -2.265331518  4.172116282
1586.065796  326.631256  -1.287047682  3.741030304
795.216492  601.752319  -2.650057341  4.19409068
605.438354  111.036217  -2.965539096  3.368158646
1733.975952  160.860703  -1.028388162  3.457009704
2048.91626  457.45047  -0.454531884  3.96808767
1497.772217  664.606689  -1.438183648  4.325102164
422.931183  305.075714  -3.287187768  3.690409228
1982.850464  729.492065  -0.562655429  4.448278941
1095.687622  103.839478  -2.131984312  3.363589383
1275.926636  755.718567  -1.828726393  4.4795192
1552.126953  440.050323  -1.345042901  3.935863448
57.586712  576.777771  -3.943106942  4.146658423
928.205444  628.000488  -2.43087229  4.252150213
1442.078979  733.342407  -1.536034331  4.444385479
1442.078979  733.342407  -1.536034331  4.444385479
1990.286621  404.327057  -0.564529404  3.875114898
1097.590454  339.499084  -2.132726302  3.760663539
1421.319824  295.913696  -1.574228817  3.68856165
1080.72876  497.615173  -2.164157879  4.029769302
1356.190308  902.184143  -1.687165298  4.740552526
1893.263306  14.914986  -0.751887883  3.207076452
1077.980957  468.97348  -2.168474821  3.980650103
1086.94519  500.423859  -2.153651021  4.034505135
1244.899048  737.16571  -1.882847664  4.446413241
1089.595093  200.473358  -2.143825153  3.525837107
1068.063477  252.352432  -2.181737643  3.613075901
969.284973  154.901016  -2.347588411  3.448000315
1775.52356  358.129181  -0.951460197  3.795207522
1171.762573  1394.133545  -2.018846834  5.631754868
920.634094  388.264069  -2.436613213  3.841161429
303.25351  242.066666  -3.488974053  3.581376619
1690.80188  1053.777344  -1.082577433  5.025285168
1753.466675  339.067322  -0.990680669  3.762342137
977.082336  447.764954  -2.341295496  3.943229165
1502.119751  689.890259  -1.430073757  4.369498404
1626.702026  413.412109  -1.214480658  3.890445141
1615.116333  222.926544  -1.238070341  3.564115022
2067.337891  911.9422  -0.390670743  4.782426493
1104.776001  399.155823  -2.121360455  3.861927017
1978.036743  77.10186  -0.60050292  3.311813983
1447.317627  327.200043  -1.52868843  3.741887422
1921.650635  632.383667  -0.681963824  4.273993453
1615.35083  746.955566  -1.22771748  4.472292152
771.058594  468.107635  -2.695344732  3.97430517
2095.576904  243.330017  -0.38049688  3.595249962
1124.006958  148.296539  -2.084416952  3.43802922
1103.287109  496.15799  -2.125514399  4.027427996
218.807159  541.205017  -3.658882766  4.089326062
1511.877319  540.206482  -1.41496496  4.108530493
1043.206055  108.956444  -2.221047114  3.371617601
2043.763306  574.009583  -0.460242807  4.172791731
1719.05542  249.998672  -1.053409825  3.609427422
1918.063477  92.021698  -0.706192498  3.337873644
2038.006836  341.390594  -0.480426535  3.765536951
1181.293457  628.602478  -1.991883197  4.257671946
1684.948486  1317.429321  -1.083469421  5.512972044
228.828125  527.767822  -3.639919021  4.066128075
861.163513  254.394974  -2.534461896  3.613599502
1019.54657  271.827759  -2.264485529  3.64531047
1154.358032  702.068848  -2.040376545  4.383340482
1325.643188  1435.261108  -1.740970574  5.711431901
1325.643188  1435.261108  -1.740970574  5.711431901
796.893311  196.123917  -2.642253446  3.514558891
856.18335  688.750122  -2.556559599  4.35461601
1060.154175  239.492722  -2.194736468  3.591279198
575.051331  645.532166  -3.043126052  4.275884533
678.741882  36.100384  -2.837842814  3.243901474
2134.995605  396.058441  -0.301147948  3.860406769
865.845947  484.965546  -2.533201913  4.004910274
2206.718262  315.975037  -0.175484639  3.720427191
1065.883911  569.937134  -2.191203515  4.15368675
1808.636963  1245.972412  -0.857701459  5.384955744
1244.455933  299.83551  -1.880149701  3.694627977
1244.455933  299.83551  -1.880149701  3.694627977
633.215698  612.835938  -2.940819428  4.220892105
683.850281  435.795746  -2.844798721  3.918505166
1195.161255  118.397751  -1.962608591  3.388165072
1716.224487  100.594429  -1.059674741  3.354375099
901.834351  393.307678  -2.469082776  3.849599542
1962.400635  317.312836  -0.620081656  3.724167946
1619.054932  544.879761  -1.225359512  4.118013087
2168.026367  666.212952  -0.219732043  4.339795788
2168.026367  666.212952  -0.219732043  4.339795788
2102.714111  477.97049  -0.355168221  4.004387541
548.89624  675.953064  -3.090863409  4.328686737
1077.766479  39.803593  -2.161070921  3.256091513
1635.865601  605.627319  -1.19499392  4.223736086
913.029419  65.755493  -2.441486147  3.297927463
965.164917  567.557434  -2.364882178  4.148082809
2081.947021  346.892639  -0.400021617  3.7749974
1487.895996  468.848541  -1.457290391  3.985197109
1077.63147  225.069061  -2.164728872  3.567308379
2037.261841  350.617401  -0.480912529  3.781591695
317.019348  16.153946  -3.451837552  3.203328545
1810.044434  749.639771  -0.877891187  4.480380864
1182.969971  579.997314  -1.988662241  4.172848934
1160.778809  349.437286  -2.024421759  3.778129534
1416.128296  737.360352  -1.581779716  4.450972035
2231.141113  1291.540527  -0.056081245  5.494856065
1178.447266  223.256775  -1.992351191  3.564629259
1178.447266  223.256775  -1.992488189  3.564428675
1076.333984  429.103973  -2.170509794  3.912631145
1929.629639  698.483521  -0.663510072  4.391464916
1518.992432  420.616272  -1.402155133  3.902408075
1613.933838  410.303345  -1.236966355  3.884973777
851.786377  532.589966  -2.558825569  4.086012008
2217.450195  734.828918  -0.121922359  4.464534769
1644.388794  157.100952  -1.187837017  3.45197383
1704.971802  911.997253  -1.060765726  4.769485506
1292.505127  524.072144  -1.798383801  4.078102779
2012.952881  552.710388  -0.517796033  4.134874481
2135.974609  1021.394592  -0.252920597  4.98670057
1656.813843  1065.274048  -1.144161604  5.044889287
1887.364014  445.920654  -0.74912292  3.94733871
1531.00769  660.960693  -1.379023444  4.319568641
644.281189  58.887814  -2.897159016  3.281582818
1556.197266  147.977661  -1.340969956  3.436982151
1698.993652  1448.979126  -1.05607479  5.757213444
1718.050537  751.777405  -1.043942953  4.48251209
1750.885376  264.501617  -0.997131583  3.634220961
1991.770874  724.563293  -0.546152651  4.440029327
1991.770874  724.563293  -0.546152651  4.440029327
1991.770874  724.563293  -0.546152651  4.440029327
440.886139  300.719025  -3.256372182  3.683575483
1685.157837  718.632141  -1.103350153  4.423466637
1462.287964  306.201782  -1.50271478  3.706171198
1182.110229  528.248291  -1.989791225  4.083756507
1073.746094  387.498627  -2.174258743  3.841787347
241.106583  192.620743  -3.592240663  3.496502331
2105.579834  286.86145  -0.362509122  3.670303303
1516.968628  173.887833  -1.408933041  3.481073167
2177.073486  171.5242  -0.236430819  3.470549439
1125.05249  486.210236  -2.087676908  4.010816697
1125.05249  486.210236  -2.087676908  4.010816697
1189.0802  230.59967  -1.974431432  3.577156809
1450.67334  535.023132  -1.522332516  4.098952395
1137.464355  58.116207  -2.060209278  3.28706808
2155.547607  1102.842529  -0.210409169  5.138802617
1907.20752  340.35379  -0.717325348  3.764266296
888.978333  514.921387  -2.494167439  4.056226812
1602.135132  767.81665  -1.250674171  4.508911395
1610.877075  534.69873  -1.239927316  4.100005243
1464.222168  734.015869  -1.496858858  4.446147299
2241.003662  296.854187  -0.113801469  3.68738219
1590.601196  1330.919312  -1.257096085  5.533351918
1392.60498  1234.491333  -1.619475208  5.34516929
2231.005127  495.392273  -0.115047452  4.035955975
1158.287354  241.12851  -2.026489732  3.594593135
1737.281982  737.748474  -1.010475403  4.456051309
1737.281982  737.748474  -1.010475403  4.456051309
1730.358032  720.453491  -1.022699239  4.427273027
2070.737305  1143.19751  -0.367917049  5.210690635
1138.629517  215.416977  -2.060183278  3.551206636
1121.991333  520.740051  -2.09351583  4.069952314
912.649231  139.789063  -2.443189125  3.421697207
1217.416016  343.618561  -1.92700107  3.768745269
1571.859131  1035.195923  -1.299877509  4.98601674
1743.91272  550.943726  -1.003585496  4.129501539
1339.625488  1308.144531  -1.71519492  5.478467931
2214.824219  352.567688  -0.157216884  3.784564997
2214.824219  352.567688  -0.157216884  3.784564997
1021.808777  346.601776  -2.262135561  3.771800026
2082.272217  1161.847778  -0.344957358  5.245674466
1051.875854  377.844452  -2.211439243  3.825165743
1051.875854  377.844452  -2.211439243  3.825165743
1736.009521  275.143494  -1.022774238  3.652738541
620.967834  551.482788  -2.958865186  4.114901531
2102.815918  415.828979  -0.358335178  3.895145536
1829.459961  92.647736  -0.860995414  3.339565904
1106.106567  454.99054  -2.119962474  3.957098445
1998.179565  728.069397  -0.533517821  4.446697705
821.166443  255.865799  -2.602714978  3.615414002
526.335571  267.5112  -3.108534172  3.629222639
526.335571  267.5112  -3.108534172  3.629222639
2137.636963  319.465363  -0.299746967  3.726767209
451.13562  138.906235  -3.230595529  3.411203607
1087.955566  517.846985  -2.152543035  4.064429999
1201.535767  269.253937  -1.953385715  3.64263487
1518.870239  126.9039  -1.406124079  3.401408975
1443.871216  691.963318  -1.53315737  4.372090996
2156.923828  383.072144  -0.262108473  3.837909976
1129.218628  318.364868  -2.07859903  3.725191743
1670.081055  906.029175  -1.124547868  4.757379498
1089.331177  345.763275  -2.14702711  3.771177406
828.450134  277.76535  -2.590912137  3.652536148
1628.594727  370.344757  -1.212015691  3.816230935
1628.594727  370.344757  -1.212015691  3.816230935
1706.834473  741.679382  -1.064053682  4.464606388
1066.730103  472.962921  -2.187938559  3.987257962
1066.730103  472.962921  -2.187938559  3.987257962
1350.574219  471.914673  -1.696987165  3.989375634
2114.820313  700.707947  -0.31732273  4.400551873
1077.605713  26.697853  -2.161342917  3.234284697
1984.385132  67.568207  -0.588885076  3.295259737
1062.761719  224.050079  -2.189727535  3.565283757
1271.995117  474.7995  -1.833751325  3.993223214
1271.995117  474.7995  -1.833751325  3.993223214
947.856567  481.893127  -2.39228581  4.000952613
2104.689697  564.919495  -0.346841333  4.157714289
2104.689697  564.919495  -0.346898332  4.157655125
859.238525  360.033752  -2.54090981  3.792191413
1557.791504  603.49762  -1.332553069  4.219364439
928.424866  217.247421  -2.418533456  3.552064131
928.424866  217.247421  -2.418533456  3.552064131
979.5448  620.949463  -2.341402494  4.240363814
1501.200806  348.299072  -1.435183688  3.778190392
2114.776367  647.153809  -0.321585673  4.304451278
2114.776367  647.153809  -0.321617672  4.304504524
1774.664673  108.074417  -0.957790112  3.366413265
328.916107  628.988708  -3.472147279  4.243010614
1536.233398  383.156158  -1.373533518  3.838032673
1196.133179  102.107086  -1.960928614  3.360850694
1210.353149  658.645935  -1.942266865  4.30930742
321.007141  226.827805  -3.457372478  3.556186765
321.007141  226.827805  -3.457372478  3.556186765
1702.445313  487.330109  -1.078475488  4.018560621
1781.939697  143.027649  -0.944022297  3.426119865
1074.412842  578.861023  -2.176603712  4.169407749
1980.782959  741.323853  -0.565002397  4.470054969
1900.66626  1337.870972  -0.67928486  5.564776926
1425.731079  1473.055298  -1.558224033  5.789112681
1318.263306  72.273766  -1.751872427  3.310823485
1404.559082  577.243652  -1.60298343  4.171492377
1192.680786  1037.697266  -1.977076397  4.97854409
1559.713501  166.828156  -1.334660041  3.468905532
1953.05835  666.028259  -0.622725621  4.334009068
300.504486  116.099564  -3.48619909  3.369671182
1206.937988  339.999451  -1.945077827  3.762502336
2168.44873  417.811279  -0.238248794  3.898544935
882.977661  407.281677  -2.501533339  3.872915905
1068.723145  34.282909  -2.176474713  3.246910353
1621.203857  145.201218  -1.227578482  3.431785792
1608.396606  41.084301  -1.250828169  3.255558185
902.00708  153.128784  -2.461987872  3.443914092
1645.778809  430.391876  -1.179613127  3.919900291
1003.122925  151.225143  -2.290132184  3.442377094
1045.43811  128.043976  -2.217686159  3.40368345
1045.43811  128.043976  -2.217686159  3.40368345
1588.84021  749.114624  -1.274944844  4.475459144
501.990234  580.452637  -3.166935386  4.162608833
1631.943604  525.332275  -1.203098811  4.084050142
1209.909424  561.092041  -1.940340891  4.144507672
228.540634  319.728912  -3.62366424  3.710769061
228.540634  319.728912  -3.62366424  3.710769061
1543.489868  406.325989  -1.360668691  3.877841329
1257.553101  432.436371  -1.858499992  3.920371204
1558.796265  16.966513  -1.337485003  3.215694757
2039.850098  1016.138367  -0.434284156  4.973554513
2081.855469  1151.849609  -0.346269341  5.227174387
1207.242676  567.772217  -1.946766804  4.152087908
2039.267944  879.447571  -0.443313035  4.72327928
822.521484  192.10141  -2.598284038  3.508196337
2206.205566  1002.998901  -0.122763348  4.954788597
1669.461426  461.286835  -1.137591693  3.973145884
236.845291  48.334698  -3.590189691  3.25509771
1818.716064  105.5476  -0.879460166  3.361663872
2123.440918  151.304703  -0.334648497  3.436473887
2123.440918  151.304703  -0.334648497  3.436473887
1953.3125  114.954102  -0.643818337  3.376842999
819.572266  8.468133  -2.597102054  3.200979528
