206.194626  837.253845  -7.85820526  7.168742508
1006.273499  881.646545  -6.421377594  7.281641691
822.297607  1101.813477  -6.765899958  7.669713912
374.800293  857.80957  -7.559773276  7.211930388
890.889954  1441.818481  -6.655864439  8.309019832
807.427429  1300.299194  -6.802519466  8.040702301
536.899902  1479.279419  -7.306616683  8.356317105
889.446106  882.888428  -6.63348974  7.278540883
909.669739  1089.065186  -6.604575129  7.655991376
1001.058899  1129.554321  -6.439743347  7.735738855
367.835052  1240.511108  -7.595959789  7.905225617
334.561188  1369.825317  -7.665122858  8.14021191
334.561188  1369.825317  -7.665122858  8.14021191
832.62738  1283.139526  -6.755259102  8.009611748
832.62738  1283.139526  -6.755259102  8.009611748
218.219452  1400.298706  -7.877923995  8.190619774
146.423904  1294.261841  -7.998852368  7.992717621
222.242264  1055.09314  -7.842786468  7.559636755
263.161865  1488.394165  -7.802774006  8.355079838
841.651245  1329.198486  -6.741016293  8.096084199
341.829651  1183.706177  -7.637659228  7.795663236
105.371117  1290.916748  -8.070889398  7.983599965
143.795517  948.053711  -7.976866664  7.364419718
458.272552  1413.216919  -7.44277285  8.225093393
48.27372  1377.673828  -8.17929194  8.138467773
604.87262  1011.759521  -7.152904751  7.498089497
929.757385  1447.619995  -6.5844294  8.323723199
57.086731  851.783997  -8.125608662  7.189210021
320.760071  1374.844727  -7.689965524  8.149489433
320.760071  1374.844727  -7.689965524  8.149489433
357.466919  1094.702759  -7.604501674  7.63850317
134.828873  1266.338379  -8.016590129  7.94099557
893.624695  1431.245605  -6.650109516  8.291259014
510.041748  1270.801758  -7.339898235  7.965911463
945.152649  1351.899536  -6.551894838  8.143923706
153.99736  945.220276  -7.958173915  7.359726619
527.044739  1214.408936  -7.305671695  7.863912157
313.894775  1239.791504  -7.693707474  7.902132586
208.794922  1080.46167  -7.86866212  7.605125853
314.605835  1237.716187  -7.692093496  7.897730677
314.605835  1237.716187  -7.692093496  7.897730677
334.009827  1289.41272  -7.66053892  7.993483021
560.205261  1360.58313  -7.254912378  8.134664931
357.008453  1070.859985  -7.603549687  7.595195047
523.266785  1069.343384  -7.304285714  7.600219522
880.943848  1084.442993  -6.657848412  7.64531498
635.872375  1068.106323  -7.10091345  7.602418094
477.665771  1335.227051  -7.403341381  8.083604681
49.228233  1430.625244  -8.1822529  8.23567905
560.687988  1072.197144  -7.236877621  7.606654698
453.178314  1402.121826  -7.451155738  8.204253483
864.048035  949.772156  -6.682453081  7.397508564
864.048035  949.772156  -6.682453081  7.397508564
139.494354  1316.64978  -8.011976191  8.033092935
139.494354  1316.64978  -8.011976191  8.033092935
930.330017  1306.034668  -6.577283496  8.05772762
352.288361  841.647339  -7.597892763  7.182520924
599.940552  1386.616455  -7.185210316  8.186803859
252.778534  1474.719971  -7.820866763  8.329954094
442.523773  944.861938  -7.442249857  7.371202941
488.482544  845.768616  -7.354865033  7.195145678
46.445976  1382.028564  -8.181369912  8.147992452
195.956741  1266.164063  -7.908281587  7.946139682
421.65213  1248.13916  -7.499221091  7.921963224
601.601685  868.062012  -7.151839765  7.237941388
980.118408  968.562256  -6.472106912  7.438239371
939.548645  1298.319336  -6.559800732  8.043621206
490.801849  1148.165405  -7.368017856  7.742328977
172.198181  1328.800781  -7.95482196  8.057327132
270.838654  882.123901  -7.745586776  7.251406384
959.636292  929.184082  -6.506586448  7.365174555
607.540894  834.51123  -7.139536931  7.179158626
297.450531  898.971985  -7.699009402  7.28254965
412.769012  983.528992  -7.497618112  7.439602962
329.660248  833.846741  -7.63828422  7.167745202
412.405365  1315.741699  -7.52012681  8.045199959
857.730286  1106.031128  -6.700863833  7.682702786
353.469116  1349.02832  -7.629390339  8.103108464
1001.058167  1469.217285  -6.453585161  8.37066033
1113.65271  1441.8927  -6.243222991  8.329765545
1909.625  1166.547852  -4.714071568  7.866592929
471.475922  1392.751709  -7.416553203  8.187091716
294.068939  1384.655029  -7.736712895  8.163125176
1931.637451  1302.9552  -4.668449182  8.131080281
1931.637451  1302.9552  -4.668449182  8.131080281
1297.729736  1311.251343  -5.895897665  8.090319805
1656.523315  1353.016235  -5.212010867  8.200644956
1656.523315  1353.016235  -5.212010867  8.200644956
283.086761  1391.564819  -7.759650587  8.17801814
527.80658  1392.479858  -7.314481577  8.188226831
2061.604248  912.289001  -4.40916467  7.392045516
1976.560791  1264.150635  -4.581035358  8.058397902
776.217773  1060.868042  -6.844787897  7.591786979
776.217773  1060.868042  -6.844787897  7.591786979
762.514954  1135.563843  -6.874607496  7.731019401
1935.720337  1098.187256  -4.662220265  7.737476405
356.889343  877.640198  -7.591314852  7.246326797
2119.381348  1173.013062  -4.294595212  7.894096261
331.356171  1293.380493  -7.667134831  8.001377121
331.356171  1293.380493  -7.667134831  8.001377121
1434.64856  1333.703735  -5.632283212  8.160930077
235.009567  1157.300293  -7.82777467  7.745291126
1581.088623  1016.036621  -5.354277953  7.557915073
2141.854492  911.41272  -4.246380861  7.395716078
2141.854492  911.41272  -4.246380861  7.395716078
448.182434  1434.300415  -7.463218575  8.264645526
407.542389  879.596863  -7.501018067  7.25265656
944.942627  1176.357056  -6.544610936  7.818643342
161.537338  1339.58313  -7.974984689  8.076320199
161.52121  1254.420654  -7.966205807  7.91927593
1360.908447  1434.395142  -5.778622243  8.331333875
2063.840332  1260.908936  -4.374802133  8.083497595
1965.536499  892.008484  -4.603366057  7.347466621
991.397156  1022.246765  -6.453695159  7.537007691
619.723572  907.892273  -7.121531173  7.31159109
699.81781  968.639099  -6.979976078  7.424990705
729.919067  1000.775635  -6.927230788  7.484020242
1205.253906  1220.249634  -6.066152374  7.914865623
587.073608  1029.918945  -7.186816295  7.531025823
848.207642  1130.215942  -6.719448583  7.726994409
527.824036  880.212708  -7.284153985  7.257467307
962.528687  983.380554  -6.505375464  7.465181719
1227.107788  1247.348633  -6.025744918  7.96870214
1665.043701  1424.192383  -5.193607115  8.339999118
828.598755  1194.13916  -6.757707069  7.841679235
891.886536  852.944641  -6.628021814  7.223930846
937.914612  1239.063965  -6.560619721  7.935031932
786.546265  1172.069092  -6.832833058  7.798815716
2101.78125  1121.059692  -4.330242732  7.792788385
388.005249  1045.183228  -7.545105473  7.549457566
1793.704102  997.847717  -4.941403509  7.538303893
2023.718628  1036.47522  -4.48795061  7.625169408
458.146271  1341.8927  -7.438985901  8.093679949
1548.647827  1132.786743  -5.418185093  7.773767225
219.563339  1452.530273  -7.878744984  8.28721533
1260.677734  1313.087646  -5.964487742  8.094572939
857.640503  1290.125977  -6.709600716  8.023874042
886.881104  1286.39917  -6.654922452  8.0201641
886.881104  1286.39917  -6.654922452  8.0201641
1989.745605  1159.036621  -4.553649726  7.858355727
1070.00415  1447.746582  -6.324691895  8.333880698
1605.199951  1233.452881  -5.308615568  7.970813176
1999.991333  1010.712402  -4.534690981  7.574788333
257.590393  915.469482  -7.771321429  7.310372186
969.652771  1029.804443  -6.493680621  7.549315225
969.652771  1029.804443  -6.493680621  7.549315225
1281.017212  1273.671021  -5.925927261  8.020466695
1354.820557  1456.115479  -5.789345099  8.374707178
280.593384  1300.711914  -7.758188606  8.011703132
280.593384  1300.711914  -7.758188606  8.011703132
937.108337  1169.774048  -6.559408737  7.805868217
1354.027832  1013.251648  -5.783356179  7.539877657
517.415588  1209.320435  -7.323397457  7.854273847
501.060455  1241.890015  -7.354648036  7.912554073
501.060455  1241.890015  -7.354648036  7.912554073
2034.999268  1441.635254  -4.458345009  8.41153387
455.314545  1340.508911  -7.443784837  8.091243029
1952.470459  925.694519  -4.629109711  7.410473696
1952.470459  925.694519  -4.629109711  7.410473696
283.251892  1297.931519  -7.753569668  8.007074062
671.604553  987.190918  -7.031996378  7.456936729
2104.781982  1111.822388  -4.326440784  7.7736914
340.920715  1333.144409  -7.651161046  8.073610446
980.109497  1067.092529  -6.476506852  7.619086629
980.109497  1067.092529  -6.476506852  7.619086629
285.219086  934.123047  -7.723574072  7.345293292
1135.859375  1080.773315  -6.189989708  7.652162817
2068.923096  1305.783447  -4.390528921  8.150302173
1998.241455  899.26947  -4.53704795  7.363392331
876.785522  1311.902222  -6.675796171  8.065823841
814.867615  1073.563354  -6.777188806  7.620338478
1023.221008  1130.662231  -6.399306891  7.738273883
728.87262  994.813721  -6.929091762  7.472230488
1909.40564  1383.490845  -4.714731559  8.282079021
572.673035  1298.579712  -7.228387735  8.020591503
1376.391235  1310.740234  -5.749560634  8.088110578
1623.098633  1463.746338  -5.276401001  8.410426079
2137.200928  1056.007568  -4.258880693  7.670270711
316.530396  1158.812256  -7.681436639  7.752448238
316.530396  1158.812256  -7.681436639  7.752448238
320.928406  1218.026367  -7.678858674  7.861699975
913.941162  1105.396606  -6.59853721  7.685741365
1351.512817  1213.421143  -5.793566042  7.909758468
396.868378  1085.14917  -7.532936637  7.623044251
1051.645752  1363.638794  -6.356081473  8.173612236
2140.487305  1114.165161  -4.2509388  7.783000149
1660.071045  833.814697  -5.200011029  7.223063701
1669.87439  1187.588379  -5.183525251  7.888270417
394.171509  1028.343384  -7.53420362  7.520016011
1909.689453  871.230347  -4.713563575  7.305482736
2011.910889  1075.375488  -4.511446294  7.698483584
1371.577148  1289.712646  -5.756779537  8.055205756
17.271854  906.947937  -8.201639639  7.286776704
1685.304443  1383.144409  -5.153962649  8.26301161
947.918701  1100.914307  -6.536237049  7.679361708
911.614868  1341.513672  -6.613177013  8.123339895
1551.547974  894.57074  -5.409201214  7.330063744
1952.773071  1038.258057  -4.628241723  7.62459991
1108.515259  1066.044556  -6.240426029  7.623740659
1614.944946  1216.546387  -5.28988482  7.938907032
1060.730835  1409.044678  -6.340529682  8.260439482
849.739502  1310.848633  -6.725315504  8.062692515
849.739502  1310.848633  -6.725315504  8.062692515
425.314972  1132.198853  -7.484547288  7.710244494
1416.390991  1160.658813  -5.668647723  7.818879489
800.844666  897.073853  -6.794828569  7.300202088
486.626221  899.422302  -7.360043964  7.290961002
892.305115  897.047546  -6.629499794  7.304282966
2065.36084  1456.785889  -4.399864796  8.441308745
842.123474  1256.059937  -6.736401355  7.959155189
123.205208  1305.813477  -8.041330796  8.013020959
1330.917114  1389.748657  -5.835500478  8.241566431
1033.587036  1059.146484  -6.377724182  7.607349109
475.130585  1124.546387  -7.394820496  7.698747229
238.803467  1132.850586  -7.818314797  7.700754896
854.603516  1301.631348  -6.71447065  8.045328878
1622.078857  1203.688477  -5.275485013  7.915846704
1622.078857  1203.688477  -5.275485013  7.915846704
948.782776  872.746277  -6.525683191  7.261862476
979.19043  961.253418  -6.474006886  7.424657293
1963.491577  1344.904175  -4.607815997  8.211887027
1080.671265  936.48584  -6.28641641  7.385203997
1918.613403  1222.838501  -4.696704801  7.974062075
2088.584717  1092.903076  -4.357300368  7.737562985
1458.26709  1004.010742  -5.586757825  7.528838722
868.337463  1322.917725  -6.69219195  8.086602903
2052.72583  920.721558  -4.426715434  7.407827267
1690.432861  1160.506836  -5.143897784  7.838162957
1111.070923  1213.483154  -6.240674026  7.896234707
1111.070923  1213.483154  -6.240674026  7.896234707
1263.842773  1328.738403  -5.959521809  8.122824257
1369.736694  1260.471802  -5.759255504  8.001275224
480.564148  1179.745483  -7.387931588  7.799188787
480.564148  1179.745483  -7.387931588  7.799188787
874.323669  1268.258789  -6.678280137  7.984242289
1833.834839  1436.885132  -4.864653541  8.377482955
670.423096  874.540955  -7.028592424  7.253291323
1880.266235  871.330566  -4.770819804  7.304641483
1880.803955  903.100952  -4.769455822  7.364566512
2146.512695  1095.148804  -4.241078932  7.74558616
2121.644287  1190.748291  -4.289238284  7.928854109
383.725677  875.26532  -7.543455496  7.24346482
1355.668945  1448.630127  -5.789098102  8.356607906
2087.168213  1423.891113  -4.355740389  8.379503527
1014.060669  1029.95459  -6.412881709  7.551033257
205.881699  1365.485718  -7.895997752  8.125072918
2003.160034  912.421997  -4.526989085  7.388813533
10.584892  1432.244629  -8.251865963  8.237356768
849.859131  1322.856323  -6.7256395  8.084061866
294.575195  1205.327393  -7.724848055  7.836834619
1491.814941  962.760132  -5.523485676  7.453590132
1030.435669  882.123291  -6.377591183  7.282906766
564.740601  911.914307  -7.221111833  7.317222163
564.740601  911.914307  -7.221111833  7.317222163
295.598785  1319.862915  -7.731720962  8.04678822
761.411865  1087.594727  -6.874094503  7.642350388
1888.152832  1215.892456  -4.756739994  7.958736919
1366.325195  1104.764404  -5.762248463  7.710349106
1342.34436  1107.017944  -5.809990821  7.710676963
1187.440552  860.96698  -6.087757083  7.253065875
949.874756  1212.36731  -6.537193036  7.885574381
1969.044556  929.634216  -4.59721414  7.418620546
1969.044556  929.634216  -4.59721414  7.418620546
401.263702  1211.047607  -7.533326632  7.85240325
1017.84137  958.328491  -6.402469849  7.420914924
1123.843262  1315.917358  -6.220161302  8.089334319
487.204437  1300.334961  -7.383435649  8.019212877
1535.883911  1101.80542  -5.44217777  7.714983588
2147.009277  939.984436  -4.236965988  7.449679558
1062.812378  1206.66333  -6.329619829  7.879412592
1266.010132  1282.922485  -5.954312879  8.037635498
1907.284424  885.07019  -4.716989528  7.331972553
1907.284424  885.07019  -4.716989528  7.331972553
1250.134521  978.352783  -5.97576059  7.47041939
1537.033081  878.416016  -5.436878842  7.299272955
364.87384  934.771484  -7.580152002  7.34947166
962.738403  942.065308  -6.503000496  7.388423011
962.738403  942.065308  -6.503000496  7.388423011
1391.273804  1492.86377  -5.722198002  8.445009349
653.315552  1315.62561  -7.083745681  8.058500119
1644.769043  930.73999  -5.23038762  7.402965163
926.77124  1221.012207  -6.580377455  7.900800836
142.112793  1303.792725  -8.007043258  8.00985041
1412.285278  1063.041748  -5.674968638  7.635451479
2030.878418  1148.179199  -4.472642816  7.839710768
1895.669678  1331.046875  -4.742528185  8.179276893
2136.393311  1126.958984  -4.260794667  7.806322534
204.449936  1431.275879  -7.904689635  8.247300881
807.391541  1293.552734  -6.801579478  8.026643344
270.427551  1255.231812  -7.77202942  7.927018
1993.154785  1065.847534  -4.548782792  7.67907752
586.536011  1400.410278  -7.210560975  8.211737293
988.868103  1094.060303  -6.461149059  7.668570737
176.867493  1311.032227  -7.945536085  8.025852587
971.506775  1078.027466  -6.492838633  7.637543289
583.538818  1131.44104  -7.199172128  7.715389616
283.053009  1020.913086  -7.731336967  7.500394204
33.807362  1165.427734  -8.190177793  7.752944789
2101.784668  1056.158813  -4.331092721  7.667894892
551.098511  1417.138916  -7.270592167  8.227092235
512.140808  1259.89856  -7.335294297  7.945971883
899.733032  1152.312012  -6.626406835  7.771164756
49.59956  913.302856  -8.142919429  7.298710848
488.2276  1132.042969  -7.37149381  7.712839669
761.063599  1489.590454  -6.897773184  8.39349365
1984.209229  936.083191  -4.566349555  7.431890938
1880.293579  1451.482666  -4.767770845  8.415350675
901.516602  882.89386  -6.612240026  7.278386012
2146.706543  1119.501465  -4.241836922  7.791566154
2146.706543  1119.501465  -4.241836922  7.791566154
500.264557  1333.372559  -7.361176948  8.079704292
680.999817  1288.818481  -7.031524384  8.0101108
1563.949585  1431.009644  -5.390600464  8.342206775
1445.472534  1156.278931  -5.613819461  7.812365617
329.438629  1203.709351  -7.6620309  7.835700947
349.81073  1377.256714  -7.637738227  8.154788197
349.81073  1377.256714  -7.637738227  8.154788197
1205.187988  1303.098633  -6.06791435  8.071581075
1352.589478  848.168213  -5.781767201  7.236211615
758.856079  1262.473145  -6.888442309  7.96661488
1354.541016  1083.024292  -5.784170168  7.66875958
199.126205  1245.04187  -7.899670702  7.905604208
163.867325  1314.445557  -7.969167767  8.030815321
163.867325  1314.445557  -7.969167767  8.030815321
952.177063  1000.512024  -6.524169211  7.494142864
952.177063  1000.512024  -6.524169211  7.494142864
783.698792  1485.574219  -6.856266742  8.387077042
1994.513916  818.104004  -4.543504863  7.209819524
262.477478  1182.754761  -7.779107325  7.792118475
534.673645  1265.811035  -7.294587844  7.957675095
1356.163086  1248.135864  -5.784592163  7.977404857
1025.839111  1293.374146  -6.401031868  8.039479126
674.111206  1254.706299  -7.042453237  7.946919712
1006.328674  1367.511597  -6.43950335  8.176093648
1445.963745  1358.175415  -5.616224428  8.192160671
1445.963745  1358.175415  -5.616224428  8.192160671
1600.568481  1145.623413  -5.31732545  7.803314256
1600.568481  1145.623413  -5.31732545  7.803314256
2141.644775  1281.713623  -4.248044839  8.106704929
1424.365479  1204.860107  -5.654937907  7.901086814
306.139099  1315.401001  -7.712173225  8.038747717
381.118927  1376.101074  -7.581725981  8.155281184
1722.854492  1287.859619  -5.080899632  8.083427694
1349.976563  1358.754272  -5.79815498  8.186019293
978.342224  1438.454712  -6.494731607  8.310070983
978.342224  1438.454712  -6.494731607  8.310070983
309.082031  1368.361206  -7.710731245  8.136849293
539.963135  1119.949219  -7.277328077  7.692753317
1627.043945  1040.457275  -5.26606414  7.606926878
841.150513  1318.169434  -6.741201291  8.07531386
866.886841  1199.414429  -6.688667998  7.855817339
916.051208  1047.032349  -6.592136297  7.577216985
1800.435181  1261.166382  -4.92865168  8.039332941
1012.296143  1414.601563  -6.43058747  8.267508923
1780.895508  984.96698  -4.964938192  7.514131161
2111.327881  1193.176514  -4.307916033  7.934355249
340.076874  886.266235  -7.621471446  7.261210133
272.800781  1239.343994  -7.767173485  7.898498306
272.800781  1239.343994  -7.767173485  7.898498306
913.483643  1058.377319  -6.597242228  7.598533168
1673.367188  1073.441772  -5.177496332  7.671408625
1309.728271  1480.869263  -5.876670924  8.414177958
527.847656  855.213684  -7.284001987  7.213325058
394.912415  1095.294067  -7.537067582  7.64136202
755.772217  1469.011353  -6.906503066  8.35476901
1449.524414  994.807251  -5.603605598  7.510875885
2015.414917  1166.897217  -4.503654399  7.874378776
540.416992  1394.455688  -7.292936867  8.195480178
864.162842  1042.636963  -6.686126032  7.566084905
871.135376  1283.040649  -6.684886048  8.011615978
338.432709  940.31366  -7.628219355  7.35852487
338.432709  940.31366  -7.628219355  7.35852487
807.247742  1150.896362  -6.794462574  7.761581377
494.068329  1260.516846  -7.368624848  7.947748999
656.703613  1320.25293  -7.078119757  8.067732386
244.1194  1190.042969  -7.813798858  7.805635042
1025.745483  1068.210693  -6.392768979  7.623832944
412.769012  983.528992  -7.498031107  7.439849033
323.39212  1463.254639  -7.691478504  8.311779773
1117.788452  1354.491577  -6.232468136  8.162364372
1117.788452  1354.491577  -6.232468136  8.162364372
1633.366943  1098.095093  -5.254016302  7.715925626
931.658508  933.196411  -6.558995742  7.370884342
931.658508  933.196411  -6.558995742  7.370884342
114.915115  1312.949219  -8.056319595  8.025198174
996.356323  1095.033447  -6.447351245  7.670736344
493.996094  1013.846008  -7.353296054  7.497557507
493.996094  1013.846008  -7.353296054  7.497557507
428.852417  1245.925537  -7.486341264  7.918441741
815.829102  1203.147095  -6.781490749  7.858881625
538.369873  1382.014282  -7.295771828  8.172557779
1008.688049  1137.032471  -6.426402527  7.749084373
514.21582  932.394531  -7.312847599  7.351826984
514.21582  932.394531  -7.312847599  7.351826984
528.084106  1352.988647  -7.312400605  8.117941111
312.1297  1324.015625  -7.702511355  8.05564833
1683.068359  1336.306885  -5.159241577  8.172010706
1022.337524  1195.723999  -6.403557834  7.858063062
1022.337524  1195.723999  -6.403557834  7.858063062
404.10965  1077.592163  -7.519471818  7.609718675
404.10965  1077.592163  -7.519471818  7.609718675
754.496643  871.824036  -6.877117462  7.252534852
797.396057  1303.83667  -6.820696221  8.045843462
908.544556  1138.73877  -6.609988056  7.747120831
2145.189697  1036.662354  -4.242643911  7.633739856
1008.260498  905.155518  -6.418499633  7.324388347
402.298492  893.811157  -7.511430927  7.277769192
240.195389  1421.263916  -7.839364514  8.230466233
958.565979  1141.49231  -6.518660285  7.754244752
784.234131  1062.192749  -6.832077068  7.597956086
29.790884  1409.027954  -8.215132458  8.195478379
1121.429443  902.272339  -6.21137642  7.323964845
979.990234  952.985046  -6.471979913  7.409353282
2177.216797  1420.822266  -4.172331857  8.382716858
1764.741943  1314.535767  -4.99781575  8.138997367
1994.199463  1265.618408  -4.547257812  8.058572234
1451.194824  1341.32312  -5.606551559  8.158746208
1602.045654  859.926941  -5.310038548  7.269930149
1735.011719  868.216797  -5.052852009  7.291698155
2039.559204  1022.222229  -4.45602604  7.598986842
1367.50415  1237.209106  -5.762873455  7.957547655
1058.907104  1117.790527  -6.333647775  7.716720619
1362.588989  1359.996216  -5.774818294  8.187544756
1770.544556  1250.638794  -4.987900883  8.015028326
1083.523438  1293.991699  -6.294308304  8.044365238
1311.013062  1431.162964  -5.873057972  8.319966349
1560.85022  1193.222656  -5.39390842  7.890053834
2057.89624  1092.085815  -4.418394546  7.734462312
1224.329468  1259.599976  -6.031620839  7.990188889
1373.320068  1131.773682  -5.749454636  7.761708833
1564.989258  860.422974  -5.382877568  7.267520628
1313.503052  1375.166748  -5.867519047  8.213070385
1136.33667  862.653503  -6.182796805  7.25316569
1062.789917  1095.33313  -6.325323887  7.675308508
1434.453003  1179.829346  -5.635030175  7.855850318
2230.821045  1282.414063  -4.064559307  8.116791335
1350.182617  1037.300903  -5.790941077  7.584189502
1943.384155  1221.535522  -4.646151482  7.973293487
2010.358765  941.851257  -4.513830262  7.444104486
1855.591064  849.190063  -4.818145167  7.26219569
1452.599854  870.102051  -5.595688705  7.280114472
1274.14624  985.486755  -5.931752183  7.483803569
2176.292725  876.26825  -4.181248737  7.32587795
1616.7854  1163.169434  -5.287006858  7.836565375
1667.999756  938.487122  -5.186826206  7.418316786
1385.299561  969.811401  -5.723608983  7.461204123
1627.876709  1478.937378  -5.267111126  8.440718117
1767.868042  1474.497559  -4.993578807  8.444631044
2095.164307  1022.496277  -4.343413555  7.603838935
1257.322266  1301.256104  -5.97135765  8.070958043
1075.999634  1212.149658  -6.305314156  7.890693667
1853.223633  1115.430786  -4.825140073  7.766048295
1859.01709  1022.481812  -4.813660228  7.588614233
1069.461914  1237.66272  -6.318302981  7.937455513
1945.600708  937.459595  -4.643035524  7.432455398
1588.820801  1460.72644  -5.34258811  8.400426559
1453.691162  1062.558838  -5.596739691  7.637399486
1534.144775  1179.671265  -5.445424727  7.862364282
2203.113525  1101.44519  -4.124184505  7.762560739
1640.709839  1129.67395  -5.240386486  7.77559721
1228.975098  1357.09375  -6.024774931  8.172625561
1596.850708  1315.301025  -5.325286343  8.125507052
1146.256348  898.009155  -6.165501037  7.31724533
1974.282104  899.175598  -4.586244288  7.361232735
1048.61145  1150.708862  -6.353548507  7.776057089
1048.61145  1150.708862  -6.353548507  7.776057089
1555.862183  1484.07959  -5.406404252  8.444115707
2026.584229  1089.996582  -4.482139689  7.727409965
1339.102661  1293.248901  -5.817409721  8.060712278
1339.102661  1293.248901  -5.817409721  8.060712278
2182.293213  1115.517456  -4.16621494  7.788157941
2009.797485  1071.715332  -4.514980247  7.691761403
1070.057861  1314.275269  -6.319779961  8.082189057
1913.120728  1059.636597  -4.704024703  7.664294932
1369.102295  1269.367554  -5.760518487  8.017400608
1929.960327  1172.188599  -4.673098119  7.879065541
1416.97644  1050.405273  -5.667210742  7.613427085
1084.993896  1277.155518  -6.291019348  8.01288891
1242.686157  1011.809509  -5.990715389  7.531457644
1078.088379  1241.7323  -6.302401195  7.945871417
1078.088379  1241.7323  -6.302401195  7.945871417
2050.786621  1057.824097  -4.431057376  7.66739172
1518.405273  1006.58667  -5.473199353  7.536512581
1583.942261  1057.86145  -5.348997024  7.636761382
2237.429443  1463.026123  -4.048540523  8.471570231
2183.987793  1346.158325  -4.160039023  8.236756209
1639.816162  1480.893066  -5.243333446  8.446355294
1386.088013  1311.395874  -5.7298139  8.097080308
1360.016846  1187.517334  -5.775783281  7.86455137
1378.809692  1291.652344  -5.742931723  8.060735634
2058.967773  1324.265747  -4.415059591  8.181836589
1958.418335  888.878174  -4.617326869  7.341313058
1633.457275  1488.175049  -5.256030275  8.459308603
1633.457275  1488.175049  -5.256030275  8.459308603
1342.019165  1429.609375  -5.814683758  8.318742499
2014.10437  1145.908569  -4.506907355  7.833294822
1051.750244  1141.840576  -6.347213592  7.759725289
1068.769043  1165.96875  -6.316980999  7.805616399
2083.033691  888.12384  -4.366491245  7.346866397
2081.775391  1359.169434  -4.368058224  8.252053217
2081.775391  1359.169434  -4.368058224  8.252053217
1434.42627  1127.095825  -5.634198186  7.756614507
1930.218262  1119.116089  -4.672342129  7.777367232
2088.413818  912.020752  -4.355465393  7.392783756
1910.174927  1223.835327  -4.712529588  7.976020666
1343.879761  1173.031982  -5.805774878  7.836250589
1482.803345  1192.22229  -5.543182411  7.881723789
1905.084717  1225.180298  -4.722420455  7.978244713
1432.138916  1247.874634  -5.64137809  7.98195975
1943.96814  1338.026367  -4.646022483  8.196867842
1063.192261  1145.723999  -6.32654087  7.767802458
1649.778931  910.374084  -5.221295742  7.365548984
1455.002441  1029.82605  -5.593646732  7.576541371
1601.730347  1080.138184  -5.315430476  7.67938842
1177.328979  922.815369  -6.109091796  7.364238322
1343.256348  1178.826782  -5.807278858  7.846847089
1358.261963  926.478271  -5.773267315  7.380144685
450.449646  1013.723877  -7.431903997  7.495774279
460.459137  1438.828369  -7.441375869  8.275369195
372.747467  573.763245  -7.548279431  6.706041
372.747467  573.763245  -7.548279431  6.706041
1037.129761  1015.417664  -6.369767289  7.526438671
386.890839  341.450989  -7.516184863  6.293108074
228.828278  1372.507446  -7.856361285  8.140451405
519.005798  830.490967  -7.29866279  7.168558454
838.177979  696.795837  -6.719389584  6.941586667
821.491699  35.792931  -6.727364477  5.755998142
568.873108  353.85849  -7.190619243  6.319901707
770.97937  1101.900879  -6.857853721  7.669729119
770.97937  1101.900879  -6.857853721  7.669729119
143.882874  609.750366  -7.955788947  6.760699629
608.851379  906.539063  -7.141383906  7.309168967
631.45105  1079.734863  -7.109405336  7.623216243
631.45105  1079.734863  -7.109405336  7.623216243
616.847839  20.552479  -7.09350855  5.725481176
222.126114  1075.310181  -7.844691442  7.596598388
306.944122  1275.158447  -7.708670272  7.96640306
900.410583  822.693481  -6.611789032  7.170843039
362.345459  1279.579468  -7.608234624  7.975813648
1158.933228  654.288269  -6.134442455  6.875677002
307.692688  16.787146  -7.641542176  5.71558963
233.514816  808.353699  -7.808616928  7.118347165
233.514816  808.353699  -7.808616928  7.118347165
1127.228149  1013.869507  -6.204292515  7.528741842
1019.255798  67.493965  -6.371529265  5.813249573
134.426041  495.845367  -7.970403751  6.559264208
1155.938477  689.692078  -6.141643358  6.938448592
397.541229  725.785706  -7.512292915  6.977475263
577.434204  1094.236328  -7.207708013  7.646834349
300.961975  1418.975708  -7.729207996  8.229449647
614.775635  91.826767  -7.100515456  5.853114239
585.166382  67.167114  -7.151846765  5.809552459
445.484894  1368.57666  -7.462829581  8.141995357
1079.452515  129.2155  -6.263816714  5.924847246
546.183167  430.67569  -7.234178657  6.454864314
931.486633  1051.786621  -6.564139673  7.586656491
1005.401978  1483.477661  -6.446141261  8.395307785
553.129883  1249.368164  -7.260888298  7.929730925
34.05809  370.844086  -8.14134745  6.336838979
1003.563843  777.139221  -6.422616578  7.09171913
1003.563843  777.139221  -6.422616578  7.09171913
277.870392  1143.670898  -7.749290726  7.722421414
331.370544  761.278503  -7.63157731  7.038089474
255.775269  782.255737  -7.767257484  7.072568909
850.904419  842.576904  -6.702097817  7.203987517
1141.826782  603.861938  -6.164942045  6.782464275
1066.900635  810.650635  -6.308249116  7.154916151
540.01825  657.223022  -7.252685408  6.859195751
884.831543  1175.478027  -6.654451458  7.81135119
834.881714  637.467041  -6.723301532  6.835580628
440.926697  775.555481  -7.436912929  7.068100505
440.926697  775.555481  -7.436912929  7.068100505
533.140869  515.598145  -7.259166321  6.606834674
160.387177  1357.040161  -7.977610654  8.107758748
923.93866  767.044434  -6.566899636  7.070448418
306.149384  1144.979126  -7.699031402  7.726512283
813.91925  59.580521  -6.741805283  5.798212782
813.91925  59.580521  -6.741805283  5.798212782
1000.515503  18.956594  -6.404098827  5.725624771
599.628113  800.154114  -7.15374674  7.118867459
302.403687  770.808411  -7.683702608  7.053930411
302.403687  770.808411  -7.683702608  7.053930411
1081.948853  832.292175  -6.281452477  7.195393704
396.42511  1069.963501  -7.532270646  7.595231423
1061.84436  520.824646  -6.307880121  6.629993217
405.033569  1107.564453  -7.51936482  7.663298917
217.414261  1433.263428  -7.881177951  8.251237419
217.414261  1433.263428  -7.881177951  8.251237419
1014.46582  853.382324  -6.40535081  7.229733583
135.663162  1292.277466  -8.016079136  7.986743519
148.157242  1340.88501  -7.995846408  8.07503057
873.195313  658.972595  -6.654924452  6.874837347
607.80896  784.932007  -7.136919966  7.090287134
49.751762  1191.566406  -8.163624151  7.800923368
280.240173  784.165955  -7.723916067  7.076943815
379.234741  828.191406  -7.549639412  7.159697068
516.149414  881.363586  -7.306603683  7.260114405
856.588684  472.487671  -6.678429135  6.538925621
856.588684  472.487671  -6.678429135  6.538925621
629.208557  847.262329  -7.101197447  7.202409471
1021.563049  45.836151  -6.36673233  5.774341303
841.572632  752.005615  -6.715395638  7.040683516
22.18984  1370.03894  -8.224789328  8.122790281
955.256226  307.716187  -6.494727607  6.245419146
583.132202  1336.635742  -7.212780945  8.093124436
38.673748  750.481628  -8.152276303  7.00819162
504.463165  1088.095947  -7.339616238  7.633617951
957.762512  750.014282  -6.50494447  7.041342653
301.073395  342.220276  -7.668479813  6.292146771
301.073395  342.220276  -7.668479813  6.292146771
301.073395  342.220276  -7.668479813  6.292146771
138.003632  618.647339  -7.967438791  6.776791279
588.852722  1110.894775  -7.188348274  7.678498559
588.852722  1110.894775  -7.188348274  7.678498559
878.18573  93.02372  -6.627365822  5.858086121
415.563263  289.13324  -7.462523585  6.200605899
415.563263  289.13324  -7.462523585  6.200605899
330.955658  838.178406  -7.635872252  7.175260017
440.581573  405.886963  -7.421339139  6.409004942
281.236481  260.169434  -7.700884377  6.145699167
1148.609863  749.259399  -6.156585157  7.04689626
493.201721  740.556763  -7.341143218  7.006885599
329.399872  1047.944946  -7.651014048  7.551920038
329.399872  1047.944946  -7.651014048  7.551920038
1145.195313  562.322083  -6.157178149  6.708267453
622.159363  647.847168  -7.105151393  6.845363272
237.363571  833.157959  -7.802414011  7.162448276
45.301418  894.012817  -8.149452341  7.26434058
499.992096  847.641479  -7.334055313  7.198907417
343.334564  761.111755  -7.610599592  7.038434073
774.617859  1161.088989  -6.85419877  7.778189613
110.729797  1308.949707  -8.063711495  8.018034108
620.986145  862.169861  -7.117030234  7.229305498
563.202881  849.745972  -7.220397843  7.204904946
965.626343  762.970642  -6.491121656  7.064945743
1032.519653  131.676453  -6.349461562  5.929638277
288.311127  48.886551  -7.677376694  5.772719888
817.700195  605.57251  -6.753104131  6.776737002
572.060608  274.057007  -7.182390354  6.177579725
325.432678  1205.460327  -7.668383815  7.837557151
844.96283  385.929016  -6.696435893  6.383094036
349.940521  1069.249878  -7.615490526  7.591418982
349.940521  1069.249878  -7.615490526  7.591418982
507.012238  780.163879  -7.318220526  7.078297535
507.012238  780.163879  -7.318220526  7.078297535
1037.934204  1280.100708  -6.377991178  8.014936384
1037.934204  1280.100708  -6.377991178  8.014936384
805.772034  1133.723755  -6.796590545  7.730926449
43.479282  881.551758  -8.151874309  7.241900044
42.908108  812.686096  -8.148299357  7.118855513
480.248352  1096.694336  -7.383486648  7.647807974
317.235077  832.65686  -7.660024927  7.164275106
823.963928  1318.808838  -6.772919864  8.07549261
251.689697  75.240967  -7.744370792  5.817708586
43.107914  1129.556152  -8.17113105  7.688543024
339.699371  31.874748  -7.585001937  5.743525922
908.276184  791.359375  -6.596229241  7.114254612
798.995056  882.062317  -6.797625531  7.273224709
257.080322  696.99823  -7.760289578  6.920492723
1152.289429  627.191528  -6.146207297  6.825714833
67.983955  860.194519  -8.106711916  7.204644381
611.041504  894.119202  -7.138623943  7.289272379
377.917053  770.242615  -7.549303417  7.056181891
587.914063  1000.996338  -7.183951333  7.478923904
349.554901  798.877258  -7.600998721  7.106001642
931.534973  296.557434  -6.537290035  6.224604722
324.459717  764.707581  -7.644311139  7.044199186
964.913635  619.581665  -6.487414706  6.806558339
1063.405884  765.285217  -6.313105051  7.072760241
347.056122  748.995605  -7.603112693  7.016890917
809.892761  1195.008789  -6.791966608  7.843309061
858.019043  767.172607  -6.68624103  7.068479279
343.690399  514.679871  -7.597616767  6.599291332
1153.134155  671.891541  -6.146024299  6.906805947
50.760658  758.128052  -8.13098459  7.021882517
31.846157  433.295563  -8.148930348  6.445946844
28.191765  426.574188  -8.15622825  6.43396959
951.37323  627.23761  -6.512226372  6.819862357
822.866455  880.145813  -6.754345114  7.270622656
1045.799316  1373.517334  -6.366875328  8.192508734
50.096924  843.985718  -8.137574501  7.175065097
918.040527  546.682373  -6.569906596  6.674731552
1113.495728  796.381531  -6.22251527  7.131334187
445.138702  896.028381  -7.434294964  7.283403436
380.514069  759.473328  -7.544559481  7.037291845
1139.812622  1229.622314  -6.188027734  7.927374528
1048.701172  789.772278  -6.340835678  7.116574601
838.766724  239.491882  -6.702775808  6.120602997
29.135376  807.800232  -8.172986025  7.110139627
1103.982056  553.042847  -6.232223139  6.690102548
104.200691  298.579742  -8.013710168  6.208755445
438.246796  515.121643  -7.428895037  6.603081015
337.588867  794.01001  -7.622312435  7.096830332
378.274536  676.730957  -7.544519481  6.889378807
505.216156  614.382202  -7.313197594  6.782020405
638.062073  813.382324  -7.083997678  7.142190188
690.731323  246.634491  -6.969175223  6.131334437
697.297974  1349.05542  -7.006488721  8.125326092
277.16806  123.908501  -7.701875364  5.904140143
536.211365  1123.259888  -7.284342982  7.698962659
600.487305  878.215942  -7.154743726  7.257576069
458.272552  1413.216919  -7.443032847  8.225424965
360.757629  22.685049  -7.547649439  5.727351166
169.594162  547.923523  -7.908099589  6.652828419
169.594162  547.923523  -7.908099589  6.652828419
327.124664  1308.573242  -7.674951726  8.029359589
246.509506  1086.719116  -7.801449024  7.617752397
974.507263  896.297668  -6.479801808  7.306039884
362.538727  49.966515  -7.545870463  5.775679888
1161.99585  1156.816895  -6.144629318  7.794095046
917.553772  803.113525  -6.579874462  7.135655736
237.933105  820.150146  -7.801123028  7.139483149
1014.054565  1347.392456  -6.424599551  8.141139591
1014.054565  1347.392456  -6.424599551  8.141139591
367.687531  777.506897  -7.567736169  7.068687082
367.687531  777.506897  -7.567736169  7.068687082
470.589783  827.692261  -7.386140612  7.162287593
940.772217  792.671448  -6.537303034  7.117566969
610.940369  913.253784  -7.137805954  7.32114789
815.051941  1372.413086  -6.792116606  8.17578898
686.422546  1354.569946  -7.026368454  8.134343988
1147.560425  822.429688  -6.160778101  7.180203096
1147.560425  822.429688  -6.160778101  7.180203096
913.385437  445.814972  -6.574920528  6.49287582
413.946411  562.464355  -7.474150428  6.686400585
235.744629  900.227661  -7.809220919  7.282176842
1114.411011  1433.539185  -6.241566014  8.309518124
1146.019775  835.022461  -6.163931058  7.203230377
53.683807  265.675354  -8.101350989  6.150258674
230.330399  1047.484741  -7.828065666  7.546560278
501.460663  806.744263  -7.329365376  7.125690511
612.002991  1164.337402  -7.149485797  7.776942373
612.002991  1164.337402  -7.149485797  7.776942373
918.167847  781.027588  -6.577874488  7.095585923
465.223022  661.566406  -7.387936588  6.865057304
566.720276  748.771667  -7.209087995  7.024077598
571.001526  541.66449  -7.192759215  6.65437318
450.152802  1312.587036  -7.450845742  8.039580512
1138.837891  815.445313  -6.176578888  7.167467739
1138.837891  815.445313  -6.176578888  7.167467739
403.254395  284.166595  -7.484586288  6.191343157
516.370361  794.560791  -7.301981745  7.104475414
516.370361  794.560791  -7.301981745  7.104475414
460.358734  756.054077  -7.401063412  7.033907317
38.929676  641.741028  -8.144467408  6.814657973
1001.973267  626.480286  -6.420399607  6.819762188
516.127625  600.791077  -7.292949866  6.758094125
517.278259  633.974976  -7.292432873  6.817525478
209.072968  803.407776  -7.853176328  7.109313158
55.044815  732.659119  -8.122133709  6.977082861
942.75647  299.830414  -6.517104306  6.230672207
426.093872  660.326965  -7.457905647  6.861974672
928.564209  591.838501  -6.552342832  6.755261165
288.983765  673.083313  -7.702325358  6.87925217
288.983765  673.083313  -7.702325358  6.87925217
614.192688  591.643005  -7.117113232  6.74507096
286.029236  318.816833  -7.694569462  6.249750769
1012.141296  1351.282959  -6.428327501  8.14724429
1097.523926  774.712158  -6.251049886  7.091505479
1101.068359  793.686646  -6.245232964  7.125721198
168.478943  609.881897  -7.914254506  6.762161946
1066.793579  449.263428  -6.296742271  6.502321181
464.696259  106.5625  -7.368937844  5.876651837
475.682312  178.087067  -7.350560091  6.004305278
475.682312  178.087067  -7.350560091  6.004305278
377.770416  748.673706  -7.548730425  7.017668315
95.477386  859.030518  -8.057709576  7.203619579
261.760406  1317.918823  -7.794443118  8.04328198
808.584045  784.746582  -6.77614882  7.098041211
358.338013  811.893066  -7.585944924  7.129499456
234.715622  862.329346  -7.80844493  7.214279636
390.511322  266.596497  -7.506017999  6.160004805
865.646118  927.78479  -6.67879413  7.358466835
50.298115  780.45575  -8.133406557  7.062058958
983.832581  782.375  -6.458724092  7.101292504
499.416138  716.10791  -7.329043381  6.963404816
516.1651  925.085327  -7.308744654  7.338554751
841.009827  774.543823  -6.717315612  7.081033164
555.315918  529.082642  -7.220034848  6.629498516
925.10144  1103.90564  -6.578119485  7.684680774
1051.203979  834.107361  -6.337820719  7.197082857
1051.203979  834.107361  -6.337820719  7.197082857
1003.385803  14.194987  -6.398704899  5.716661218
508.250977  762.871826  -7.315287566  7.047433317
1146.582397  110.680191  -6.140639372  5.890840194
841.127441  1203.153076  -6.735493368  7.860268241
575.956909  783.283447  -7.194227195  7.08610197
278.844513  761.807495  -7.72519805  7.036953391
278.844513  761.807495  -7.72519805  7.036953391
364.390778  822.331848  -7.575680062  7.148465601
490.339111  838.382629  -7.350964086  7.18202779
322.756927  1077.496216  -7.663877875  7.604678052
360.912537  1440.007202  -7.621307448  8.269696434
401.164307  575.522888  -7.498043107  6.709607027
1057.491333  795.078308  -6.324985891  7.127357135
1058.743408  821.252014  -6.323549911  7.173913648
427.623627  156.34491  -7.435611947  5.9647203
671.728149  88.539307  -6.998340831  5.847690684
947.47052  1123.056274  -6.537991025  7.72040032
374.087555  1124.265625  -7.57660205  7.69320351
278.285614  829.256592  -7.728926  7.156663524
319.636383  274.436798  -7.632934292  6.172101646
1097.0177  314.979401  -6.237533068  6.260431011
953.622803  785.947571  -6.513774351  7.106380375
290.680664  565.075806  -7.694544463  6.686912979
974.360657  294.274506  -6.459729078  6.22137524
934.761536  782.90332  -6.547894892  7.099539526
540.316101  813.691101  -7.259796313  7.139611342
142.5867  1329.134521  -8.007560251  8.055825794
316.434357  760.00061  -7.658946942  7.035634857
316.434357  760.00061  -7.658946942  7.035634857
358.291443  146.654099  -7.559895274  5.945854223
349.03064  761.636719  -7.600285731  7.039558322
349.03064  761.636719  -7.600285731  7.039558322
1018.159485  1415.354492  -6.419711617  8.269293529
334.379669  1028.34668  -7.640684187  7.51668227
867.142395  763.329773  -6.669618254  7.061854205
867.142395  763.329773  -6.669618254  7.061854205
564.446594  839.000854  -7.217579881  7.185899009
539.287537  825.721619  -7.262314279  7.160874242
492.047272  1047.040649  -7.359230975  7.558158162
424.712128  790.05188  -7.466459532  7.093272718
1093.512573  1222.863159  -6.273377586  7.911598588
288.610748  1304.725952  -7.743530803  8.019378546
371.436615  373.496185  -7.543598494  6.34943517
1075.461792  601.244263  -6.285744419  6.776600865
1075.461792  601.244263  -6.285744419  6.776600865
338.085632  762.804321  -7.61967247  7.041079713
801.038391  803.990967  -6.790650625  7.132429952
434.933777  791.798706  -7.448205777  7.096811501
434.933777  791.798706  -7.448205777  7.096811501
409.867004  993.572144  -7.503431034  7.457489595
68.909088  680.285522  -8.093395096  6.883856086
116.177467  983.134521  -8.02912796  7.427175872
575.961609  812.85498  -7.195781174  7.139297618
110.74015  542.72345  -8.013224174  6.641919286
378.685577  790.892883  -7.549031421  7.093147098
646.413208  826.139099  -7.069668871  7.1656061
646.413208  826.139099  -7.069668871  7.1656061
906.599182  456.659332  -6.587503359  6.511851188
854.880859  1368.954102  -6.718723593  8.171088862
532.136658  472.328339  -7.259502316  6.529872282
74.812141  820.678223  -8.09233711  7.134544125
258.921021  770.220093  -7.761060568  7.051168877
106.000893  1307.094849  -8.071050396  8.014120922
1013.252502  923.723083  -6.410204745  7.357379431
232.296463  702.741821  -7.804585982  6.929756114
377.210602  818.485718  -7.552675372  7.141988062
566.63092  772.206543  -7.210712973  7.06650535
331.874084  754.995239  -7.630549324  7.026964209
393.145294  798.821167  -7.523444765  7.107642003
915.15448  442.74881  -6.571591573  6.487230833
448.590881  159.143524  -7.399239436  5.970109491
959.520752  375.109283  -6.489122683  6.366632382
43.360977  792.755493  -8.146260384  7.083357556
1050.532349  815.901733  -6.338394711  7.163716117
394.049011  825.900452  -7.522953771  7.156015509
608.812012  789.692566  -7.135398986  7.098786121
1142.243408  297.295044  -6.153825194  6.228846584
242.390396  842.866943  -7.79508011  7.180683746
310.895874  273.72406  -7.649529068  6.170329342
537.744446  339.919373  -7.245949499  6.294109754
259.140442  784.526367  -7.761378563  7.076620369
940.166443  562.114929  -6.530324128  6.702407692
447.895111  1002.920288  -7.435654946  7.475265405
899.726501  279.301086  -6.594214269  6.193183183
461.114288  1342.165894  -7.432861984  8.094134808
1129.467651  786.668762  -6.193048667  7.113650751
541.018921  770.970825  -7.256550356  7.062988629
894.203979  789.338928  -6.621658899  7.110074837
600.800476  807.421021  -7.150687781  7.130348013
384.854156  784.858276  -7.537477576  7.082363374
357.991943  954.789307  -7.594012815  7.385328891
386.992432  937.123352  -7.541482522  7.355107943
386.992432  937.123352  -7.541482522  7.355107943
581.602417  763.08905  -7.182962346  7.049843546
450.413208  781.467896  -7.420244154  7.078974525
450.413208  781.467896  -7.420244154  7.078974525
547.21051  827.902405  -7.247956472  7.164987431
38.378002  775.105042  -8.154293276  7.051974476
275.455109  821.180786  -7.734032931  7.142689181
607.865234  885.332458  -7.1417929  7.270596865
225.569504  814.321411  -7.823450728  7.1288293
366.894806  774.775635  -7.569367147  7.063556033
617.383728  627.492249  -7.112689292  6.808540728
334.721954  48.346401  -7.593757819  5.772772041
334.721954  48.346401  -7.593757819  5.772772041
23.783764  1176.298706  -8.208836542  7.772056949
465.797577  632.105835  -7.385148626  6.812440741
465.797577  632.105835  -7.385148626  6.812440741
912.67334  1384.146851  -6.613065015  8.201916952
319.304199  268.756744  -7.632944291  6.161896971
286.036438  800.106506  -7.713969201  7.10515086
577.177795  367.09024  -7.176058439  6.343544182
322.323883  91.400162  -7.618450486  5.848408009
87.032448  1087.506592  -8.089478148  7.614254864
909.858154  835.37439  -6.594996258  7.193524365
341.420166  627.465454  -7.606987641  6.799509133
268.978241  754.625549  -7.742432818  7.023768188
987.75116  1423.488403  -6.476328855  8.281205764
487.659637  807.858276  -7.354472039  7.127508528
487.659637  807.858276  -7.354472039  7.127508528
318.572723  45.49086  -7.622770428  5.766980813
383.94046  1358.905273  -7.574676076  8.122627966
281.713348  1070.10022  -7.737574884  7.58937047
1147.534668  407.89035  -6.147913274  6.42886738
945.13678  766.152771  -6.528428154  7.06985678
1159.179932  736.791504  -6.136756424  7.025495416
424.720886  1146.112915  -7.486457263  7.73498615
314.811951  1359.054321  -7.700459383  8.120941249
314.811951  1359.054321  -7.700459383  8.120941249
1147.429932  337.134674  -6.1459743  6.301170483
380.256256  779.159973  -7.545591467  7.072150856
611.228455  25.973352  -7.104039408  5.735370669
394.292938  1061.514893  -7.5357286  7.579635721
962.107117  998.918396  -6.506275452  7.492680732
364.024445  791.086487  -7.575039071  7.093036402
364.024445  791.086487  -7.575039071  7.093036402
826.258728  794.192566  -6.744783243  7.115442203
848.638367  684.371948  -6.700090844  6.919247466
900.44812  7.086458  -6.584639397  5.703985663
75.096329  106.812828  -8.057548578  5.87032209
452.134216  1161.446777  -7.439735891  7.766276025
508.927368  400.591003  -7.299158783  6.401596881
822.125671  765.748779  -6.751133157  7.064523102
62.882309  680.190186  -8.10423295  6.8836693
236.216263  614.927124  -7.793042137  6.77423528
899.99762  350.313049  -6.595961245  6.320699395
974.416443  685.149231  -6.472425907  6.925005164
309.14325  485.667511  -7.658012954  6.546792794
408.33902  270.406494  -7.474405425  6.166839707
406.202545  252.893326  -7.477894378  6.136143104
324.320984  113.588371  -7.616498513  5.88752578
141.182419  1252.943604  -8.004366294  7.91659728
1053.385864  760.472656  -6.331258807  7.063870238
573.697571  769.115845  -7.19754815  7.060602497
432.045898  415.788177  -7.436268938  6.426510842
432.045898  415.788177  -7.436268938  6.426510842
324.43219  55.907906  -7.612386568  5.785833896
504.720764  1216.122681  -7.346259149  7.866073585
1107.373535  1371.564941  -6.252364868  8.194090211
934.298035  607.936401  -6.542514964  6.784174424
1007.933899  651.845032  -6.410408742  6.866120558
1007.933899  651.845032  -6.410408742  6.866120558
750.028442  264.120239  -6.863402646  6.163497875
502.789551  475.846069  -7.311874612  6.534897676
293.551056  806.500305  -7.700973376  7.116984087
569.351563  505.536743  -7.194327193  6.589970865
485.14743  765.414124  -7.357080003  7.051565349
485.14743  765.414124  -7.357080003  7.051565349
763.014099  1356.05835  -6.886416337  8.140808776
299.372162  1261.134033  -7.721051106  7.93957516
772.043701  923.65155  -6.848031853  7.34680256
1146.002441  103.984505  -6.141608359  5.87909713
324.168427  571.666504  -7.634666268  6.699848058
630.346069  810.207947  -7.097498496  7.135830493
324.234467  453.924347  -7.629577337  6.491274855
997.335632  783.455627  -6.434184422  7.10347817
201.293411  1415.973999  -7.908910578  8.218567254
201.293411  1415.973999  -7.908910578  8.218567254
17.995581  1037.949219  -8.208382548  7.521603664
1002.983032  648.535278  -6.419291622  6.859966667
590.880676  595.840271  -7.159087668  6.751428256
1033.544067  454.045074  -6.357444455  6.510166109
333.248718  163.045166  -7.603881683  5.975031355
9.096829  1319.457031  -8.245014055  8.030514321
329.660248  833.846741  -7.638371218  7.167825425
1144.270264  1392.727539  -6.184432783  8.2361902
1105.578125  545.234314  -6.229028182  6.676621556
54.367218  658.035889  -8.118458758  6.843999611
646.108765  317.181488  -7.050862124  6.256138463
979.301575  579.20343  -6.459946075  6.733949987
286.698853  269.456757  -7.691886498  6.162218789
532.94043  1365.74353  -7.304506711  8.142221495
532.94043  1365.74353  -7.304506711  8.142221495
929.513123  636.589722  -6.552166834  6.836001894
946.624207  1419.180542  -6.552106835  8.27000633
343.945557  1320.50769  -7.644748133  8.050676744
343.945557  1320.50769  -7.644748133  8.050676744
536.249329  1375.048828  -7.299191782  8.159271486
868.674133  1100.278931  -6.680676105  7.673179471
340.073059  1159.777832  -7.640051196  7.756319147
1019.803589  902.685181  -6.397471916  7.32017263
397.87088  1066.001953  -7.529193688  7.587623283
853.715149  372.151611  -6.680251111  6.359140545
853.715149  372.151611  -6.680251111  6.359140545
371.317017  132.844421  -7.534434617  5.922297304
398.845093  1034.83606  -7.525941731  7.531687795
857.234497  738.413574  -6.686581026  7.01657194
857.234497  738.413574  -6.686581026  7.01657194
475.488037  807.38739  -7.376422743  7.126299293
443.78775  785.842529  -7.431864997  7.086183397
443.78775  785.842529  -7.431864997  7.086183397
445.043457  259.642426  -7.408777308  6.14881057
25.200346  1162.82373  -8.205875582  7.748195708
21.598078  346.922272  -8.162312168  6.292960365
837.166077  310.297791  -6.708055737  6.247868697
273.217865  899.744263  -7.74232682  7.282859754
975.842896  348.813416  -6.458746091  6.319397947
626.935608  564.211609  -7.093619549  6.696188662
1925.726563  1439.01123  -4.685360954  8.386447462
1972.761719  794.727234  -4.586460285  7.165251333
1050.763794  416.955048  -6.324697895  6.443597942
1564.392334  844.248352  -5.383340562  7.238167542
1027.41687  536.009766  -6.37113827  6.657768802
330.687347  288.30014  -7.61371155  6.196912061
1738.779419  360.045197  -5.035249246  6.347388364
81.212646  521.523254  -8.065013478  6.603318508
265.948273  36.079674  -7.717101159  5.74901572
1398.708496  488.607849  -5.686137488  6.581150415
404.534454  701.306519  -7.500526073  6.935660468
1013.086975  60.713276  -6.382559117  5.801124206
1594.160889  991.26062  -5.325871335  7.514987444
1654.719604  438.052856  -5.201843004  6.490937717
1646.626221  1054.580444  -5.22519269  7.638099785
2160.932129  343.319855  -4.201648463  6.315387154
1964.706177  536.110474  -4.598773119  6.678068415
1934.390625  575.948547  -4.656793338  6.752057629
1948.9104  337.690857  -4.623193791  6.305884869
44.261215  119.577904  -8.112606837  5.892371778
1873.290283  334.270355  -4.771725792  6.299489144
1426.913574  425.412689  -5.63247921  6.465102608
712.678345  240.015213  -6.929565756  6.119406906
1692.839966  391.966278  -5.126237022  6.406416228
1692.839966  391.966278  -5.126237022  6.406416228
1912.755249  734.515381  -4.702995717  7.049569989
1890.055176  1473.984375  -4.751707061  8.458381804
1883.013428  154.767593  -4.749882086  5.964363737
2161.510254  604.439026  -4.201462465  6.812128036
1970.110352  129.32077  -4.575748429  5.915047875
2132.225342  1142.44519  -4.269308552  7.836543205
2132.225342  1142.44519  -4.269308552  7.836543205
2119.343994  279.784973  -4.282651373  6.196364212
1032.341675  357.694611  -6.356557466  6.336459288
1499.806641  1158.261597  -5.511391839  7.818515398
822.252075  581.187927  -6.744801242  6.733600679
1392.552246  1156.360352  -5.713397121  7.809564344
1926.796265  790.951233  -4.677885055  7.156086684
1087.28125  348.037933  -6.256099818  6.319963602
1087.28125  348.037933  -6.256099818  6.319963602
2069.20166  1402.405151  -4.393827877  8.333885229
415.461304  413.896088  -7.466651529  6.422469789
896.331787  476.578186  -6.606496103  6.547486497
1063.485962  337.326233  -6.29755426  6.299956092
1063.485962  337.326233  -6.29755426  6.299956092
2182.749268  101.460907  -4.151284141  5.858495824
908.302795  557.774414  -6.587931353  6.694001487
1551.823853  1440.273071  -5.413772153  8.359788852
1852.228149  820.440735  -4.823364097  7.209201367
1852.228149  820.440735  -4.823364097  7.209201367
2095.732666  161.617905  -4.326608781  5.973514833
2197.575928  509.08075  -4.127731457  6.631292081
1987.981934  573.71167  -4.550147773  6.749174701
2044.838135  442.769745  -4.434794326  6.503224232
2186.950928  735.140381  -4.153453111  7.061347058
1675.362183  1023.186035  -5.172387401  7.577842033
1500.467285  601.201904  -5.485228191  6.793251127
2049.011719  373.782074  -4.424563463  6.373844926
1719.002441  826.322327  -5.084272586  7.213082765
1702.693604  546.917297  -5.109560246  6.693380851
1933.568115  722.230164  -4.662408263  7.026990042
1949.414185  367.060669  -4.622290803  6.3610145
2048.319824  406.832733  -4.425082456  6.435111231
1436.371094  516.533752  -5.617193415  6.63126871
1466.04541  711.332458  -5.566597096  6.989546201
1923.743774  1215.873413  -4.685536952  7.961712386
1015.983704  173.339661  -6.381079136  6.004100179
1981.10437  435.301819  -4.562960601  6.488935693
1459.036987  371.503632  -5.571595029  6.366841729
1931.365112  127.10054  -4.652085402  5.911219691
1607.976074  264.756989  -5.286050871  6.171454901
1607.976074  264.756989  -5.286050871  6.171454901
1558.932617  437.656372  -5.385434534  6.488944071
1461.811401  415.742889  -5.565812107  6.447773403
284.904083  238.613495  -7.69396647  6.107411706
284.904083  238.613495  -7.69396647  6.107411706
1406.136597  1398.035767  -5.69189741  8.266749096
1406.136597  1398.035767  -5.69189741  8.266749096
894.050415  158.941925  -6.600660182  5.976960971
1394.552368  802.40863  -5.701968275  7.153839321
607.065186  728.241577  -7.129758062  6.981729592
1905.823608  769.021362  -4.717971515  7.113513387
1261.688965  454.920715  -5.939887073  6.516377192
1578.409302  689.97467  -5.353679961  6.953480217
1897.611816  67.539856  -4.72206746  5.80203525
1887.769409  624.73645  -4.752666048  6.841415606
1487.806641  1181.944458  -5.533944536  7.863133558
1724.803467  1082.711914  -5.077466678  7.692555851
1504.89856  403.363342  -5.486642172  6.425520894
2101.718994  702.556213  -4.327368771  6.995478059
2101.718994  702.556213  -4.327368771  6.995478059
1216.206177  46.537502  -6.011383111  5.775256142
1337.428955  1377.651978  -5.822319655  8.22018935
1502.365723  592.533997  -5.495590052  6.772213773
1396.628906  774.828125  -5.697739331  7.103119534
1598.922119  475.425781  -5.310094548  6.558935286
2014.616821  749.883606  -4.50132343  7.082580348
924.787292  411.923553  -6.55319982  6.431973432
921.631714  320.991791  -6.556040782  6.268506332
1998.401001  429.751709  -4.525939099  6.479010364
1896.572388  394.535553  -4.728504373  6.412255347
1622.147339  461.096619  -5.263663172  6.533223244
1490.356079  289.59137  -5.511019844  6.217593192
530.529663  134.6064  -7.252947405  5.927505161
1422.572876  718.978027  -5.648535994  7.00153369
1422.572876  718.978027  -5.648535994  7.00153369
1162.560181  687.919128  -6.128959529  6.936563019
2210.795654  734.555603  -4.104334772  7.06089088
1097.338135  126.844887  -6.230981156  5.919990282
850.794189  586.615112  -6.692421947  6.743846832
1128.680176  702.077881  -6.191911682  6.960544533
2134.094482  531.836975  -4.256293728  6.673192855
2134.094482  531.836975  -4.256293728  6.673192855
2134.094482  531.836975  -4.256293728  6.673192855
456.556671  747.602356  -7.406630337  7.017595069
741.907593  254.318253  -6.877320459  6.145719038
1357.601807  1116.946533  -5.778516245  7.733252917
1451.362305  55.776951  -5.576555962  5.789678885
1228.763794  495.958771  -6.001643242  6.590085899
1597.90918  1269.721191  -5.322333383  8.039939656
2114.850098  928.90686  -4.3029051  7.424634979
2114.850098  928.90686  -4.3029051  7.424634979
1683.696167  616.443909  -5.14863472  6.82190207
2120.093018  725.394348  -4.29029127  7.040041679
1260.45813  165.488617  -5.933489159  5.990627327
1260.45813  165.488617  -5.933489159  5.990627327
1336.298828  912.988342  -5.814088766  7.3538307
1458.882935  801.164917  -5.582181886  7.153499719
724.609558  248.876923  -6.908377041  6.134635772
724.609558  248.876923  -6.908377041  6.134635772
2184.395264  667.901184  -4.156058076  6.934221801
2184.395264  667.901184  -4.156058076  6.934221801
2080.727051  516.088501  -4.363979278  6.642654683
2010.733154  573.713562  -4.504895382  6.7501285
1772.214111  562.684753  -4.97472906  6.724671224
912.388367  658.863953  -6.5844374  6.87629404
1981.484863  609.31842  -4.561891615  6.816865907
868.047424  442.911041  -6.656770427  6.486419346
369.967194  538.250793  -7.551366389  6.641898323
1591.320435  538.43634  -5.325267343  6.675378934
1591.320435  538.43634  -5.325267343  6.675378934
1332.001831  836.918884  -5.819971687  7.214589036
1332.001831  836.918884  -5.819971687  7.214589036
1035.237793  90.924049  -6.343273645  5.855592769
1035.237793  90.924049  -6.343273645  5.855592769
1982.130005  748.046143  -4.56895952  7.076565018
1900.939087  679.957703  -4.727536386  6.945983008
463.112518  410.156616  -7.380901683  6.417210483
1026.446777  493.899231  -6.369957286  6.581172018
1542.678467  1193.50293  -5.428920949  7.889428187
1373.208008  817.181396  -5.742590728  7.180106904
2164.240967  1178.254028  -4.202930446  7.907652776
1368.74292  627.835205  -5.746283678  6.833400019
2013.690796  688.345337  -4.502615413  6.966115196
1503.325562  46.525192  -5.478881276  5.772003318
1354.706665  776.667786  -5.776060278  7.105516481
1417.230835  348.054474  -5.648615992  6.323820924
952.508545  19.056709  -6.491034657  5.726245214
1550.893433  439.11792  -5.400446332  6.491597343
1275.162354  695.71698  -5.922019314  6.953790771
1395.463989  319.345551  -5.688326458  6.271156513
870.096313  179.06926  -6.64465359  6.012943808
1740.517578  344.161926  -5.031432297  6.31820663
41.115307  279.99942  -8.125907658  6.175150293
496.28363  532.845398  -7.325438429  6.63589284
2023.718628  1036.47522  -4.487369618  7.625211167
492.545563  56.193321  -7.318402524  5.787145137
59.870743  380.714813  -8.095134072  6.352172301
1455.208618  488.034363  -5.580909904  6.580146055
1536.093262  678.681519  -5.434295876  6.931114503
1617.440918  691.250854  -5.278349975  6.957475988
1887.843872  630.26239  -4.750491078  6.853393532
1157.458496  591.342285  -6.135631439  6.761066039
1194.776978  93.338753  -6.05237156  5.860167222
1328.88855  1430.302612  -5.839961418  8.317589066
2077.046143  491.874084  -4.370051197  6.597271522
1274.537842  457.64624  -5.916130393  6.52137186
1592.778076  707.566895  -5.326751323  6.986417294
1413.259766  93.856422  -5.648505994  5.859893717
1636.180908  810.404968  -5.245470417  7.178273515
1350.098633  397.791382  -5.774576298  6.413698483
1475.678223  834.682556  -5.551330302  7.216106751
1643.715454  585.495361  -5.224804695  6.762817896
1187.470337  1240.141846  -6.099767922  7.951041317
1902.882324  68.652458  -4.709364631  5.803262101
1033.029297  422.492371  -6.357118459  6.453246205
1568.696777  816.316223  -5.374759677  7.186367231
1568.696777  816.316223  -5.374759677  7.186367231
1583.844727  460.266541  -5.337255182  6.531089329
1386.701538  57.857307  -5.696898343  5.794032811
2186.382568  652.468262  -4.153921105  6.903190325
1901.743408  306.284821  -4.714348564  6.247073707
1879.947144  810.688538  -4.769439823  7.191281276
1879.947144  810.688538  -4.769439823  7.191281276
1849.321045  113.151718  -4.815386204  5.887587867
1849.321045  113.151718  -4.815386204  5.887587867
898.092896  580.122009  -6.607161094  6.733789359
1541.899658  370.767731  -5.414620141  6.366282481
1531.43103  251.038803  -5.432875895  6.146895672
2186.29541  1420.89978  -4.153127116  8.384272158
1936.726685  199.862274  -4.64555349  6.047907887
277.766541  32.888721  -7.694959457  5.743982454
1126.643433  574.922546  -6.19129469  6.730592961
2135.208008  818.834473  -4.260178675  7.217769113
1443.240967  727.088074  -5.609708516  7.017145495
2077.304932  1361.576294  -4.376656108  8.257255326
1575.736206  733.883423  -5.359666881  7.034351904
1583.477539  1214.514038  -5.350103009  7.933130833
1583.477539  1214.514038  -5.350103009  7.933130833
1440.298706  766.091125  -5.616008431  7.088759498
1440.847412  1024.369751  -5.620199375  7.565542825
414.010559  398.222931  -7.468163509  6.39467616
1181.109863  341.584625  -6.084403129  6.309608589
2148.178955  857.972229  -4.233196038  7.293665258
1697.493408  272.037262  -5.113082199  6.184074723
1697.493408  272.037262  -5.113082199  6.184074723
603.785583  684.773743  -7.138631943  6.909593764
1214.259155  532.679504  -6.029413868  6.656292824
1911.983032  460.066925  -4.700125755  6.535049157
606.536133  646.460754  -7.132678023  6.842065417
2114.092041  576.477051  -4.298547159  6.75755935
2076.60376  468.629425  -4.369441205  6.553243231
1487.23291  1169.400024  -5.534862523  7.839382057
273.839905  326.702637  -7.715347183  6.263553304
1968.355225  353.213837  -4.584083317  6.334978729
1968.355225  353.213837  -4.584083317  6.334978729
1628.998657  1259.333496  -5.262552187  8.021204337
1782.27002  608.613281  -4.956970299  6.810358667
1656.595703  795.795593  -5.206350944  7.152290979
802.181396  604.406921  -6.780765758  6.773926222
802.181396  604.406921  -6.780765758  6.773926222
284.773804  552.82605  -7.703993335  6.665201246
1540.868408  335.400085  -5.416823111  6.301385272
479.241028  141.541458  -7.344157177  5.938970834
1199.330444  33.968323  -6.041667704  5.75170513
854.98645  453.809723  -6.680736104  6.505674334
894.657288  732.532104  -6.618433943  7.007461433
953.143433  24.356585  -6.489936672  5.735503317
367.857574  300.436157  -7.547530441  6.219532459
881.770142  267.421936  -6.626491834  6.171631765
881.770142  267.421936  -6.626491834  6.171631765
1868.564453  1008.755249  -4.79490648  7.563236147
2208.832275  855.779175  -4.112168667  7.291304663
2208.832275  855.779175  -4.112168667  7.291304663
1074.931396  581.898499  -6.286033415  6.741803429
1877.430664  900.618286  -4.776157732  7.359726049
854.117188  75.803108  -6.670344244  5.827711843
854.117188  75.803108  -6.670344244  5.827711843
2138.608398  577.143921  -4.240057946  6.762527106
1166.259033  443.57254  -6.114603722  6.494197916
2013.212158  198.170715  -4.491877558  6.044088552
1501.353149  513.067566  -5.495411054  6.627015131
1501.353149  513.067566  -5.495411054  6.627015131
1237.066162  461.387878  -5.985235463  6.527869556
1919.752319  830.946106  -4.689536898  7.231801548
1468.278687  24.639526  -5.544226397  5.732532208
1894.96936  452.129028  -4.733611305  6.519939431
1988.399902  1048.374878  -4.558712658  7.645144399
1879.413208  779.164307  -4.770839804  7.131704347
1605.100098  826.479919  -5.305388611  7.206997155
1605.100098  826.479919  -5.305388611  7.206997155
1448.720215  127.403923  -5.58416786  5.92093345
277.996185  89.67746  -7.698314412  5.84389332
2096.49707  222.122971  -4.329159747  6.08742504
1221.126587  1294.240234  -6.038273749  8.055359739
1882.460938  93.793564  -4.750068083  5.850657599
1882.460938  93.793564  -4.750068083  5.850657599
1408.075562  1264.206055  -5.687108475  8.01052817
2093.972412  1202.184082  -4.34606452  7.947993203
2093.972412  1202.184082  -4.34606452  7.947993203
1647.054932  821.477966  -5.225029692  7.199580418
1889.27478  890.535889  -4.753444038  7.340632465
1889.27478  890.535889  -4.753444038  7.340632465
1931.042603  697.393066  -4.669242171  6.978720771
1916.602417  1293.714844  -4.701357739  8.108580683
1131.54248  449.475891  -6.178619861  6.503924891
1839.267822  810.247925  -4.850306734  7.18801285
1839.267822  810.247925  -4.850306734  7.18801285
2135.006104  790.996094  -4.26132266  7.164681591
1490.132446  1076.237427  -5.527814618  7.665012518
24.900278  454.673218  -8.162137171  6.483413749
620.790955  305.212952  -7.096124515  6.234215869
463.367554  169.240494  -7.372599795  5.988361775
1985.489624  605.172363  -4.56079863  6.808005927
886.185608  254.707657  -6.617573954  6.148923691
2100.725586  357.832184  -4.320356865  6.343963458
1700.58313  819.679077  -5.122284075  7.198382164
1698.571777  717.962463  -5.123774055  7.009444908
1698.571777  717.962463  -5.123774055  7.009444908
2012.484375  827.04895  -4.50805834  7.227502701
1900.153442  886.364563  -4.73172733  7.334071388
1255.76416  232.83815  -5.94382302  6.112864189
1384.763672  825.053589  -5.721287015  7.195016885
1926.372803  1359.421387  -4.681096011  8.236855154
1781.866455  591.407288  -4.956279309  6.778197468
1175.845703  365.106049  -6.094783989  6.351983666
1096.499512  567.370483  -6.247707931  6.715648524
703.368835  501.971954  -6.954718418  6.587707322
1508.157471  657.065918  -5.486413175  6.89093442
1986.874756  371.162567  -4.547598808  6.368539453
634.445801  686.54071  -7.084669669  6.914830483
2004.461914  793.421326  -4.523487132  7.163851323
2027.624023  1352.808105  -4.478874732  8.23324965
1923.216431  130.23555  -4.671025147  5.918016309
1902.253174  577.400452  -4.720940475  6.754544551
367.417297  143.730545  -7.545472468  5.940166085
2154.27417  465.218994  -4.214829285  6.547363029
1641.022339  740.11084  -5.234549564  7.048908691
1511.587158  1033.280762  -5.487147165  7.585642083
2023.757446  635.232971  -4.480349713  6.866361992
1389.796265  860.070984  -5.712591132  7.259350694
1661.213135  850.561157  -5.198292052  7.253961142
2033.37854  795.855896  -4.464646924  7.169791207
1950.743286  312.571411  -4.621180818  6.259164444
1531.14563  607.140381  -5.441268783  6.799047337
2099.775879  1432.187134  -4.328686753  8.398725253
2127.019531  776.08136  -4.277957436  7.135361306
1502.85437  120.254463  -5.482376229  5.90723591
913.96283  569.861328  -6.578139485  6.715727151
628.677734  695.503296  -7.095102529  6.930361567
2036.187012  22.442225  -4.441684233  5.712630449
1495.468872  826.441833  -5.513765807  7.201717989
1487.653076  262.624847  -5.515688781  6.168094955
2088.381592  1274.603516  -4.354911401  8.088853831
1038.940186  117.699982  -6.337300726  5.903942649
2002.214966  571.150513  -4.521022165  6.745381589
1484.531006  601.834595  -5.5291626  6.789276215
1926.372314  385.478088  -4.669766164  6.395240059
1338.158447  821.034119  -5.808165846  7.185444226
2065.280029  540.748047  -4.394531867  6.689205234
951.681702  397.400909  -6.50414748  6.406404132
318.688019  37.937489  -7.622418433  5.753816763
318.688019  37.937489  -7.622418433  5.753816763
969.403198  309.904816  -6.468837956  6.249422021
1327.53772  1427.770996  -5.841637395  8.315613821
1678.197876  372.171295  -5.152909663  6.369540186
1678.197876  372.171295  -5.152909663  6.369540186
1381.914185  85.721046  -5.706946208  5.844770327
2152.585449  1441.380981  -4.221580195  8.421199388
1649.055054  762.152649  -5.219302769  7.090411304
1075.199707  108.341988  -6.270644622  5.886666217
2019.856445  352.444763  -4.480742707  6.33355593
1558.397339  1157.050049  -5.398475358  7.821896421
1558.397339  1157.050049  -5.398475358  7.821896421
1275.495605  1271.264282  -5.93640812  8.014684907
301.151917  534.781921  -7.674870727  6.633892612
1375.705566  853.272522  -5.738779779  7.246364169
1584.390381  1174.06604  -5.349158022  7.855350741
1610.936035  130.184341  -5.277042992  5.923790708
1429.880859  688.977905  -5.633726193  6.946951857
1486.686279  732.332642  -5.527970616  7.028555131
1878.414917  1212.138916  -4.77555874  7.95127947
2088.247803  1368.983887  -4.354787402  8.271798327
2088.247803  1368.983887  -4.354787402  8.271798327
1348.947754  1060.734253  -5.794269033  7.626799678
1617.333008  767.900391  -5.281051938  7.098838202
2101.24292  333.79187  -4.319732874  6.29847037
417.220551  414.657166  -7.46287658  6.423905365
1861.009033  100.157341  -4.7934145  5.863451913
1440.646606  778.921143  -5.615979432  7.11216431
1573.038086  155.861694  -5.350554003  5.971521512
1870.944824  819.835815  -4.787211584  7.208132629
1689.633301  691.803711  -5.13970984  6.961019759
1689.633301  691.803711  -5.13970984  6.961019759
1895.245361  262.769348  -4.727965381  6.16586524
1489.50293  629.644409  -5.520580715  6.839335879
83.519135  287.417236  -8.050945667  6.18925581
1217.01416  108.272194  -6.011904104  5.886730842
1894.384155  794.998413  -4.740979206  7.162397561
1435.918335  444.763275  -5.615916432  6.500565475
1512.679688  787.342468  -5.479859263  7.131079463
1474.492065  864.879517  -5.554504259  7.271395503
1403.792236  756.147461  -5.684186514  7.069164689
1977.812622  680.340271  -4.575630431  6.949332899
2027.159912  784.841736  -4.478475738  7.1479846
340.426361  297.102722  -7.596948776  6.21281557
1457.082397  816.614807  -5.585973835  7.181822764
2128.691895  350.133881  -4.265352606  6.329031221
2128.691895  350.133881  -4.265352606  6.329031221
1562.039551  782.070129  -5.386531519  7.122896361
1965.828735  319.699554  -4.588740254  6.272077809
2160.109619  400.121857  -4.203448439  6.42427054
1297.729126  191.653885  -5.865281077  6.038174823
1491.205444  595.281677  -5.516200774  6.77723856
1484.614868  820.995239  -5.534234532  7.191199302
1897.036255  783.593384  -4.735694277  7.140926828
1589.114746  810.971436  -5.335859201  7.177269956
247.833267  49.950054  -7.750539709  5.772874183
1618.754395  806.98822  -5.278923967  7.171270841
1728.71106  1086.072632  -5.069343787  7.700410798
1177.231812  376.656006  -6.092592018  6.372969353
1685.929321  291.535431  -5.135192901  6.220328747
1891.414063  1036.710083  -4.749741088  7.617714602
1891.414063  1036.710083  -4.749741088  7.617714602
1955.46875  612.554993  -4.615618892  6.821669689
325.31424  346.227661  -7.624969399  6.299815894
2116.148926  286.975037  -4.289274284  6.210058572
1430.081787  824.215332  -5.636642154  7.195087683
1626.438599  564.952026  -5.257532255  6.725000773
2191.355225  830.051086  -4.147504191  7.241687588
2191.355225  830.051086  -4.147504191  7.241687588
2047.969604  799.429199  -4.435773312  7.17743157
372.640137  452.86499  -7.543763491  6.490523847
372.640137  452.86499  -7.543763491  6.490523847
626.076721  42.838154  -7.078523752  5.765525997
626.076721  42.838154  -7.078523752  5.765525997
2131.555908  546.967407  -4.26208065  6.701824675
1163.071045  374.944275  -6.11845767  6.36959264
1163.071045  374.944275  -6.11845767  6.36959264
2111.608887  381.565033  -4.299689144  6.388673257
2090.062012  329.299103  -4.34160158  6.290372192
1519.928467  332.316315  -5.456160582  6.295882292
1742.417236  183.764053  -5.024414392  6.020545916
1742.417236  183.764053  -5.024414392  6.020545916
1579.569092  1108.140503  -5.357929904  7.730761391
2092.04126  629.4552  -4.344164545  6.856813439
1600.94104  1083.803467  -5.316784458  7.686402814
1460.971924  690.022034  -5.575595975  6.949740812
546.865967  151.043289  -7.223625799  5.957065366
546.865967  151.043289  -7.223625799  5.957065366
1907.689453  481.187653  -4.709073635  6.574349637
1907.689453  481.187653  -4.709073635  6.574349637
1176.298096  318.046692  -6.092605018  6.266799349
1513.553101  359.831421  -5.469121408  6.345940088
1555.301025  794.223999  -5.399507344  7.14511806
1554.52832  810.067749  -5.401488318  7.174169555
1884.740479  795.953369  -4.760256946  7.163561376
1884.740479  795.953369  -4.760256946  7.163561376
2077.707031  347.503418  -4.366023251  6.324228376
273.309601  239.021469  -7.713932202  6.107369397
2153.768799  540.850464  -4.21594527  6.690994909
1598.751099  1252.68457  -5.321369396  8.006399808
1598.751099  1252.68457  -5.321369396  8.006399808
2126.907471  490.668091  -4.269294553  6.595538117
1442.290649  668.023987  -5.61016351  6.909049537
1095.496338  377.168518  -6.242146006  6.372550119
2050.347412  360.55304  -4.418428546  6.348817187
368.999634  351.444702  -7.54759744  6.31019588
1934.798218  124.351318  -4.647568463  5.906691791
1898.779907  641.952271  -4.729014367  6.875446834
699.808838  487.331909  -6.960867335  6.561503184
699.808838  487.331909  -6.960867335  6.561503184
2158.467041  785.683228  -4.213471304  7.155276538
2083.672363  616.143311  -4.359961333  6.831765693
802.179199  547.885681  -6.779200779  6.672790486
1364.151733  543.004639  -5.752249598  6.678608341
1364.151733  543.004639  -5.752249598  6.678608341
2025.46167  670.63501  -4.479109729  6.932778335
573.413513  736.200928  -7.196393166  7.001488071
1442.675293  740.21875  -5.611090497  7.041336095
1960.002808  179.542358  -4.598214127  6.009305738
2058.431152  1078.86853  -4.417730555  7.708465021
1403.370361  941.214722  -5.689088448  7.409512703
1884.928467  555.845825  -4.754445024  6.713604273
1688.110962  1444.13501  -5.14935671  8.37898173
1362.731812  1041.501709  -5.768063385  7.591944133
1593.849854  498.070496  -5.320110413  6.60053361
1844.490112  623.228699  -4.834965941  6.838732002
2016.473145  427.912445  -4.489777586  6.475670527
2007.811035  350.178375  -4.505731371  6.329305988
1540.907959  31.299219  -5.407515237  5.743249694
1897.220215  652.296509  -4.732657318  6.894352415
729.412964  537.042847  -6.90923703  6.651159886
1428.891968  1202.929077  -5.646264024  7.897744821
1366.977783  1058.872559  -5.760040493  7.625313921
607.415955  262.789154  -7.11878321  6.158146129
2006.414551  762.468323  -4.518817195  7.105308899
1475.739746  824.228333  -5.551008306  7.196826804
2155.768555  815.882507  -4.218650234  7.213174889
1715.205811  818.183838  -5.093299465  7.196688074
1045.692383  427.967285  -6.334345765  6.463347034
979.693115  343.070984  -6.451684186  6.309368361
2145.120361  786.902466  -4.240203944  7.157446384
1367.014648  275.797729  -5.740068762  6.191646805
1587.656372  1381.937622  -5.344221088  8.251518381
924.813354  409.537292  -6.554845798  6.4276912
43.115543  286.148407  -8.122105709  6.186048755
1890.947632  546.54718  -4.742586184  6.696474243
940.491333  617.504944  -6.531794108  6.802082496
2182.940918  33.057785  -4.151646136  5.729683507
2117.69458  1035.515015  -4.292082246  7.635177507
1176.804443  705.818726  -6.103323874  6.969540567
1176.804443  705.818726  -6.103323874  6.969540567
1065.867188  56.904419  -6.286191413  5.794536971
1930.810425  1290.281372  -4.672196131  8.104499269
2170.065674  801.186768  -4.189822622  7.185662755
2170.065674  801.186768  -4.189822622  7.185662755
1446.279785  1203.965454  -5.613182469  7.901412388
1579.938599  662.018372  -5.350374006  6.90196483
836.182983  308.594238  -6.709683715  6.244728314
1791.431641  596.145752  -4.93906954  6.786958811
1377.394897  617.239258  -5.729006911  6.814700368
1886.229614  1038.258423  -4.758076976  7.621840863
1592.251099  282.6297  -5.319479421  6.203875856
1592.251099  282.6297  -5.319479421  6.203875856
1635.501099  793.110291  -5.246544403  7.14642189
1418.831299  828.762695  -5.657631871  7.203472025
2200.339355  457.025391  -4.122575527  6.532155437
1527.752686  831.616882  -5.452801627  7.2127547
1414.861816  782.410645  -5.664174783  7.117990104
1378.959839  76.527618  -5.711663144  5.828124958
2123.699463  426.631805  -4.274969476  6.474431096
1530.431763  323.622986  -5.436118852  6.279731411
1511.272583  1179.835327  -5.488661145  7.861607278
1578.591309  1410.74292  -5.361875851  8.305465521
834.554749  338.390594  -6.713388665  6.298127536
2117.550049  431.562469  -4.28734631  6.483175485
1895.320435  283.155548  -4.72802738  6.204036607
1895.320435  283.155548  -4.72802738  6.204036607
2204.679199  761.396118  -4.117217599  7.111518039
1442.038208  172.187286  -5.598146672  6.002787012
2200.400879  817.728699  -4.126736471  7.219136545
1826.101929  1340.35791  -4.878981349  8.191922231
597.314453  436.804565  -7.142268894  6.468299125
2209.635498  836.58606  -4.110908684  7.255035769
1361.355957  591.298218  -5.759061506  6.766546645
1424.915283  651.375305  -5.640897096  6.877141123
1496.829834  793.273499  -5.510340853  7.140859461
1141.427856  713.712952  -6.168662995  6.982411014
1141.427856  713.712952  -6.168662995  6.982411014
1395.594482  99.162651  -5.681365552  5.869393217
1516.827759  323.029633  -5.462049503  6.278593395
1583.863037  272.58255  -5.333442233  6.185953672
1935.784058  758.866638  -4.658757312  7.095935759
1127.73291  449.453522  -6.185676766  6.503830456
1127.73291  449.453522  -6.185676766  6.503830456
1952.481079  771.708557  -4.625980753  7.120650495
1586.262817  563.828552  -5.334315222  6.721798507
1588.949829  149.900757  -5.320837403  5.960668562
1920.267334  692.347839  -4.686070944  6.971526116
1395.839478  1264.109375  -5.710444161  8.009353169
1256.022705  1318.843384  -5.973802617  8.103543534
857.864319  531.331177  -6.678234138  6.64501232
1502.393433  1354.355103  -5.508006885  8.190622327
1544.497681  381.660461  -5.411041189  6.38614806
1514.51123  611.701111  -5.473084354  6.807611626
1141.181396  740.685852  -6.169890978  7.031478433
487.604004  375.496521  -7.336069286  6.355953285
1536.539795  775.562805  -5.434650872  7.109963892
877.027893  458.475586  -6.641130637  6.514643281
1654.361816  608.914551  -5.204768965  6.806994052
1718.273071  91.729759  -5.070820767  5.850904206
2152.480469  311.736694  -4.217584248  6.256624515
1632.400757  1221.078979  -5.255266285  7.950110928
1551.969971  672.607666  -5.403951285  6.920464131
2177.113525  794.719604  -4.175770811  7.173671621
1604.078857  582.565002  -5.301323666  6.756665195
2120.373291  337.62674  -4.279224419  6.305625292
2078.064697  847.094849  -4.37648511  7.268385111
2039.059326  1103.180176  -4.457359022  7.754163776
1026.616943  54.067997  -6.356798463  5.788454381
1140.122192  359.249481  -6.160177109  6.340954835
1656.352783  298.887177  -5.194148108  6.234174239
1406.623535  526.021362  -5.672404672  6.648659966
1514.585938  379.754913  -5.466078449  6.383180502
879.569275  99.332207  -6.625001854  5.869560997
2153.722168  801.577576  -4.223299171  7.185554886
40.873947  543.646545  -8.137557501  6.641282687
1295.44104  1270.005005  -5.898372632  8.016416514
2217.275635  41.775967  -4.082800062  5.745597311
1170.860596  691.303467  -6.11398773  6.942816689
1631.181274  473.851929  -5.246108409  6.55685101
2106.25708  315.163208  -4.309465012  6.26317447
1545.550781  389.291595  -5.409235214  6.400137292
2024.638672  962.234985  -4.485379645  7.484073795
1015.116272  331.90918  -6.38679006  6.289745708
889.358704  330.171326  -6.614538995  6.284431533
2165.838623  779.99115  -4.198744502  7.144909111
1588.291992  1105.741333  -5.341270128  7.726541391
1238.381226  218.590179  -5.975686591  6.087066708
1238.381226  218.590179  -5.975686591  6.087066708
1645.058472  791.019226  -5.228108651  7.143002951
1231.051636  541.813416  -5.999108276  6.672830006
2095.98999  687.10376  -4.337974628  6.966205214
1338.513672  805.957947  -5.806977862  7.158204171
908.503662  166.819992  -6.575082526  5.991248943
1173.361206  271.476807  -6.096682963  6.182573945
1158.025146  349.177002  -6.126838558  6.322950079
1573.634644  1186.66687  -5.370490735  7.877128081
917.069824  338.494537  -6.564706666  6.29992818
883.892517  336.702759  -6.624203865  6.296067275
1697.589111  783.029236  -5.126993011  7.130357854
552.201416  332.932007  -7.219731852  6.281944145
1455.817261  660.089355  -5.584604854  6.894571725
2077.200928  155.245087  -4.365224262  5.962051673
1919.488037  729.231873  -4.689843894  7.040308828
1940.181396  399.806519  -4.642372532  6.422305293
2234.800781  83.97509  -4.046048557  5.82441682
620.148926  25.280357  -7.087906625  5.734057799
1575.668579  382.366913  -5.351848986  6.38761875
1346.203247  646.659607  -5.789056103  6.866986315
1475.855103  370.664948  -5.540081453  6.365494694
1577.30481  267.035431  -5.345828067  6.175841551
1676.294189  158.890305  -5.151082687  5.975226789
1580.090332  559.643005  -5.347221048  6.713758851
1351.666504  601.162781  -5.777304261  6.784065134
1351.666504  601.162781  -5.777304261  6.784065134
2089.570801  954.280884  -4.354327408  7.472899367
1630.029175  1330.054688  -5.2615942  8.15605044
2050.751221  1072.817993  -4.433416344  7.69652877
2006.277588  955.746094  -4.522114151  7.470581441
1504.934937  638.038391  -5.492043099  6.855384143
1441.979492  1048.580566  -5.618388399  7.610839683
1635.563721  579.364807  -5.241203475  6.75156168
1471.529297  1041.234131  -5.562734148  7.598662592
1708.886719  394.674744  -5.093585461  6.411506553
227.206879  679.741333  -7.811138894  6.888125075
227.206879  679.741333  -7.811138894  6.888125075
1715.436157  811.247559  -5.092817471  7.183836527
1921.80957  340.858673  -4.676932067  6.311829118
1644.683105  1374.220093  -5.234498565  8.240213934
1644.683105  1374.220093  -5.234498565  8.240213934
840.672302  647.523987  -6.712825673  6.852366277
383.337891  143.002716  -7.513636897  5.940202761
1530.261475  781.40332  -5.446473713  7.120984435
1334.120117  829.185486  -5.815958741  7.199862381
1440.991943  438.015778  -5.606721556  6.488217242
1679.758545  798.345703  -5.161435548  7.15796963
1612.373291  609.223755  -5.285967872  6.806245277
1328.90332  1404.425415  -5.838970431  8.270270424
1653.234985  710.945984  -5.210620886  6.995062349
1533.041016  1046.049927  -5.446788708  7.610651517
1960.619995  471.400848  -4.604729039  6.556967971
1581.074341  1168.049194  -5.355699934  7.843295946
1005.046814  314.68042  -6.40461982  6.258565599
1628.919556  797.507324  -5.259083234  7.154571574
835.781006  734.807922  -6.725379504  7.00961152
232.269073  336.754974  -7.790182176  6.280406937
2142.409668  793.944458  -4.246165864  7.170471455
1522.236694  788.737488  -5.461982504  7.133475283
457.991638  644.004272  -7.400083425  6.833520985
2113.810303  570.026123  -4.297944167  6.745401759
2093.085449  563.444031  -4.340034601  6.732384667
1985.972778  158.270752  -4.54666482  5.969679019
1055.554443  124.226952  -6.307296129  5.916111082
1511.009521  426.11145  -5.475253325  6.467145811
1511.009521  426.11145  -5.475253325  6.467145811
1707.51001  184.887482  -5.092086481  6.022931544
1378.113159  671.841003  -5.730165895  6.913596917
550.737183  560.817566  -7.229693718  6.687907146
1341.171143  653.897705  -5.798543975  6.879895233
1212.225586  61.025272  -6.019763998  5.802439085
1212.225586  61.025272  -6.019763998  5.802439085
1443.820313  185.55748  -5.595073713  6.02734215
1162.561646  263.894867  -6.116461697  6.168724172
1196.205933  1244.745728  -6.08354314  7.960402657
1417.072144  294.991211  -5.647764004  6.226981492
1794.924805  553.896423  -4.930486656  6.708407826
1399.17688  620.09967  -5.689589441  6.819954022
1399.17688  620.09967  -5.689350444  6.820294465
2069.581543  436.704651  -4.384458003  6.492666139
1358.627686  665.288696  -5.766850402  6.900763453
901.016663  158.46698  -6.588033352  5.97600106
1888.037842  786.81781  -4.75402503  7.146044619
1971.731445  683.995422  -4.586145289  6.956024252
1549.926025  446.516235  -5.401885312  6.505214701
1660.125488  769.203613  -5.198486049  7.103398776
711.524292  187.929276  -6.929727754  6.026132347
5.413904  621.466675  -8.203699611  6.777855494
1554.063599  249.156036  -5.389174484  6.143049404
1359.123901  885.769714  -5.770480353  7.305818895
1699.114258  817.151367  -5.124500045  7.194079158
1974.022339  413.534698  -4.573713456  6.448318619
1663.148193  128.991592  -5.175831354  5.920259948
617.773438  750.931213  -7.117513227  7.02948385
617.773438  750.931213  -7.116328243  7.028752508
1564.128662  198.476288  -5.369654746  6.050144577
1423.932373  374.543793  -5.636833151  6.372097871
964.737183  684.408569  -6.489792674  6.922744586
1527.77356  363.643829  -5.442651764  6.353012323
1473.041748  639.715088  -5.551854295  6.85790679
1606.043945  771.381714  -5.302809646  7.104785511
1606.043945  771.381714  -5.302809646  7.104785511
1547.104004  639.329651  -5.414147147  6.858542704
1547.104004  639.329651  -5.414147147  6.858542704
1674.278442  470.828918  -5.162340536  6.552237097
1580.286499  543.134338  -5.345301074  6.684073451
1578.596924  1281.198242  -5.360221873  8.059081621
1747.468384  109.875679  -5.014092531  5.883657615
1515.535156  791.485474  -5.474756332  7.13828757
2101.638916  103.942604  -4.314657942  5.864921347
1545.871582  395.801666  -5.408686221  6.412054286
2001.75769  866.017029  -4.53110703  7.300285832
1998.139771  321.257782  -4.523708129  6.274811636
918.892151  570.16394  -6.569164606  6.716407409
1717.835693  106.091995  -5.071247762  5.877270063
904.536743  366.46286  -6.588263349  6.349898797
1472.297974  811.058289  -5.557288221  7.172207173
2108.928467  449.974976  -4.304172083  6.518511603
1002.302979  385.208344  -6.411791723  6.385480316
1623.734863  664.395386  -5.265665145  6.908329907
520.935181  7.947498  -7.264563248  5.702249106
2075.090088  354.953583  -4.371746174  6.338345305
1685.068481  134.9702  -5.13453491  5.931067785
144.661972  557.21405  -7.952668989  6.668241029
1952.130371  351.918518  -4.616774877  6.332479906
901.011108  322.869232  -6.593226282  6.271535359
2171.053711  1324.069946  -4.186903661  8.192475146
1472.02002  538.786316  -5.551217303  6.672834023
2209.353271  817.249084  -4.109232706  7.218436107
963.265442  381.09906  -6.482452772  6.377216117
1448.082886  784.049072  -5.601923621  7.12202349
2011.582886  939.447693  -4.5110333  7.440133264
1089.130005  137.964096  -6.246635946  5.940629515
1341.367676  316.091858  -5.788665108  6.264969566
1996.661743  630.808838  -4.534909978  6.857483355
1173.150024  42.89669  -6.090038053  5.76802959
2094.143555  893.646301  -4.342267571  7.358876828
1116.692139  547.138  -6.208802455  6.679990716
1915.945923  762.704895  -4.697886785  7.102488091
1523.234985  824.642151  -5.461150515  7.199646189
1350.872803  1332.841187  -5.796318005  8.135831986
1706.592163  356.952484  -5.097466409  6.342175427
1707.767822  851.597656  -5.106992281  7.259023351
2065.242676  912.207947  -4.402370762  7.391835327
1699.740234  734.359253  -5.120878094  7.040625266
1637.237305  481.068756  -5.234364567  6.570434756
1540.856079  291.655151  -5.41543713  6.220987323
1358.442017  801.25293  -5.769787362  7.150428718
1536.366211  788.159241  -5.435205864  7.133217219
1448.780151  382.357697  -5.590978768  6.386906095
1545.36853  250.903137  -5.406148255  6.146473385
1417.124146  500.092102  -5.652231944  6.601264468
1459.578369  768.043457  -5.579877917  7.093161421
601.144226  555.244507  -7.139075937  6.679336217
2093.734375  1283.408203  -4.343381556  8.107237989
1365.779663  776.024109  -5.755480555  7.104278371
1105.991333  471.042694  -6.225900225  6.542323607
1105.991333  471.042694  -6.225900225  6.542323607
1446.250122  800.233154  -5.605751569  7.151557393
536.012756  352.89035  -7.249519451  6.316965998
1953.769897  459.088593  -4.616467881  6.533576806
1804.190796  564.063232  -4.912484898  6.727293736
921.66925  349.02475  -6.556657774  6.318759138
1685.796265  696.091614  -5.14718974  6.969107808
1909.045044  603.648499  -4.708035649  6.803801636
982.636047  617.859314  -6.45516714  6.804006205
1031.35022  181.268463  -6.352968515  6.018437142
1613.834717  665.075073  -5.284580891  6.908902821
1488.726929  179.970337  -5.510672849  6.016870223
1488.726929  179.970337  -5.510672849  6.016870223
528.488953  638.936768  -7.272146146  6.826156186
2102.089844  1167.747559  -4.329800738  7.882184529
1666.890747  1110.966064  -5.189242174  7.742672471
1903.157837  734.111267  -4.723148446  7.047994091
569.126343  350.185028  -7.189758255  6.313232272
1449.752075  374.778229  -5.588699799  6.37262514
1377.875366  37.942616  -5.712148138  5.757440706
1478.604736  390.623199  -5.535158519  6.40201959
953.695129  271.739594  -6.496179588  6.18015722
1474.294922  629.710022  -5.54920033  6.839769781
1402.199951  256.817688  -5.674767641  6.15702129
1325.522095  812.754822  -5.831315534  7.170168687
1460.604614  855.407837  -5.580075915  7.253772714
1927.834473  929.103149  -4.677892055  7.415723167
1533.905884  243.917267  -5.427803964  6.133576114
1533.905884  243.917267  -5.427803964  6.133576114
1533.905884  243.917267  -5.427803964  6.133576114
2050.583252  311.525574  -4.419789528  6.256359135
2093.017578  290.453369  -4.335165666  6.216780849
1637.969849  823.149536  -5.242370459  7.202354043
935.858398  142.88266  -6.524672204  5.948496586
935.858398  142.88266  -6.524672204  5.948496586
12.728091  134.666809  -8.165086131  5.918856062
1539.677856  303.722168  -5.419743072  6.243386216
1634.578735  1116.389038  -5.252426324  7.750014626
1420.970947  569.346863  -5.646700018  6.728109658
293.881104  525.431763  -7.686478571  6.616892284
1459.900635  200.689484  -5.565471111  6.054863728
1603.157227  126.289375  -5.291406799  5.916570834
1658.227417  667.242859  -5.199775032  6.914571196
1863.351196  1155.137573  -4.805194342  7.840799453
1469.044312  805.360901  -5.563022144  7.162026905
1003.117493  223.342377  -6.405481808  6.093974076
1600.966187  782.545776  -5.312693513  7.125197416
1677.684082  540.774231  -5.157437602  6.681818173
228.426819  82.552704  -7.786345227  5.830041169
314.461639  529.061646  -7.650804051  6.624091736
1966.772095  1440.533081  -4.602714066  8.394629406
355.54184  170.855026  -7.564062218  5.989179399
1106.555786  381.89502  -6.222162275  6.381343782
1613.018433  1220.799316  -5.293056777  7.947172463
2206.969727  589.702332  -4.109285706  6.784839202
2206.969727  589.702332  -4.109285706  6.784839202
569.306213  120.937607  -7.182806348  5.903799375
1048.574585  349.010437  -6.326842866  6.321073327
1665.928955  573.896423  -5.181414279  6.742699887
1934.466675  490.536774  -4.654557368  6.592449681
1146.172241  347.544434  -6.149219256  6.319849719
1939.75061  1170.188477  -4.653241386  7.876008145
1593.598511  1246.896362  -5.330907268  7.995387666
1548.796875  790.350952  -5.41170318  7.137715351
1487.282104  832.351257  -5.529503595  7.212036458
1421.634399  1092.855835  -5.657830868  7.691700994
2151.953125  770.210022  -4.226946122  7.125923728
1354.712891  48.635532  -5.755538554  5.777200989
702.442749  582.717957  -6.959358355  6.731964238
2179.322021  696.244141  -4.169051901  6.986535311
1525.662354  329.098816  -5.445042732  6.289804375
1504.552856  1130.180786  -5.501323974  7.76700027
1504.552856  1130.180786  -5.501323974  7.76700027
1530.817139  148.595078  -5.430032934  5.958691254
1374.873779  306.647278  -5.726312947  6.247935921
1988.582886  182.217865  -4.54148489  6.014041309
906.150208  593.757324  -6.593091284  6.758592388
1941.823364  1436.982422  -4.649475437  8.389144226
1407.113159  824.481628  -5.679601576  7.194876119
1643.969971  1328.087524  -5.234314567  8.153513686
845.200562  265.465576  -6.692042952  6.167666785
1607.21936  253.363037  -5.287768848  6.150537781
1680.07666  131.216476  -5.144372778  5.923822885
445.79068  612.993774  -7.420591149  6.777904349
461.036926  232.3022  -7.378708712  6.100938772
461.036926  232.3022  -7.378708712  6.100938772
826.993774  581.186401  -6.735689365  6.733472773
826.993774  581.186401  -6.735689365  6.733472773
880.038757  451.1091  -6.635419714  6.501418779
2101.578369  328.914185  -4.319070883  6.289311973
2101.578369  328.914185  -4.319017883  6.289208899
363.321869  12.343965  -7.542864504  5.70910629
519.115234  625.225037  -7.288766923  6.801610732
519.115234  625.225037  -7.288766923  6.801610732
1334.389038  1270.307495  -5.825516612  8.018595322
1947.297607  32.308319  -4.619919835  5.733969889
1132.722778  367.978668  -6.173937924  6.356606568
1132.722778  367.978668  -6.173937924  6.356606568
276.915344  6.797568  -7.695547449  5.697889261
1705.609253  427.34668  -5.100767364  6.472137147
486.714783  273.282562  -7.335143299  6.174179978
2053.849609  384.770813  -4.414684596  6.394285135
2029.00415  588.775146  -4.468580871  6.778954411
1413.712158  300.268036  -5.654667911  6.236649349
749.915894  502.090424  -6.871250541  6.589344702
1023.160583  156.327866  -6.366973326  5.973520601
2002.94458  146.957947  -4.511120299  5.947759063
1621.959351  476.730164  -5.264164166  6.561994819
76.332611  630.815002  -8.07749631  6.796602961
76.332611  630.815002  -8.07749631  6.796602961
440.430786  619.100891  -7.430388017  6.788590817
582.505554  162.189621  -7.160609647  5.977801365
582.505554  162.189621  -7.160609647  5.977801365
1717.481201  411.211761  -5.077386679  6.442162618
1377.862183  427.951385  -5.723695982  6.46902444
2151.103516  333.921844  -4.220739206  6.29859084
1784.725342  1014.411133  -4.958114284  7.569499312
1665.235474  1095.857056  -5.192707127  7.713893156
624.260986  114.753029  -7.084010678  5.893801199
1624.97229  546.671875  -5.259917223  6.691293229
1146.991455  127.0755  -6.140492374  5.920645943
31.018385  500.83255  -8.153028293  6.565415567
1991.846191  628.053711  -4.544103855  6.852120755
2032.429321  178.774033  -4.452852083  6.006970416
324.054443  529.440552  -7.633132289  6.624818913
1550.927368  816.776794  -5.408617222  7.186308231
338.39209  558.021362  -7.608833616  6.676203499
375.249939  440.94577  -7.538779559  6.469425422
375.249939  440.94577  -7.538779559  6.469425422
2058.912598  412.780487  -4.404272736  6.447463422
841.323181  661.376465  -6.712668675  6.877895444
1501.58313  165.128891  -5.485894182  5.989694498
1982.790649  497.09082  -4.55934865  6.60567779
1363.550415  584.309387  -5.754636566  6.753906102
7.197979  661.692993  -8.201474641  6.848516827
7.197979  661.692993  -8.201474641  6.848516827
1915.252197  772.300049  -4.699087769  7.120499486
1401.164673  1122.711792  -5.696750345  7.746235866
2162.233398  898.134949  -4.205954405  7.37032275
1413.196533  760.228943  -5.666520752  7.077108155
1701.831055  400.139618  -5.107187278  6.421564867
668.969055  331.445862  -7.010683665  6.282161063
1958.067383  1135.33667  -4.616613879  7.810966872
1397.883423  1117.97937  -5.70305826  7.737200104
1397.883423  1117.97937  -5.70305826  7.737200104
2059.015381  1124.863892  -4.416414573  7.796924731
75.256027  619.163086  -8.079374284  6.775939966
1470.758057  781.514648  -5.559114197  7.118325593
318.673309  118.007202  -7.627058371  5.894893549
1399.323364  1323.489014  -5.705094233  8.120876799
1399.323364  1323.489014  -5.705094233  8.120876799
1726.051147  527.279358  -5.063237869  6.657462105
573.669006  341.97998  -7.180654377  6.298769465
573.669006  341.97998  -7.180654377  6.298769465
584.974854  353.362732  -7.161352637  6.319304645
855.821411  389.443787  -6.676958155  6.390143428
633.100769  716.858459  -7.08834062  6.968790102
455.577393  263.732178  -7.390206558  6.15633902
1699.666992  759.730408  -5.122150077  7.087417219
1507.149048  788.264954  -5.49052012  7.132170632
2080.719727  1185.891479  -4.372935158  7.915338812
1154.161743  323.933075  -6.132756478  6.277163943
563.406738  144.957001  -7.194216195  5.946603652
1107.053223  355.156158  -6.220344299  6.333086766
2167.919922  1315.598633  -4.193623571  8.174994126
2167.919922  1315.598633  -4.193623571  8.174994126
1340.624634  1405.135376  -5.817075726  8.272006018
2129.0625  193.706116  -4.262398645  6.033887289
1737.933105  166.083923  -5.032878278  5.987813919
2152.193848  780.239197  -4.226155133  7.144972171
396.780853  691.238159  -7.51190692  6.915788986
360.192535  131.861984  -7.554384349  5.920136951
896.432373  71.162064  -6.593623277  5.818951462
1525.44043  254.917633  -5.444117744  6.153827408
462.85498  174.308701  -7.374020776  5.997288618
362.065521  169.74472  -7.552538373  5.987361278
1370.863037  613.196838  -5.741777739  6.806712576
1370.863037  613.196838  -5.741777739  6.806712576
22.362123  637.041931  -8.173723015  6.805788317
22.362123  637.041931  -8.173723015  6.805788317
22.362123  637.041931  -8.173723015  6.805788317
930.818359  320.798248  -6.539273008  6.268257859
930.818359  320.798248  -6.539273008  6.268257859
1054.146118  393.76178  -6.318040985  6.401840884
1054.146118  393.76178  -6.318040985  6.401840884
1871.928467  70.925911  -4.770297811  5.808161039
1758.629272  1292.972168  -5.011005572  8.095978564
1758.629272  1292.972168  -5.011005572  8.095978564
959.19574  50.957291  -6.479842808  5.783508416
979.561401  169.991653  -6.446408257  5.997589675
164.997803  559.074463  -7.916624474  6.67241047
164.997803  559.074463  -7.916624474  6.67241047
1986.833862  179.487061  -4.545784832  6.007018528
2035.831787  99.875427  -4.445240185  5.858428779
2187.146973  776.329102  -4.1542641  7.139111887
1728.493652  820.267029  -5.067335814  7.20122612
1704.24707  90.23835  -5.097483409  5.84808115
275.839386  662.843628  -7.724569059  6.860215695
1435.200562  436.959595  -5.617372413  6.485917573
1608.105347  834.493652  -5.300115682  7.221490253
1378.904053  1203.463745  -5.740426757  7.895862417
1378.904053  1203.463745  -5.740426757  7.895862417
521.311218  232.561447  -7.27186715  6.10232283
1790.313354  527.950439  -4.938723545  6.659891068
1652.516357  1305.297852  -5.216605806  8.112885208
2081.570068  568.426758  -4.36311629  6.741685669
