1139.984375  996.129944  -4.282651373  6.196364212
63.316803  1079.282593  -6.256099818  6.319963602
63.316803  1079.282593  -6.256099818  6.319963602
1209.832764  808.451965  -4.151284141  5.858495824
1227.518433  1231.350708  -4.127731457  6.631292081
1216.355469  1463.201538  -4.153453111  7.061347058
1063.435913  1126.217896  -4.425082456  6.435111231
414.982117  1244.699707  -5.617193415  6.63126871
988.723206  1158.797974  -4.562960601  6.488935693
434.102722  1101.871704  -5.571595029  6.366841729
888.645569  1350.921631  -4.752666048  6.841415606
481.345215  1133.596313  -5.486642172  6.425520894
464.170685  1020.235046  -5.511019844  6.217593192
145.427612  1411.858276  -6.128959529  6.936563019
1242.609863  1461.570801  -4.104334772  7.06089088
1214.383667  1395.304932  -4.156058076  6.934221801
1214.383667  1395.304932  -4.156058076  6.934221801
767.010742  1289.593018  -4.97472906  6.724671224
1026.393066  1416.052246  -4.502615413  6.966115196
529.773682  1168.780518  -5.400446332  6.491597343
136.761948  1319.156128  -6.135631439  6.761066039
565.53418  1188.958862  -5.337255182  6.531089329
1214.840088  1378.131836  -4.153921105  6.903190325
1095.251587  1190.864624  -4.369441205  6.553243231
55.579296  1309.139771  -6.286033415  6.741803429
1167.737793  1301.674683  -4.240057946  6.762527106
1023.91217  914.302368  -4.491877558  6.044088552
419.0224  856.685486  -5.58416786  5.92093345
935.534485  1424.234863  -4.669242171  6.978720771
1120.457397  1077.075806  -4.320356865  6.343963458
151.165726  1095.668213  -6.094783989  6.351983666
1037.494141  1361.482544  -4.480349713  6.866361992
474.764648  848.234009  -5.482376229  5.90723591
1014.319458  1296.371704  -4.521022165  6.745381589
465.504791  1331.102051  -5.5291626  6.789276215
350.897308  814.890137  -5.706946208  5.844770327
1120.427734  1052.399658  -4.319732874  6.29847037
1150.338013  1068.497681  -4.265352606  6.329031221
1150.338013  1068.497681  -4.265352606  6.329031221
1185.11731  1120.5271  -4.203448439  6.42427054
1136.48645  1003.798401  -4.289274284  6.210058572
612.652954  1292.57373  -5.257532255  6.725000773
1108.512939  1048.323486  -4.34160158  6.290372192
729.832581  906.036194  -5.024414392  6.020545916
729.832581  906.036194  -5.024414392  6.020545916
909.754456  1206.579102  -4.709073635  6.574349637
909.754456  1206.579102  -4.709073635  6.574349637
489.516724  1089.963135  -5.469121408  6.345940088
71.807861  1107.867432  -6.242146006  6.372550119
343.124329  1271.062988  -5.752249598  6.678608341
343.124329  1271.062988  -5.752249598  6.678608341
964.696472  895.846863  -4.598214127  6.009305738
892.931458  1272.466431  -4.742586184  6.696474243
1208.851196  737.260132  -4.151646136  5.729683507
159.685898  1429.900513  -6.103323874  6.969540567
159.685898  1429.900513  -6.103323874  6.969540567
34.930588  791.795105  -6.286191413  5.794536971
1146.339355  1147.808472  -4.274969476  6.474431096
1139.417847  1152.154053  -4.28734631  6.483175485
895.317749  1004.27301  -4.72802738  6.204036607
895.317749  1004.27301  -4.72802738  6.204036607
412.65744  902.135193  -5.598146672  6.002787012
927.122498  1419.560059  -4.686070944  6.971526116
125.313896  1463.039307  -6.169890978  7.031478433
145.984558  1003.606628  -6.096682963  6.182573945
925.747375  1457.3927  -4.689843894  7.040308828
25.127462  859.216675  -6.307296129  5.916111082
379.582764  1348.019775  -5.689350444  6.820294465
538.775208  926.669983  -5.369654746  6.050144577
564.156616  1271.79895  -5.345301074  6.684073451
957.802307  1073.306519  -4.616774877  6.332479906
59.110825  871.914063  -6.246635946  5.940629515
691.71582  1461.376343  -5.120878094  7.040625266
84.325638  1200.004517  -6.225900225  6.542323607
84.325638  1200.004517  -6.225900225  6.542323607
960.02301  1183.159546  -4.616467881  6.533576806
912.981262  1329.971802  -4.708035649  6.803801636
461.044769  909.283813  -5.510672849  6.016870223
461.044769  909.283813  -5.510672849  6.016870223
347.297211  766.310242  -5.712148138  5.757440706
373.702209  987.451904  -5.674767641  6.15702129
401.394592  1296.924072  -5.646700018  6.728109658
431.548981  930.702759  -5.565471111  6.054863728
666.830017  1267.842285  -5.157437602  6.681818173
1238.326172  1313.576904  -4.109285706  6.784839202
1238.326172  1313.576904  -4.109285706  6.784839202
1207.33313  1423.354736  -4.169051901  6.986535311
501.933594  1058.856934  -5.445042732  6.289804375
661.921997  853.592163  -5.144372778  5.923822885
1120.729858  1047.29895  -4.319017883  6.289208899
1043.108276  1314.200928  -4.468580871  6.778954411
1012.358154  861.082092  -4.511120299  5.947759063
1174.673584  1051.839355  -4.220739206  6.29859084
474.309631  894.069763  -5.485894182  5.989694498
992.0979  1221.964355  -4.55934865  6.60567779
82.628639  1086.397095  -6.220344299  6.333086766
992.983276  893.040527  -4.545784832  6.007018528
1047.79895  810.953186  -4.445240185  5.858428779
686.601074  811.544312  -5.097483409  5.84808115
558.178284  1071.390381  -5.344662082  6.315935348
1439.174805  852.543213  -3.735337737  5.942626919
619.890747  1165.804199  -5.236964532  6.490384565
952.417542  1261.715332  -4.633043658  6.678774793
1699.513062  1486.833374  -3.250146266  7.132244039
905.109131  1426.005615  -4.726404402  6.982381437
2005.262695  947.229614  -2.686446851  6.131705515
2045.723755  1063.556519  -2.609946881  6.346590009
1742.894775  887.134155  -3.178144235  6.012803576
1742.894775  887.134155  -3.178144235  6.012803576
1712.03064  783.175171  -3.235661461  5.822698903
640.839172  1103.576294  -5.195656087  6.378222284
1511.053345  1064.050415  -3.604148503  6.331655458
348.515564  791.624207  -5.710188164  5.802678808
2012.580322  1187.795898  -2.668842088  6.577078693
2012.580322  1187.795898  -2.668842088  6.577078693
1352.088745  1233.658936  -3.899126534  6.638026879
1680.954834  1244.404175  -3.287871759  6.67286253
1465.425659  1262.324707  -3.688714365  6.697116886
874.310364  898.747864  -4.762636914  6.011603619
282.057281  1217.376953  -5.863997094  6.580707762
910.654724  1277.455322  -4.710392617  6.714237981
1095.025513  872.786682  -4.36163331  5.971493765
2215.178467  861.121399  -2.297693082  5.976272813
171.666489  830.505981  -6.037594758  5.869035159
171.666489  830.505981  -6.037594758  5.869035159
1081.675781  1094.307129  -4.391269911  6.37448792
1081.675781  1094.307129  -4.391269911  6.37448792
1639.493408  883.921814  -3.3665657  6.006088913
1644.912354  1419.845215  -3.356773831  6.995630428
882.717407  1319.563721  -4.762443917  6.783180564
1687.975708  1195.522217  -3.276775908  6.580204654
952.506348  860.989441  -4.617928861  5.946836075
1150.801514  1133.837036  -4.266001597  6.449187417
1062.601929  983.894531  -4.423486478  6.172195064
1133.289063  851.894592  -4.291416255  5.934842773
1352.167358  782.118774  -3.893020616  5.812934433
1816.398682  847.809082  -3.043661045  5.942016186
1140.68811  1411.970825  -4.291454254  6.962704112
1113.208374  828.47821  -4.327125774  5.891602666
1044.322876  1358.186646  -4.46790888  6.858560917
1522.37207  832.950317  -3.582099799  5.909498576
440.323212  1092.949585  -5.558978199  6.350039764
605.520569  1188.962524  -5.264796157  6.532931629
1217.796509  1380.975098  -4.148645176  6.908555566
531.838257  1384.510132  -5.411056189  6.892464473
1529.113037  882.829529  -3.574874897  5.998047711
1880.040649  756.871399  -2.927507608  5.777027369
1646.674316  1255.68335  -3.353052881  6.690632836
2070.702881  937.971252  -2.565926473  6.114343589
1146.746582  1304.129028  -4.277959436  6.762784568
1146.746582  1304.129028  -4.277959436  6.762784568
904.87207  1407.227173  -4.726048407  6.946416037
1141.902344  991.334473  -4.27913442  6.187266209
1150.590576  1080.433594  -4.265620602  6.350315779
1150.590576  1080.433594  -4.265620602  6.350315779
1150.590576  1080.433594  -4.265620602  6.350315779
1760.819458  1400.209106  -3.136810791  6.96866147
780.256653  782.259888  -4.927589695  5.798491855
251.084732  1168.144409  -5.915635399  6.487139395
907.421265  1205.136353  -4.713790571  6.570626546
1662.60437  811.179626  -3.324704263  5.873328347
748.837402  1286.583374  -5.007544619  6.718729985
1666.55896  1069.78125  -3.316916368  6.347478559
902.523804  1027.479126  -4.715760545  6.246606487
2223.44043  994.21521  -2.278151345  6.2228128
2223.44043  994.21521  -2.278151345  6.2228128
919.179443  918.142822  -4.681065012  6.048097374
1992.312256  1309.944092  -2.704970602  6.804808419
1683.008667  1234.266968  -3.285602789  6.652544426
975.91217  1074.301636  -4.583910319  6.335170954
975.91217  1074.301636  -4.583910319  6.335170954
1205.644653  1279.625122  -4.168917903  6.720376061
1017.701111  1157.977295  -4.510171311  6.490235179
1155.93042  803.569824  -4.249046825  5.848049957
893.710693  1292.788574  -4.742562184  6.734587507
1227.372314  865.706665  -4.120556554  5.9631135
1624.171509  1183.706421  -3.395626309  6.556096502
1153.140991  1226.8927  -4.26429162  6.621497053
1153.891602  1090.515747  -4.259235688  6.369393571
1444.868652  839.563599  -3.725182874  5.918898389
1605.898193  1303.97876  -3.426639891  6.783065628
851.325806  822.178101  -4.801512391  5.872577991
2080.225342  1142.30896  -2.545280751  6.492358444
1480.188965  1223.560425  -3.661754728  6.625988702
373.536804  1473.100464  -5.709662171  7.055214368
2092.012451  1460.168213  -2.513037185  7.09191129
1754.326782  926.751892  -3.156562525  6.085336629
1754.326782  926.751892  -3.156562525  6.085336629
1558.778687  1333.432373  -3.515411697  6.835608812
679.06543  872.767944  -5.113019199  5.957343457
1757.869141  1382.873901  -3.143808697  6.934093464
1119.471069  1099.263062  -4.32222284  6.384645762
2052.942383  1291.005981  -2.599994015  6.762787749
431.044739  1123.166504  -5.579872917  6.406975799
431.044739  1123.166504  -5.579872917  6.406975799
2041.47522  1080.261841  -2.618383767  6.37692483
1784.456787  1461.634155  -3.092710385  7.084186317
1784.456787  1461.634155  -3.092710385  7.084186317
2121.362305  1063.018188  -2.468377786  6.347644779
1800.120605  784.8479  -3.073970637  5.827125383
995.50238  1190.591919  -4.551814751  6.548623363
1807.144165  829.022949  -3.061644803  5.90765431
588.937378  855.273621  -5.276344002  5.923628145
1574.716064  1161.99292  -3.48692408  6.51444994
1712.900269  890.47345  -3.232857499  6.018494598
1712.900269  890.47345  -3.232857499  6.018494598
1635.154419  1124.853149  -3.375269583  6.447953883
1589.207642  1077.624634  -3.459706446  6.35950213
1137.537231  927.563293  -4.285626333  6.07112545
1186.306885  1227.399902  -4.203141443  6.623793512
987.025635  1039.769653  -4.562229611  6.271884492
693.092712  1045.843384  -5.097804404  6.274040683
2094.157715  1168.13208  -2.515505151  6.543344093
2151.731934  1126.651855  -2.408508591  6.467415699
1038.479126  992.821655  -4.466900894  6.187432785
1735.061646  820.314514  -3.192566041  5.890976615
958.811035  1272.078247  -4.621473814  6.698597591
1460.493042  1175.828979  -3.698426234  6.535760188
2236.901367  1240.703125  -2.242801821  6.684711157
1133.889771  1185.116455  -4.298361161  6.544547729
1892.862305  1248.616455  -2.893223069  6.686484077
1136.689331  789.751221  -4.28360636  5.822281046
1953.365601  835.506042  -2.787809487  5.923701017
1107.195923  1408.845947  -4.353386421  6.955805748
477.923615  872.616455  -5.478118287  5.951432827
1693.670288  902.074829  -3.268031026  6.039554495
2114.984863  1277.282593  -2.473367718  6.748621944
1764.613281  745.130371  -3.139377757  5.754423067
372.994751  980.912964  -5.676557617  6.145307504
1763.851196  1121.934692  -3.136285798  6.44608003
1087.557617  856.912231  -4.374380139  5.941955875
2036.592285  1199.795898  -2.624198689  6.599762398
1533.742798  1190.628052  -3.563115055  6.566198597
2211.035156  916.983276  -2.302689015  6.079932551
2050.178711  1237.179932  -2.59737705  6.670536865
2050.178711  1237.179932  -2.59737705  6.670536865
621.02832  939.630798  -5.223064719  6.078183314
1887.421021  800.528137  -2.912526809  5.857476284
937.795776  1226.247314  -4.658675313  6.612313538
1028.565796  1150.016113  -4.490330578  6.475647589
2148.876221  1150.685547  -2.412882532  6.512461594
577.406921  993.039978  -5.304032629  6.172530184
2216.353516  876.769531  -2.295395113  6.005304246
1229.54834  1099.019409  -4.12159654  6.385706052
664.63739  1432.617188  -5.168880448  6.985362771
1311.601807  847.671204  -3.966845622  5.93130483
1577.318481  1221.776611  -3.482829135  6.623626755
2030.112549  921.234985  -2.641263459  6.08355114
2032.962158  1210.140259  -2.6308036  6.619120927
1154.217896  919.184021  -4.255856733  6.05650456
966.111694  855.443237  -4.594178181  5.935918613
383.707245  828.141541  -5.64883499  5.869755882
2054.578857  927.465759  -2.596806057  6.0948446
589.59082  1310.21167  -5.301081669  6.756699757
1473.053345  1215.889893  -3.675755539  6.610041721
1578.953979  1143.263672  -3.479019186  6.480097949
2094.762451  869.324036  -2.522211061  5.989352873
2026.014648  1288.99353  -2.641906451  6.766831022
1635.947021  1135.832764  -3.373327609  6.468259388
1635.947021  1135.832764  -3.373327609  6.468259388
990.681213  1034.240112  -4.555546701  6.261665849
1439.008179  1047.550049  -3.737192713  6.298513418
2004.239258  1041.108398  -2.688077829  6.304044518
1425.968384  1392.44104  -3.763629357  6.938177356
1696.910522  1124.056763  -3.260633125  6.448131741
944.724792  1122.978394  -4.642272534  6.422331434
2221.549805  1227.71875  -2.2740684  6.658516113
1115.578369  1414.468018  -4.338090627  6.965943626
1092.735962  867.749756  -4.365244261  5.961793678
149.4944  763.552673  -6.074511262  5.747425037
262.183716  1223.794678  -5.898561629  6.589696081
262.183716  1223.794678  -5.898561629  6.589696081
622.171509  1307.162598  -5.24008049  6.751205172
1759.611694  929.3302  -3.147012654  6.089892082
379.582764  1348.019775  -5.689457443  6.821080583
414.574829  1238.077515  -5.617939405  6.618925823
1218.57312  909.104919  -4.13723333  6.041605738
1669.737061  1063.894043  -3.310914448  6.336976487
1460.021118  1139.043213  -3.699219223  6.46730255
1105.675903  1158.263794  -4.349319476  6.49277616
453.807312  1168.583252  -5.540355449  6.490447315
704.919617  902.134155  -5.068929793  6.012616556
134.924332  1028.968018  -6.119790652  6.229069572
1838.024292  832.000854  -3.004781568  5.913187646
1430.827393  882.875671  -3.750957527  5.997323586
1775.397583  1115.181763  -3.115144083  6.434346323
1200.348267  1095.446411  -4.174884823  6.378684042
1679.364868  913.267273  -3.294507669  6.059702446
644.754272  1231.074341  -5.195610088  6.612915036
625.67041  1080.570313  -5.221932734  6.335668854
2202.603516  876.030823  -2.320558775  6.003818928
529.918518  977.93927  -5.388929487  6.143070412
1881.02063  795.118713  -2.925523634  5.846642456
1029.39978  1421.217773  -4.497408483  6.975574095
958.232544  750.452209  -4.605263032  5.74672072
1207.542236  1460.620117  -4.169432896  7.055169247
462.355469  1291.067139  -5.532514555  6.716791815
1103.33374  798.526489  -4.344254544  5.837117869
1754.577393  1421.646973  -3.149039627  7.007971932
1450.460327  1043.455078  -3.715457005  6.291903596
1120.36853  1348.703979  -4.327625768  6.845176821
456.099976  1044.971191  -5.527233626  6.262800518
935.555969  1408.693359  -4.669544167  6.94982717
1646.745605  1080.571411  -3.352789885  6.367259802
772.876953  772.869751  -4.940362523  5.781060806
995.291077  1383.391846  -4.558885656  6.90536377
592.493042  979.046692  -5.275642011  6.147459513
907.65448  1461.460938  -4.722874449  7.048272091
1606.680664  1092.131714  -3.427787876  6.386963716
1638.433105  1278.720093  -3.368281677  6.734060585
1366.29248  1280.105103  -3.872857887  6.726126011
944.833557  1011.673584  -4.638306587  6.219486528
2195.440918  1382.444458  -2.319913783  6.948035538
2195.440918  1382.444458  -2.319913783  6.948035538
341.289185  1067.077881  -5.741256746  6.302740964
1062.723022  784.451782  -4.417465559  5.811058831
1126.868774  1257.430664  -4.313184962  6.675703841
1850.615967  1329.04187  -2.971379017  6.83507541
2037.813721  1089.081787  -2.624675682  6.393724097
1484.635498  1116.456909  -3.653199843  6.42744515
988.874512  1216.122192  -4.565188571  6.5963029
2020.496582  736.028198  -2.666795116  5.742401631
1014.960144  1090.077026  -4.513151271  6.36498227
495.956573  1033.745239  -5.453829614  6.243402716
1139.363037  1082.910278  -4.285887329  6.354752321
1152.839355  1203.595947  -4.263979624  6.578750526
397.968964  1074.394043  -5.636099161  6.316083695
854.305237  1453.538574  -4.820759132  7.030970436
1147.340942  945.224304  -4.268246567  6.103094931
658.48468  1114.921875  -5.16426051  6.399224159
2063.349854  863.025024  -2.585204214  5.975373789
1091.601807  1114.30957  -4.374464137  6.41184141
1136.234009  1166.186035  -4.293746224  6.50874281
722.029724  892.053589  -5.038014209  5.995597646
969.884888  1088.984131  -4.595666161  6.362644354
458.707184  1027.087158  -5.521802699  6.230803661
1131.750854  1319.269775  -4.305857061  6.790491256
1950.519653  1439.467163  -2.780263589  7.048449294
1673.122192  794.135376  -3.307134499  5.841915162
1587.922729  944.979004  -3.462032415  6.116407097
1664.061157  1075.828125  -3.321414307  6.358911184
699.749023  759.286987  -5.071924752  5.754168495
699.749023  759.286987  -5.071924752  5.754168495
1241.975586  1454.675903  -4.104917764  7.048505499
892.14386  1346.005493  -4.747434119  6.833399637
1692.077759  1445.334473  -3.267307035  7.047973197
1692.077759  1445.334473  -3.267307035  7.047973197
809.649353  1279.224609  -4.896332115  6.70790596
1029.156128  1308.030762  -4.494134527  6.767902709
1938.955322  840.77655  -2.813756138  5.933714229
1748.643921  935.789978  -3.167188382  6.101883807
1038.905518  1060.214111  -4.468524872  6.311310068
1038.905518  1060.214111  -4.468524872  6.311310068
1463.604736  1374.121582  -3.6935233  6.905417445
610.335938  1074.422241  -5.248663374  6.322112324
2136.06543  1131.087646  -2.438632186  6.474664085
972.629578  895.724243  -4.58382232  6.009077389
1675.133179  1155.819824  -3.299824598  6.507172466
1774.223877  816.301514  -3.121316  5.883975921
1110.148193  1306.916992  -4.345227531  6.767331056
1110.148193  1306.916992  -4.345227531  6.767331056
876.136475  1425.631104  -4.779466688  6.979828849
317.946045  1323.585327  -5.801655933  6.774532931
943.171997  1398.442139  -4.655265359  6.932485989
306.627991  1052.994141  -5.804285898  6.276363526
306.627991  1052.994141  -5.804285898  6.276363526
989.493652  1349.883789  -4.568337529  6.843789256
989.493652  1349.883789  -4.568337529  6.843789256
1597.786865  957.679871  -3.444055657  6.13957178
445.724579  1192.755005  -5.557049225  6.535186174
1175.52124  1198.686157  -4.222302185  6.569828363
1138.816162  1160.391479  -4.288739291  6.49826108
518.182068  856.188599  -5.404187282  5.922963049
982.976746  1083.681152  -4.571275489  6.35246142
458.75882  891.731506  -5.513734807  5.985134639
476.374634  1130.612915  -5.496128044  6.420635961
569.603516  1127.79248  -5.32551734  6.417891236
1169.14563  850.304871  -4.226181133  5.932610496
617.600281  1184.967163  -5.242076463  6.525614743
540.123535  1364.517456  -5.393969419  6.854351877
1940.997192  1433.13269  -2.792759421  7.040993052
1678.946899  1267.140991  -3.292788692  6.713810341
1532.062378  830.481201  -3.565099028  5.904853668
1573.312988  1440.644775  -3.488716056  7.035005163
1546.149536  880.436523  -3.539109378  5.996692084
2133.686768  926.153931  -2.44796506  6.094822469
1698.629395  1067.165894  -3.25732817  6.343751734
1698.629395  1067.165894  -3.25732817  6.343751734
2191.368896  1316.407959  -2.327768678  6.82496092
1539.991455  1097.833374  -3.55086722  6.395188208
1829.170166  1292.41748  -3.012949458  6.765444915
1829.170166  1292.41748  -3.012949458  6.765444915
2173.233154  877.206116  -2.375956029  6.004917827
2015.517456  909.043518  -2.669677077  6.060714262
1810.998047  1294.461548  -3.045977013  6.769095383
2014.956177  912.527771  -2.669749076  6.067430563
1427.709106  1131.075317  -3.758741423  6.451622542
1453.013184  1365.62561  -3.712951039  6.889498885
1686.139526  1191.630737  -3.279634869  6.575106911
1626.654419  1293.100098  -3.390846373  6.759536759
2002.892212  1181.773071  -2.687768834  6.565385045
1562.207031  919.578979  -3.509368778  6.069076215
1571.579346  1311.89624  -3.492630003  6.793225484
1995.534302  1069.921631  -2.703798618  6.357223747
1649.978271  921.870911  -3.34792795  6.075255897
1405.54248  1356.948975  -3.801150852  6.870704574
2145.729492  1076.280273  -2.422529403  6.372581101
2223.87915  1025.452637  -2.268324478  6.282636933
2071.994629  1151.675049  -2.559608558  6.510593603
1759.70459  869.510925  -3.147607646  5.980928291
1603.169922  1068.667358  -3.433991792  6.343534407
1459.942261  1084.947388  -3.69872523  6.368175432
1803.852173  1104.090942  -3.062248795  6.414016451
1701.887939  1384.89563  -3.248763285  6.936484246
1635.772217  1385.186157  -3.373712603  6.931607312
2182.469971  1360.357666  -2.34247348  6.909935387
1754.921387  1411.55481  -3.14878263  6.988695323
1462.28479  1069.410645  -3.694660285  6.339740424
1622.264771  1009.325989  -3.399301259  6.234776649
1556.427612  1166.396484  -3.520562627  6.522019131
2086.38208  1134.35022  -2.531747933  6.479465808
1633.689697  1399.806274  -3.377321555  6.959225637
1743.68396  1445.645508  -3.170697335  7.052963716
2166.248291  1137.707642  -2.378681993  6.489462353
2061.253174  1171.647827  -2.578597303  6.548316649
2068.703857  1057.960815  -2.567006458  6.33686961
2096.64502  1112.120605  -2.513938173  6.437759756
1547.843506  1185.776001  -3.537074405  6.557041385
1589.627075  1111.740112  -3.461367424  6.420952432
1674.878906  1449.327759  -3.299714599  7.054931731
2012.994263  826.126648  -2.67612299  5.908409328
1273.374512  862.743896  -4.037033678  5.958533995
1647.888916  1061.704102  -3.351031909  6.332165789
2065.810791  1073.231445  -2.572464385  6.364574293
2065.810791  1073.231445  -2.572464385  6.364574293
1743.300903  946.314514  -3.176424258  6.121418672
1809.851807  1100.842529  -3.050938947  6.408964247
1622.160156  1332.325684  -3.398590269  6.83282774
1689.70813  1058.282349  -3.273880947  6.326842928
1999.247192  1116.894409  -2.696154721  6.444127007
1751.285767  1280.162476  -3.157411514  6.740888567
1989.744629  1053.903809  -2.71477647  6.327863977
1705.099121  878.194641  -3.247374303  5.996195661
1793.492065  759.276184  -3.085980475  5.780594533
2217.060791  1211.112793  -2.282706284  6.626967172
1685.852295  1369.995728  -3.279472872  6.905457436
1771.308838  1382.912964  -3.11834404  6.93523914
1513.85022  1408.491455  -3.599787561  6.972489567
1467.920532  809.912903  -3.682518448  5.865917479
2166.234375  1165.904663  -2.379234985  6.541840326
728.520508  528.864258  -5.008434607  5.342115276
57.574184  767.44928  -6.242574  5.751717689
604.74469  571.575378  -5.2318756  5.414458811
420.233673  277.944977  -5.547408354  4.889127728
72.312057  1262.548706  -6.25222487  6.65669897
728.257996  1084.873901  -5.035627241  6.346766967
961.314148  721.978394  -4.599005116  5.695771436
961.314148  721.978394  -4.599005116  5.695771436
552.009216  348.565491  -5.315028481  5.018151233
552.009216  348.565491  -5.315028481  5.018151233
841.850891  446.748932  -4.802739375  5.199150925
531.958313  167.942032  -5.340680136  4.700238595
574.510254  290.180603  -5.272474054  4.915583568
940.251282  1282.364258  -4.656392344  6.716917756
676.502625  665.585266  -5.10927625  5.585186384
535.165955  785.073792  -5.369817744  5.795138776
383.938049  740.287659  -5.642034081  5.710667634
368.512817  524.02655  -5.658360861  5.32351708
368.512817  524.02655  -5.658360861  5.32351708
916.043579  1087.738037  -4.693477845  6.357519554
946.472778  408.137848  -4.614822903  5.133161644
633.901001  358.779877  -5.168616451  5.037878039
448.487305  552.246704  -5.514217801  5.376066437
52.705334  131.784225  -6.194191651  4.620671778
380.5177  238.36853  -5.616195429  4.818126769
380.5177  238.36853  -5.616195429  4.818126769
666.542358  482.093048  -5.116820148  5.257648691
957.363281  844.010742  -4.610200965  5.916245364
1027.462524  848.207275  -4.483026677  5.92460525
430.903839  427.415558  -5.53808648  5.153535257
421.404266  316.729767  -5.547310356  4.957439689
499.053009  1007.077026  -5.445496726  6.193493697
141.057846  66.860779  -6.031426841  4.510570912
992.926514  731.035034  -4.541968883  5.712004794
992.926514  731.035034  -4.541968883  5.712004794
472.506042  377.825378  -5.459678535  5.066421086
1009.040405  366.169769  -4.501859423  5.060727384
532.722534  115.71273  -5.336800188  4.609320277
100.563087  314.558594  -6.127791545  4.942675656
1118.7854  1295.75061  -4.328992749  6.749478941
465.223145  1444.529785  -5.537414489  7.002283298
457.303009  666.398743  -5.504502932  5.579899541
485.684174  655.213989  -5.452705629  5.561091517
388.26059  1465.197754  -5.682731533  7.040695128
890.926514  315.819153  -4.710421617  4.969639336
47.832722  399.734741  -6.230987156  5.091659082
652.17926  339.976196  -5.13601989  5.005583223
504.536774  559.855591  -5.413010163  5.39106778
1059.036743  1164.114624  -4.434845325  6.501419581
72.771561  488.795593  -6.193213664  5.251230868
540.556396  198.842789  -5.327356315  4.754546771
724.221619  652.529968  -5.025200381  5.565066718
529.438782  558.076721  -5.367713772  5.388671191
137.351212  236.052185  -6.052942552  4.805901706
147.559448  707.821411  -6.07388627  5.646310026
552.667908  1135.526367  -5.356885918  6.432166715
484.084015  1093.013062  -5.47934727  6.351521332
339.383453  287.54071  -5.693097394  4.903288815
127.929558  319.865387  -6.078236212  4.952789801
127.929558  319.865387  -6.078236212  4.952789801
375.847229  637.827271  -5.65105396  5.526867992
18.787878  57.75843  -6.248851916  4.491153576
1002.576355  466.557922  -4.516427227  5.239681541
468.240601  1475.070068  -5.533285544  7.058990317
1014.740295  1036.924438  -4.512015287  6.268533869
406.13089  666.401367  -5.598310669  5.578483466
49.329144  673.785706  -6.252418868  5.582884945
491.130005  781.69873  -5.450145663  5.788396221
219.398483  1184.334473  -5.974748604  6.516032876
219.398483  1184.334473  -5.974748604  6.516032876
149.017258  290.085236  -6.037334762  4.901181235
1027.414917  1457.594116  -4.502037421  7.046239356
1027.414917  1457.594116  -4.502037421  7.046239356
878.186523  1447.760376  -4.776451728  7.020219591
528.850037  385.560333  -5.358749893  5.082193506
523.575745  499.990082  -5.375117673  5.284978461
356.887909  863.993591  -5.699454308  5.933342423
606.465088  731.25293  -5.237422525  5.700394379
606.465088  731.25293  -5.237422525  5.700394379
383.401672  1214.613525  -5.673972651  6.574831593
493.033051  171.982254  -5.410132202  4.70620103
941.581482  25.574465  -4.611808944  4.462058371
572.642822  534.138977  -5.289230828  5.346592152
33.482243  848.983643  -6.296613273  5.900653913
485.977142  1058.014526  -5.473265352  6.286549307
619.222778  1082.975586  -5.233191582  6.338129798
1077.852051  1358.790527  -4.406033713  6.863372964
151.032303  362.001801  -6.040068725  5.028028829
211.595215  896.765686  -5.968025695  5.989355766
573.238159  92.80864  -5.264331163  4.570789384
350.041168  1426.247925  -5.749312638  6.966259345
423.281708  490.118042  -5.555377247  5.264793715
140.686859  94.413177  -6.034461801  4.558488367
363.019073  1322.486938  -5.71936604  6.774878553
214.877609  536.404236  -5.93638112  5.340689829
214.877609  536.404236  -5.93638112  5.340689829
909.855042  761.69104  -4.693006851  5.76527301
469.64325  372.830261  -5.464644468  5.057638246
451.027435  435.341614  -5.501784968  5.168138003
180.567123  808.653992  -6.019887997  5.829580594
374.15625  686.131409  -5.657385874  5.613552217
147.888367  781.153015  -6.078758205  5.779286957
425.458679  761.08374  -5.567842079  5.749320132
401.009888  796.605957  -5.614308454  5.812559223
1112.934448  632.340881  -4.322823832  5.538104673
343.548706  835.165344  -5.722053004  5.881028162
343.548706  835.165344  -5.722053004  5.881028162
412.614594  115.676231  -5.549027333  4.606422529
412.614594  115.676231  -5.549027333  4.606422529
105.408188  134.494263  -6.100426913  4.626841972
581.235168  728.585388  -5.283074911  5.695115855
367.279297  42.837593  -5.626301293  4.477132591
905.107605  613.030029  -4.696285807  5.497705823
578.940796  1434.821289  -5.326551326  6.986450683
163.07814  825.545654  -6.052455558  5.859164022
512.01416  1378.914795  -5.446230716  6.879927626
93.021133  13.20071  -6.112946744  4.416091481
355.779114  786.590088  -5.697041341  5.793922931
901.04657  1078.367554  -4.720362483  6.339623235
490.970428  337.701935  -5.424144013  4.996512073
705.385986  1064.976074  -5.076289694  6.309340266
708.93927  357.859253  -5.035512242  5.038616764
708.93927  357.859253  -5.035512242  5.038616764
561.866699  1460.698242  -5.35970888  7.034635389
608.236084  533.867493  -5.224306702  5.347551966
43.283287  407.853729  -6.239939036  5.106364315
683.39856  996.575806  -5.113046199  6.184029979
423.319397  341.186951  -5.54553438  5.000598702
927.094238  1286.897827  -4.680606018  6.72428082
927.094238  1286.897827  -4.680606018  6.72428082
132.503632  1471.633057  -6.156690156  7.046775298
77.077782  1255.241089  -6.242326004  6.643418928
914.04071  1184.978149  -4.700453751  6.534504793
440.561493  444.515198  -5.521878698  5.183882433
46.915081  599.979553  -6.250495894  5.449602708
124.820557  1290.171631  -6.15713415  6.70907491
155.841293  1072.558105  -6.084222131  6.309445544
927.505859  204.962952  -4.641930538  4.775571599
923.134033  233.006241  -4.65069642  4.824528746
626.89917  456.262604  -5.186740207  5.210132902
673.253784  437.723022  -5.10328533  5.178924189
673.253784  437.723022  -5.10328533  5.178924189
431.708038  94.219742  -5.515923778  4.568254776
53.829197  448.184906  -6.224549243  5.177508391
70.81147  464.169891  -6.194461648  5.207225444
465.307556  627.741333  -5.487954154  5.511269548
860.191711  809.652222  -4.784606619  5.85061802
384.953613  111.555145  -5.599800649  4.596640648
897.290405  712.617615  -4.714180566  5.677412732
61.471222  10.056623  -6.16978498  4.409203127
402.266113  1490.058472  -5.65846186  7.087771742
26.217453  275.602051  -6.257306802  4.871621741
942.516235  463.574768  -4.623649784  5.232446419
66.879196  360.302216  -6.193241664  5.022379163
559.313599  1414.410767  -5.361502856  6.948106513
71.731354  1206.738892  -6.247918928  6.552415525
576.836975  275.720703  -5.264999154  4.890381981
203.197662  82.040283  -5.922186311  4.539143256
132.09343  1353.562012  -6.14670929  6.825206212
433.433319  715.06012  -5.5514803  5.667016535
433.433319  715.06012  -5.5514803  5.667016535
716.424866  586.57135  -5.033181274  5.445111114
361.200226  91.827599  -5.640212106  4.562037261
471.687714  615.078735  -5.475876317  5.488686775
724.501587  209.228851  -5.001241704  4.778233766
560.583923  152.343781  -5.289150829  4.674219039
460.403168  993.035645  -5.515368785  6.16784706
905.321289  1303.814575  -4.721129473  6.754722981
172.566605  1141.277954  -6.058336479  6.435935993
924.199341  540.612915  -4.659313304  5.368937968
134.980515  1396.753418  -6.145937301  6.906883016
935.437744  1033.750244  -4.656187347  6.259379116
782.850952  1241.94873  -4.943334483  6.637430674
504.545258  1035.621948  -5.438192824  6.247018107
1038.587402  1432.920776  -4.480599709  6.999616669
400.227417  407.446381  -5.59156576  5.116482035
124.897285  11.348476  -6.056221508  4.413638601
1081.878662  59.361839  -4.364656269  4.523283762
388.768036  408.736877  -5.61239348  5.118644881
388.768036  408.736877  -5.61239348  5.118644881
864.738342  76.718094  -4.749152096  4.549858032
909.038208  694.57605  -4.692217862  5.644756582
49.096615  575.325378  -6.243244991  5.405605566
448.022125  700.66272  -5.523725673  5.64187891
9.705605  43.175884  -6.263090724  4.465578618
505.847382  209.293106  -5.38941848  4.77178326
427.41153  223.995926  -5.530865577  4.794931549
83.749969  1299.302979  -6.232707133  6.723997842
83.749969  1299.302979  -6.232707133  6.723997842
423.173248  841.915405  -5.575794972  5.894177533
523.608093  587.743408  -5.379584613  5.441539998
548.535889  882.467041  -5.350421005  5.970857699
256.332916  541.154785  -5.863009108  5.35070745
551.723694  903.80603  -5.34560807  6.009750604
551.723694  903.80603  -5.34560807  6.009750604
548.000977  268.391907  -5.318364436  4.876612994
669.236023  308.431183  -5.103765324  4.950915511
1055.981201  1490.148315  -4.450271117  7.107316971
627.803711  458.698364  -5.184697235  5.214502341
691.930054  673.741638  -5.081582622  5.600297628
167.302063  59.571552  -5.984336475  4.49887866
912.451843  64.913261  -4.664293237  4.530289955
317.856781  1445.278076  -5.811202805  7.002298715
894.886719  983.325317  -4.727930381  6.165704028
1138.178345  1091.275269  -4.288252297  6.370564128
1040.702271  236.870285  -4.441967229  4.834044505
944.147461  525.573303  -4.623023793  5.342487935
392.371643  1299.345581  -5.6629548  6.731441372
555.961731  436.582581  -5.313164506  5.173265483
628.174438  495.138458  -5.186469211  5.279275629
623.704102  1189.918945  -5.231411606  6.535512654
1092.963013  533.131165  -4.356350381  5.359639649
387.250031  1480.886719  -5.684782506  7.069755659
481.121582  372.222961  -5.443859748  5.05725991
148.317642  30.194397  -6.016735039  4.44737711
694.728088  355.719025  -5.061163897  5.034542878
413.219543  1174.315186  -5.61609943  6.500958331
433.856506  236.033249  -5.521581702  4.815834819
1103.012939  1382.548828  -4.360379327  6.906470608
657.860657  181.11142  -5.11816613  4.727341336
83.667572  519.457886  -6.175637901  5.306345819
956.750671  536.53833  -4.600721093  5.362265544
956.750671  536.53833  -4.600721093  5.362265544
952.733643  657.502319  -4.61205194  5.579049731
1084.769775  690.354919  -4.375083129  5.641729221
128.398392  745.520203  -6.112066756  5.714322908
495.790649  1062.675781  -5.456424579  6.296496304
659.193359  1490.272705  -5.182262268  7.093483779
941.78595  1278.744263  -4.653389384  6.709657193
365.741211  314.21698  -5.646828017  4.951137097
921.99823  214.818466  -4.652018403  4.792741455
599.022705  206.485046  -5.223823708  4.769745133
1027.690308  337.147003  -4.467844881  5.010270313
1111.977295  1154.008789  -4.337709632  6.487265441
595.214111  716.961121  -5.257107261  5.67425005
366.657074  741.04657  -5.675070637  5.712566491
556.344971  499.572388  -5.31588647  5.28504214
908.451416  93.723343  -4.672134132  4.580651529
908.451416  93.723343  -4.672134132  4.580651529
956.522034  1176.906372  -4.622744797  6.522519088
589.002136  338.684875  -5.248632375  5.00159059
681.736206  1046.668945  -5.118387127  6.275238575
378.391113  132.129562  -5.612722475  4.632564085
989.567871  504.16098  -4.540848899  5.305593073
33.224506  369.909515  -6.254035846  5.038516107
892.143372  675.228882  -4.721960462  5.609516768
999.874146  439.232666  -4.520410174  5.190178425
1053.640381  17.771151  -4.413594611  4.45044815
44.982582  1179.029907  -6.296628273  6.502309181
361.352692  1307.870605  -5.721278015  6.747376996
652.903809  538.418091  -5.144344778  5.356770179
37.111134  479.125763  -6.257212803  5.232522716
731.845947  837.817261  -5.017235488  5.896785014
731.845947  837.817261  -5.017235488  5.896785014
680.809387  1400.245117  -5.138105862  6.927093846
256.802917  549.840149  -5.862725111  5.366130821
613.873657  103.198212  -5.193001123  4.58964269
802.869751  1215.170044  -4.905545991  6.588897491
1000.321289  647.983154  -4.526160096  5.563397814
202.76413  503.038666  -5.95646985  5.280612883
522.390259  553.083374  -5.380772597  5.379473812
68.791183  1278.61499  -6.260380761  6.687083288
338.078522  125.87603  -5.684673507  4.620141216
955.65979  638.384155  -4.606225019  5.545044136
1052.321655  694.441895  -4.43375534  5.648008702
392.052368  1259.712769  -5.661326821  6.658907319
358.308655  1385.787109  -5.731401879  6.891388655
605.08667  588.012268  -5.232792588  5.443709256
551.30304  701.52356  -5.335598204  5.645345579
796.748047  1309.498291  -4.920864785  6.762459178
654.164734  751.818359  -5.152796664  5.738885545
967.466553  644.106567  -4.585151302  5.55544189
967.466553  644.106567  -4.585151302  5.55544189
709.691345  237.683685  -5.028116342  4.827844444
108.352768  233.921265  -6.105396846  4.800917106
59.268047  739.362671  -6.238500055  5.70128294
455.141083  140.114761  -5.476237312  4.649363036
1071.579712  686.651123  -4.39881481  5.635141982
522.891235  205.449005  -5.359220887  4.765818933
1064.322998  18.281414  -4.394716865  4.451990295
984.868896  522.333557  -4.549973776  5.337894465
1046.164429  1146.015991  -4.457896015  6.468567581
488.727905  553.808167  -5.441333782  5.379854302
12.261353  898.079651  -6.334105769  5.986619852
703.812317  224.710953  -5.038353204  4.805047777
86.092613  620.592773  -6.180786832  5.488080898
991.413635  550.670715  -4.539077922  5.388421214
408.825165  313.293671  -5.569775053  4.951450947
476.612061  401.854614  -5.454013611  5.109274664
131.727859  588.253418  -6.09317801  5.430733841
792.673523  716.080811  -4.902247036  5.679448919
435.855164  680.752808  -5.544820389  5.605909454
616.236511  1201.662598  -5.24597541  6.557262289
552.322754  645.457336  -5.330165278  5.544767397
282.318939  9.154397  -5.775701282  4.415422846
83.899834  1245.473999  -6.229638174  6.626027369
554.536377  393.383514  -5.313262505  5.096663205
892.587158  343.743042  -4.708594641  5.018876326
889.89386  823.172852  -4.730938341  5.874738782
630.175049  133.014496  -5.165240497  4.642346267
82.582558  76.635147  -6.136131433  4.526119228
451.288422  1100.992432  -5.540151452  6.365668026
1076.732666  142.843079  -4.37577612  4.670024948
787.664429  1227.415039  -4.933960609  6.611454159
715.212463  290.572449  -5.021259434  4.920593319
66.16996  536.85553  -6.209485445  5.336957143
490.565674  753.766174  -5.449427673  5.738041522
150.608078  1048.356689  -6.09175603  6.264720574
150.608078  1048.356689  -6.09175603  6.264720574
150.608078  1048.356689  -6.09175603  6.264720574
62.186794  554.522034  -6.218487324  5.368611047
462.652435  534.876953  -5.487668158  5.345324409
358.94809  261.093597  -5.65621789  4.856705473
27.80406  757.904724  -6.296461275  5.73354281
27.80406  757.904724  -6.296461275  5.73354281
907.770264  1112.254517  -4.709310632  6.401625861
357.925476  817.772156  -5.694417376  5.849858612
482.038757  478.277618  -5.448737682  5.245104723
509.486084  345.128418  -5.391383454  5.01025977
509.486084  345.128418  -5.391383454  5.01025977
979.047241  597.130981  -4.562685605  5.470926989
537.610046  577.586792  -5.35375496  5.423343306
496.855835  323.365936  -5.412174174  4.971753134
415.062958  915.506897  -5.594752717  6.027092728
1035.659058  281.948669  -4.452174092  4.913008968
597.706299  1372.443359  -5.28914083  6.872121268
1026.519775  557.151367  -4.476251768  5.400890316
612.676941  751.673706  -5.22745166  5.736985633
601.131897  1136.491943  -5.269490094  6.436042856
1080.158447  729.085938  -4.384411004  5.710754009
1080.158447  729.085938  -4.384411004  5.710754009
401.749512  480.497223  -5.594260724  5.246656847
219.825302  902.976501  -5.953893885  6.001240511
20.519054  854.763367  -6.315951013  5.908387322
365.69455  1387.671143  -5.718088058  6.895099508
493.078766  901.4552  -5.450962652  6.002841981
320.244507  1391.348999  -5.802209926  6.900514334
320.244507  1391.348999  -5.802209926  6.900514334
614.850098  589.838623  -5.215353822  5.447530924
701.750854  827.570557  -5.071112763  5.877310059
934.797424  1294.468384  -4.666783204  6.738896256
790.694946  1280.416626  -4.930609654  6.7086874
585.201782  331.617554  -5.255093288  4.988915035
611.147217  1410.375366  -5.266384136  6.943052914
623.417908  138.098663  -5.177155336  4.65093116
504.223541  135.675247  -5.388375494  4.643172241
116.419495  88.321686  -6.076756231  4.547443068
797.887878  424.89801  -4.880517328  5.159587447
369.093292  669.220398  -5.665317768  5.582438574
369.093292  669.220398  -5.665317768  5.582438574
425.001099  683.593872  -5.565003118  5.610534788
425.001099  683.593872  -5.565003118  5.610534788
1085.356567  541.404907  -4.370225194  5.374498725
1085.356567  541.404907  -4.370225194  5.374498725
562.366577  1302.137207  -5.349460018  6.739792448
51.260731  220.852493  -6.206615484  4.776074425
538.691711  1025.082764  -5.375544667  6.228828376
538.691711  1025.082764  -5.375544667  6.228828376
553.737  475.71521  -5.319757418  5.242716179
946.83252  486.391571  -4.616755877  5.272644829
1014.423767  770.932556  -4.504435389  5.785312652
667.906006  678.152283  -5.12488604  5.607083618
554.428894  239.091644  -5.304467623  4.82544648
633.11792  1081.68689  -5.208221918  6.336824937
611.627441  842.168091  -5.234703562  5.900919435
84.989418  742.513184  -6.192247677  5.707770262
1115.287964  290.95459  -4.310813994  4.931003242
536.357605  588.414307  -5.356585922  5.442667481
961.598267  1244.189697  -4.615862889  6.646948601
1050.319214  393.02478  -4.429045403  5.109436472
429.596039  85.107918  -5.51874574  4.552382959
672.078613  1479.415894  -5.157622599  7.072860464
472.631195  519.78125  -5.468385418  5.318513928
472.631195  519.78125  -5.468385418  5.318513928
1033.573975  600.839661  -4.46490792  5.479763287
403.8526  321.173035  -5.57895393  4.964575553
800.839417  1290.131592  -4.912488898  6.727210231
359.500244  306.035431  -5.657569872  4.936716543
145.011841  727.68103  -6.080051187  5.682638906
623.380859  609.769226  -5.201362011  5.483326084
605.964722  472.934143  -5.225061692  5.239121862
132.872543  81.978073  -6.048012618  4.536945065
490.658295  570.07373  -5.438869815  5.408931705
571.091797  725.488892  -5.301307666  5.688743915
993.360291  506.002136  -4.534150989  5.308750741
411.598663  544.073425  -5.580523909  5.360351731
550.113953  1024.770264  -5.354570949  6.228243806
654.166016  1400.468262  -5.187032204  6.926276323
1002.828369  549.115723  -4.518518199  5.385907028
914.945801  996.089783  -4.691987865  6.189788162
1056.362183  599.627563  -4.423877473  5.477761974
466.749786  1065.000366  -5.509446865  6.300106581
122.258476  200.492325  -6.076738232  4.742959479
122.258476  200.492325  -6.076738232  4.742959479
592.272034  1129.851563  -5.284729889  6.422897622
592.272034  1129.851563  -5.284729889  6.422897622
960.999146  1023.563782  -4.608997982  6.24034928
960.999146  1023.563782  -4.608997982  6.24034928
390.743042  653.411438  -5.625152308  5.555615325
37.983276  1015.437561  -6.295228292  6.200872158
530.157654  1090.879272  -5.395178403  6.348643304
1038.606934  1485.205566  -4.482179688  7.096828604
463.814453  366.332001  -5.474949329  5.046260748
117.528984  726.48877  -6.130989502  5.679891407
150.161377  252.756378  -6.031747837  4.835422904
150.161377  252.756378  -6.031747837  4.835422904
476.429535  1082.446655  -5.49271309  6.332094309
662.751892  684.005432  -5.134349912  5.617541924
53.265236  232.440201  -6.204102518  4.796697394
697.924072  238.275009  -5.049358056  4.828531479
1025.491089  527.077087  -4.477248754  5.346921217
1120.729858  1047.29895  -4.319021883  6.289323353
32.440277  255.292725  -6.244007981  4.835953732
541.016235  899.048706  -5.36492681  6.00095496
706.836304  1137.132568  -5.077468678  6.442235396
1079.55188  181.889038  -4.371714174  4.738113305
352.473816  743.293091  -5.70307826  5.717069604
1029.847534  423.054962  -4.4663899  5.161990931
1072.313965  317.749237  -4.387910956  4.977049355
126.039101  285.873444  -6.078801204  4.892832432
524.422363  1083.084839  -5.405555263  6.334935205
389.352966  579.879944  -5.623586329  5.423739749
413.906433  651.387329  -5.582797878  5.552541496
533.051086  279.020447  -5.345015078  4.894933855
588.055298  168.04245  -5.241222474  4.702364068
641.176941  248.762543  -5.15084869  4.845129899
448.105865  689.740417  -5.523278679  5.622138422
454.179749  645.274231  -5.509197868  5.542368194
912.086304  564.382507  -4.681899001  5.411062497
895.490723  18.344311  -4.692624856  4.449115213
252.314011  463.071014  -5.863436102  5.211070849
525.922241  150.590149  -5.350789  4.670201911
525.922241  150.590149  -5.350789  4.670201911
480.463074  1390.730103  -5.505420919  6.901945016
545.284668  325.673401  -5.326077333  4.976839585
179.192902  650.948608  -6.011074115  5.544911946
1029.080078  644.911743  -4.474276794  5.558549982
550.272766  328.961884  -5.317293451  4.983128159
780.825684  1256.510742  -4.947614425  6.664428709
1054.000244  1425.67749  -4.451903095  6.985380612
36.470387  1120.377808  -6.307929121  6.394207482
976.111877  642.153687  -4.569522513  5.552266874
1029.290283  484.07431  -4.469161863  5.270658061
134.735336  1376.878418  -6.144369322  6.86927378
931.30072  1242.220947  -4.671199145  6.641888304
1080.650757  324.52951  -4.373244154  4.989481895
406.918793  553.169434  -5.589626786  5.376116478
406.918793  553.169434  -5.589626786  5.376116478
648.638245  430.525055  -5.146573748  5.16528003
469.275818  640.469116  -5.481361243  5.533906246
1142.883545  1056.161499  -4.278840424  6.305803278
323.784332  1386.606567  -5.795030022  6.891423976
626.595459  559.738586  -5.192786126  5.394126178
911.594788  1387.206055  -4.712778585  6.909522985
911.594788  1387.206055  -4.712778585  6.909522985
717.943542  667.815002  -5.034757253  5.590413474
677.471375  1054.357788  -5.126726015  6.289356194
396.474823  393.738159  -5.597116685  5.092089168
308.258453  549.684082  -5.76918237  5.367283505
1736.728394  1068.544922  -3.18668212  6.347220399
1090.553223  668.071899  -4.364030278  5.602013383
1022.491028  494.952423  -4.481777693  5.290322298
1617.231323  328.842072  -3.411231099  5.004570369
1129.834106  317.839142  -4.285616333  4.978297991
1185.86499  699.962891  -4.19290658  5.661854009
1864.155884  310.779724  -2.96228914  4.974010145
642.51123  368.362213  -5.154942635  5.055223963
1841.683716  834.969604  -2.996242683  5.919876636
2188.927002  1096.232178  -2.339325522  6.41161557
1029.276367  208.148911  -4.461574965  4.783360345
1452.053833  82.199249  -3.707608111  4.567933645
2058.28418  1055.068237  -2.586335198  6.331433683
2175.957275  575.392578  -2.381572954  5.452192075
1213.13501  323.307617  -4.136977333  4.989411158
714.45459  212.577698  -5.019060464  4.78388069
1636.153442  268.300049  -3.377358554  4.89704349
1636.153442  268.300049  -3.377358554  4.89704349
1241.972534  1014.903931  -4.097373866  6.232658598
1035.407837  576.717896  -4.46049998  5.436942255
1506.887329  1152.36084  -3.613114382  6.494063757
1650.806641  1247.646729  -3.345235987  6.677020407
1821.011597  1088.497559  -3.030546221  6.385496311
1500.92749  690.264038  -3.621729266  5.650564342
1777.204102  330.682526  -3.120223014  5.009060029
1777.204102  330.682526  -3.120223014  5.009060029
1515.412842  382.584381  -3.594606631  5.099155755
2156.044434  1037.96106  -2.405189636  6.301018113
1466.888916  605.960815  -3.686546394  5.494556741
1615.916504  1102.304199  -3.410582107  6.4057229
1197.883667  1363.562012  -4.184908688  6.877822971
1197.883667  1363.562012  -4.184908688  6.877822971
1232.561035  621.193542  -4.107704727  5.520912174
1582.107666  538.768738  -3.475117239  5.378827664
2206.896973  335.152466  -2.337939541  5.019687528
2206.896973  335.152466  -2.337939541  5.019687528
1507.327515  1096.152466  -3.611532403  6.390317291
1782.721558  272.88559  -3.111810128  4.906442652
1536.611328  319.782593  -3.556392145  4.987483466
703.909973  526.75708  -5.052653012  5.337694872
2088.379395  342.333038  -2.552326656  5.031954891
2088.379395  342.333038  -2.552326656  5.031954891
1565.862183  310.854584  -3.503520857  4.971449174
1565.862183  310.854584  -3.503520857  4.971449174
667.841797  559.029297  -5.119573111  5.394696195
46.310993  496.84436  -6.242708998  5.264705617
46.310993  496.84436  -6.242708998  5.264705617
2023.325073  599.803162  -2.664041153  5.495337039
1243.423218  332.037659  -4.082784062  5.004720302
1243.423218  332.037659  -4.082784062  5.004720302
2043.331421  1099.824097  -2.614611818  6.41322413
1588.132202  616.46344  -3.462825404  5.51863604
1650.070068  929.042542  -3.347644954  6.088393903
2076.01416  861.63855  -2.557628585  5.974708731
1716.69104  223.580444  -3.23056953  4.818379176
1809.848755  568.9198  -3.05735886  5.437633271
1088.294067  45.086155  -4.353049426  4.498677525
1088.294067  45.086155  -4.353049426  4.498677525
1678.963623  786.784607  -3.295304659  5.82938127
2193.379883  420.999786  -2.356888286  5.173276219
1509.459351  535.140625  -3.605801481  5.371694108
1692.990356  1300.656494  -3.265812055  6.777843473
1130.996582  254.023773  -4.28215438  4.865897036
87.541161  252.205963  -6.145787303  4.832151522
1412.734009  1449.617188  -3.788377024  7.045588543
1211.998657  394.026215  -4.139839295  5.114571777
1271.518677  76.398964  -4.028799789  4.556270171
1483.453613  558.39679  -3.652491852  5.411687216
1008.870117  111.984116  -4.495301511  4.614118376
1880.415405  45.517139  -2.938597458  4.505044392
1461.125  55.311291  -3.691347329  4.520804789
1540.747681  104.514877  -3.54936324  4.607973116
1467.428711  117.974968  -3.680269478  4.630719149
1684.426392  366.781372  -3.290275726  5.072647635
1565.987793  97.508385  -3.50402885  4.595631473
2094.4104  541.084534  -2.533230913  5.389821191
767.39679  461.068604  -4.935656586  5.222753624
2051.258789  746.772034  -2.607494914  5.763475859
1533.094727  1189.144043  -3.564134041  6.563649737
1128.060425  599.480347  -4.293893222  5.478441911
624.944641  92.365822  -5.172993392  4.570936672
1143.941284  389.928833  -4.260898666  5.104451593
1143.941284  389.928833  -4.260898666  5.104451593
607.405884  421.776031  -5.220837749  5.148460438
2122.407471  704.776245  -2.47769366  5.68711763
1263.936646  666.432983  -4.051127488  5.602361912
1526.091187  477.696259  -3.576761871  5.268840602
1526.091187  477.696259  -3.576761871  5.268840602
2142.765869  391.864502  -2.447351069  5.121124711
1536.598267  612.744019  -3.557008137  5.510915282
376.942963  676.893616  -5.65175595  5.597138335
1722.069336  354.914856  -3.221289654  5.051676475
1546.987305  1321.297119  -3.538692384  6.809291859
967.549561  135.621552  -4.568741523  4.655377977
1541.720337  64.311859  -3.547370267  4.537129107
1000.038757  451.548615  -4.521222163  5.212100762
1937.432983  586.851929  -2.819931055  5.471349799
1826.093262  213.468231  -3.033151186  4.801063649
1787.78125  1070.241333  -3.0915514  6.351450658
1783.119751  791.52887  -3.105518212  5.838466713
1626.806763  344.678711  -3.394077329  5.032725704
690.55249  526.199219  -5.076412692  5.336317074
2079.182861  1044.026001  -2.547096726  6.311965155
1485.703491  559.463928  -3.649505892  5.414163946
2143.276123  1210.333618  -2.421663414  6.624747383
2109.871826  492.624268  -2.507359261  5.302016917
2113.94043  36.431557  -2.515882146  4.489560086
1638.2677  559.541077  -3.371133638  5.417375938
835.857727  440.846649  -4.814359218  5.189179177
1545.53064  179.485535  -3.53894238  4.739338891
1915.723511  604.76709  -2.863184473  5.502554362
1192.00354  710.777893  -4.180990741  5.681133226
1170.604492  534.317078  -4.216871258  5.36374554
2180.422852  239.995636  -2.389634845  4.850011419
2180.422852  239.995636  -2.389634845  4.850011419
2180.422852  239.995636  -2.389634845  4.850011419
1507.55127  459.848541  -3.609879426  5.236446359
1995.740479  641.098267  -2.714875469  5.569079799
1995.740479  641.098267  -2.714875469  5.569079799
1784.753784  833.442017  -3.100760276  5.916171403
1170.516968  131.649445  -4.209182361  4.6517254
1509.719849  1225.750244  -3.607798454  6.629945281
1509.719849  1225.750244  -3.607798454  6.629945281
2044.822266  58.126732  -2.640755466  4.527670574
2111.616699  508.803772  -2.503321315  5.331390305
764.359009  744.691223  -4.954115338  5.728442461
1264.04126  898.528748  -4.054520443  6.023029491
936.616211  97.950348  -4.6224988  4.588615456
1693.996216  602.881836  -3.26841802  5.496647377
1670.586792  271.137421  -3.314905395  4.902527857
1240.403564  741.392029  -4.093685916  5.738477336
2122.698486  1015.506287  -2.465156829  6.260555988
2015.979614  555.351501  -2.68211091  5.41364718
1971.728394  1297.172119  -2.742565096  6.781726868
611.141663  92.841293  -5.196801072  4.571889039
59.325001  285.627045  -6.198421594  4.890385242
2032.733398  938.01532  -2.63600253  6.114979097
1673.976685  250.117981  -3.308354483  4.865196472
1552.336426  558.174133  -3.528702518  5.413112012
1552.336426  558.174133  -3.528736517  5.413159375
2176.635254  388.352386  -2.387454875  5.115440594
1620.615601  500.962952  -3.404488189  5.31160228
1703.489258  1127.461304  -3.24840929  6.454521378
1174.226074  293.137512  -4.205790407  4.935560819
1174.226074  293.137512  -4.205790407  4.935560819
1553.74707  1407.624023  -3.526259551  6.970690633
1233.325562  519.157776  -4.10376278  5.337818375
1164.860474  41.694057  -4.217148254  4.493942889
1134.922241  151.509674  -4.272930504  4.685996572
2213.174072  407.486969  -2.320356777  5.149628896
2213.174072  407.486969  -2.320356777  5.149628896
1023.789124  605.491577  -4.48202469  5.48736935
2234.539063  274.891174  -2.290593178  4.912675278
1456.652832  28.485174  -3.698772229  4.473906677
1526.983276  884.926636  -3.574103907  6.004560752
1342.287109  476.901794  -3.908223411  5.263912411
2211.47876  667.966797  -2.316831825  5.620824387
1889.569092  64.5793  -2.922329677  4.538826582
1718.468872  546.488831  -3.222566637  5.396570222
1718.468872  546.488831  -3.223292628  5.395508751
1908.314941  64.628929  -2.888727129  4.539140917
1852.747192  19.71965  -2.989322776  4.459934374
1501.694214  1075.084351  -3.621999263  6.351289202
1725.449097  833.147095  -3.210612798  5.913872436
474.53418  121.981522  -5.440869788  4.618303503
2224.8479  1047.940063  -2.274460395  6.322411416
907.887573  663.482605  -4.693160849  5.58885974
425.188568  498.770325  -5.551825295  5.279866018
551.446411  549.549988  -5.327104319  5.373323398
1991.521484  1164.031128  -2.709424542  6.531921946
1133.450073  133.296341  -4.274902477  4.653697678
39.152088  399.807404  -6.245742958  5.091238496
1239.330933  532.568237  -4.09333992  5.36206605
1616.73291  12.715907  -3.412564081  4.446902483
458.545471  349.379456  -5.482748224  5.016267376
1118.071411  258.024445  -4.304511079  4.872651183
1107.443848  170.683701  -4.322157841  4.719422981
989.510071  482.786102  -4.539295919  5.267331
1504.647217  295.501068  -3.613909371  4.944268512
1737.001221  265.779694  -3.194519015  4.893598939
62.451885  569.094788  -6.218456325  5.394711074
1158.323486  112.518089  -4.230311077  4.617823128
1105.647339  207.064957  -4.325641794  4.782818476
1431.081299  1183.900513  -3.7529615  6.549069534
1788.744873  292.148346  -3.101089272  4.940600908
1793.713013  144.184097  -3.091374403  4.67801106
1959.400391  576.965637  -2.782929553  5.452885395
1959.400391  576.965637  -2.782929553  5.452885395
2065.53125  471.835724  -2.590191147  5.264613719
2059.354004  117.266457  -2.613063839  4.631929407
2131.084717  929.13916  -2.454418973  6.099700202
973.251343  131.82048  -4.558768657  4.648387616
1684.454468  394.96701  -3.289020743  5.122542446
1554.282471  1110.499268  -3.524321577  6.419306959
1540.624634  507.10025  -3.549708235  5.321505623
2004.897217  710.981567  -2.696496716  5.696460275
2002.133911  1205.410522  -2.688275827  6.609903706
400.573181  262.717682  -5.581109901  4.86178492
1157.09729  559.184448  -4.241714924  5.408282005
1373.511475  742.65094  -3.853706145  5.742992102
1683.135132  238.051407  -3.292359698  4.84387394
1410.541504  517.482666  -3.785106068  5.337879487
1241.242065  102.321617  -4.083015059  4.601210325
1654.074707  1479.170288  -3.338489077  7.110193617
1155.932739  318.819641  -4.238875962  4.980523792
737.122375  52.716087  -4.972222094  4.504977633
2021.641357  1303.065552  -2.650038341  6.792833297
1697.905151  817.022034  -3.260702124  5.884336854
1559.190674  323.058533  -3.515991689  4.993672815
2028.932495  48.87545  -2.66871109  4.511249565
1134.139526  288.366486  -4.277421443  4.926445244
2000.247681  689.242859  -2.705936589  5.656795476
2231.919922  1223.105713  -2.253007684  6.651354847
1460.313232  273.542755  -3.693329303  4.904258972
1556.746338  163.573883  -3.520821624  4.711829118
1608.277954  393.039215  -3.427341882  5.118798127
1973.642822  1358.081787  -2.738244154  6.895851785
1173.942383  126.654816  -4.202988445  4.643035595
2167.042236  1123.20813  -2.380466969  6.460914759
1576.049316  878.249084  -3.483624125  5.994255363
1522.447388  508.817535  -3.582921788  5.324133761
2177.72583  423.966553  -2.384998908  5.178913635
2188.964355  297.072449  -2.372856071  4.951950502
1572.611328  508.281921  -3.491449019  5.32380432
1250.107056  294.14325  -4.070369229  4.938587897
1364.689087  527.278442  -3.867956953  5.353963506
1399.482788  445.300323  -3.804762803  5.209257114
1740.593994  1488.584229  -3.174369286  7.134716034
1490.295776  540.107483  -3.641202004  5.379565449
1759.914795  1432.351074  -3.138556768  7.029195116
1665.851318  117.424713  -3.324339268  4.630792719
1790.84082  822.951782  -3.091271404  5.895822097
1551.270264  483.215637  -3.530529493  5.278714279
2200.759277  1488.489014  -2.306578963  7.149020044
1053.631958  146.644272  -4.416716569  4.675997137
1271.848389  27.851393  -4.027420807  4.471234327
1243.245605  255.402512  -4.082028072  4.869939932
2084.267334  514.916504  -2.553033646  5.34206934
2230.76001  698.735535  -2.274277397  5.678169876
1792.71582  1353.587402  -3.079125567  6.879792761
1139.501953  419.241425  -4.270420537  5.15779142
2084.188232  15.396231  -2.570981405  4.452777918
1179.647217  1187.128662  -4.214623288  6.548060258
1769.415649  1433.289307  -3.121936991  7.02946582
1769.415649  1433.289307  -3.121936991  7.02946582
39.720745  535.481262  -6.257559799  5.333597212
1946.400757  581.146851  -2.807515222  5.460057937
1737.679932  719.413635  -3.189277085  5.707281349
1203.490601  69.003189  -4.149364166  4.542245013
1805.276245  642.399292  -3.06479076  5.56930026
392.285065  427.745758  -5.607328548  5.152649778
363.901672  520.394653  -5.664848774  5.316376475
1638.478882  390.683136  -3.3739606  5.114610108
1694.251221  166.959335  -3.273014958  4.717902405
1480.270508  348.055603  -3.657986778  5.036963037
1542.540894  919.450317  -3.545597291  6.068115473
1794.373779  583.563721  -3.083901503  5.463199125
1794.373779  583.563721  -3.083901503  5.463199125
173.122528  651.089783  -6.022851957  5.545167139
1252.446533  529.335999  -4.06960324  5.356290685
1832.933228  155.488907  -3.020758353  4.698167341
924.199341  540.612915  -4.659483302  5.369049544
1243.353882  708.469055  -4.088677983  5.677873452
1630.136597  600.562683  -3.386313434  5.490528966
1231.987427  716.730713  -4.109338705  5.693011306
1767.547119  891.340149  -3.132651847  6.020932315
1845.730469  314.326355  -2.994731703  4.982520928
2054.027344  554.423401  -2.608904895  5.413162818
1736.550903  644.164612  -3.19191305  5.570954742
1642.148926  735.91217  -3.363200745  5.73611383
2169.723389  313.845673  -2.405511632  4.981473923
1072.581299  128.570175  -4.381473043  4.646316025
1019.492065  225.542068  -4.479405725  4.813738174
467.189148  380.691315  -5.469879398  5.071745104
1790.207397  793.451965  -3.092197392  5.842587251
46.943562  166.851425  -6.205505499  4.682240761
46.943562  166.851425  -6.205505499  4.682240761
773.602905  468.061096  -4.925285726  5.234713352
457.006927  541.652832  -5.498048019  5.357206979
1008.08197  654.87738  -4.512300283  5.575711364
1893.256714  1230.741699  -2.892135084  6.653950682
1894.08252  788.297241  -2.900242974  5.835300008
356.899048  337.661316  -5.664356781  4.992128439
130.588135  716.169678  -6.10582384  5.661541345
622.476318  399.473755  -5.191201147  5.109842224
1615.441406  483.772461  -3.413639066  5.280733875
1615.441406  483.772461  -3.413639066  5.280733875
1549.219727  374.574646  -3.533699451  5.084917161
368.72934  10.428406  -5.622735341  4.420731128
1789.72876  334.684052  -3.097250324  5.016248218
29.481201  350.355743  -6.253044859  5.003121636
902.575806  316.225891  -4.689800894  4.970489998
518.991516  284.202789  -5.370048741  4.903121766
1816.415039  237.974152  -3.050581952  4.84638063
1691.658691  1488.760986  -3.267079038  7.131417008
1691.658691  1488.760986  -3.267079038  7.131417008
2122.941895  533.490173  -2.481212613  5.375713233
1248.52832  658.718201  -4.078711117  5.588521543
511.322174  508.616699  -5.398038364  5.300026238
156.840012  714.242371  -6.057316493  5.658488308
156.840012  714.242371  -6.057316493  5.658488308
1713.898926  418.766815  -3.234870472  5.165754319
1713.898926  418.766815  -3.234870472  5.165754319
1702.362671  1083.659668  -3.251196252  6.373048622
1702.362671  1083.659668  -3.251196252  6.373048622
428.74585  156.157394  -5.524190667  4.675904308
1786.608521  1060.220703  -3.094191365  6.333155047
679.213501  485.799835  -5.095005442  5.264212969
2189.105469  256.731171  -2.372240079  4.880147336
1701.895874  606.573853  -3.254907202  5.502969055
348.961243  264.431671  -5.66884772  4.863834967
348.961243  264.431671  -5.674337646  4.863006081
1799.984009  153.965866  -3.079823558  4.695461924
684.087952  117.995964  -5.070500772  4.61849638
759.375061  544.256165  -4.954320335  5.370742218
1662.407227  529.520996  -3.327358227  5.363828656
1662.407227  529.520996  -3.327358227  5.363828656
2105.813965  1103.955444  -2.4970294  6.42267182
1358.620728  1277.033569  -3.887155695  6.720321969
2185.377686  354.161865  -2.376023028  5.053688812
1814.44812  706.97644  -3.048113985  5.686176179
1470.062622  857.460388  -3.678972496  5.95259343
1888.251587  772.161987  -2.911184827  5.806016549
609.769714  143.073364  -5.201895004  4.659274136
1701.625122  1497.453003  -3.248808284  7.149474989
2186.660645  323.930725  -2.37519304  4.999643547
91.88559  491.540375  -6.158184136  5.256827797
2021.442261  739.908569  -2.66571313  5.749189708
1521.423706  277.581421  -3.583817776  4.912667272
2129.046387  334.059875  -2.481222613  5.016949497
1244.14502  111.721024  -4.078089125  4.617726629
346.52417  726.715088  -5.711094152  5.686138067
1798.137329  326.191772  -3.082068528  5.001295122
43.771893  241.580978  -6.219181315  4.811564105
1231.072632  92.157097  -4.100841819  4.582991885
1231.072632  92.157097  -4.100841819  4.582991885
366.857178  620.382507  -5.667609737  5.495664246
1739.316772  663.787231  -3.18666112  5.606871297
1293.528076  755.776184  -3.998516196  5.764528998
1368.968506  431.188629  -3.859668064  5.183220028
1572.110229  253.56868  -3.492615004  4.870640024
2031.31311  627.710938  -2.649747345  5.545558979
921.038452  609.974121  -4.667557194  5.492917306
1873.489868  790.148071  -2.93848746  5.838385434
2111.500977  555.608459  -2.501127345  5.416274687
945.240845  19.568945  -4.605356031  4.451527736
2174.933594  670.808838  -2.381923949  5.625650932
2078.063721  473.208344  -2.567159456  5.266806223
1711.481323  593.826233  -3.237042443  5.480335108
1711.481323  593.826233  -3.237042443  5.480335108
655.073608  143.466888  -5.121353087  4.661353627
655.073608  143.466888  -5.121353087  4.661353627
2133.634033  534.195435  -2.460790888  5.377080101
2133.634033  534.195435  -2.460790888  5.377080101
1166.744873  374.503632  -4.220690207  5.079098571
1455.938477  982.47583  -3.705827135  6.179450586
1455.938477  982.47583  -3.705827135  6.179450586
1536.765747  403.422485  -3.557339133  5.136228164
275.498444  509.429688  -5.825596611  5.294395174
1179.798096  1264.137817  -4.216043269  6.690847914
1721.71521  592.437378  -3.218322694  5.477766198
2080.442871  323.30191  -2.567577451  4.998005755
2071.276855  9.321827  -2.595336077  4.442393248
1243.057495  418.514618  -4.084903034  5.159105205
2115.682129  9.62142  -2.515147156  4.44306657
2032.199951  700.982239  -2.644138421  5.679476508
2032.199951  700.982239  -2.644138421  5.679476508
1232.448975  357.893463  -4.101913805  5.05090892
2036.592285  1199.795898  -2.624271688  6.599868799
1131.432861  120.88105  -4.278314431  4.632167593
1131.432861  120.88105  -4.278314431  4.632167593
2114.984863  1277.282593  -2.474100709  6.747533287
1924.002075  611.471558  -2.847253687  5.514939781
1700.400635  1029.473877  -3.254629206  6.273974792
1705.894531  222.566452  -3.251795244  4.81669536
1705.894531  222.566452  -3.251795244  4.81669536
2198.609863  1005.000732  -2.325637706  6.241187639
1201.684692  1485.346558  -4.180776744  7.102679467
2015.798584  1102.647827  -2.665368135  6.41813416
1378.0979  15.689305  -3.83841735  4.450921668
266.728668  539.517517  -5.843211374  5.347916089
1824.831787  795.562927  -3.028913243  5.84675021
578.043884  642.714355  -5.284115897  5.540597636
578.043884  642.714355  -5.284115897  5.540597636
1521.051514  533.154419  -3.585679751  5.367808485
1110.242798  588.344299  -4.326411784  5.459192269
1120.987427  241.917725  -4.299522146  4.844406588
832.901245  486.703339  -4.820538135  5.270168455
2026.084961  1194.727173  -2.644667413  6.589803087
1177.591309  240.523224  -4.198486505  4.843016433
2158.316895  1482.011475  -2.386661885  7.136452135
137.005295  148.150513  -6.045161657  4.652076046
1157.92041  1316.154663  -4.25757771  6.786062347
1048.52063  383.634521  -4.431948364  5.092812463
1739.244263  684.215454  -3.18666812  5.643262872
2160.621826  408.761749  -2.416925478  5.151862297
1672.570679  1073.790649  -3.305647519  6.355073497
1672.570679  1073.790649  -3.305647519  6.355073497
2194.435303  403.821259  -2.356197295  5.142843985
2128.814941  40.031544  -2.489255505  4.496097657
1595.500366  1113.175537  -3.448182601  6.425370321
1502.27771  1304.226563  -3.621090275  6.777400751
1514.276489  858.823181  -3.597613591  5.956256978
1245.28833  237.231476  -4.078176124  4.838027932
1297.383423  475.772919  -3.988839326  5.260885347
1297.383423  475.772919  -3.988839326  5.260885347
2151.258545  124.434578  -2.447532066  4.645197232
92.740364  165.686829  -6.128514535  4.681383213
92.740364  165.686829  -6.128514535  4.681383213
2096.780273  522.563354  -2.52972496  5.356221221
2096.780273  522.563354  -2.529847958  5.356214619
945.625488  95.058365  -4.606452016  4.583475304
1810.78833  159.313766  -3.060842813  4.70508262
97.091095  528.013  -6.151514226  5.322109281
2029.590576  678.746887  -2.651064327  5.638494197
1681.200317  45.734398  -3.29745463  4.50617081
1758.546387  796.666016  -3.149910615  5.848319104
1461.094971  623.157959  -3.694048293  5.528345251
1470.117676  576.894958  -3.677628514  5.445266723
1637.676025  693.213928  -3.371887628  5.658314892
1650.397705  241.886688  -3.351033909  4.850497326
1130.716553  146.493393  -4.280255405  4.677265434
1284.61084  663.535767  -4.01384999  5.597555328
1602.881958  546.004211  -3.435463773  5.392393182
2151.006836  134.796814  -2.44721307  4.663534035
1236.045654  1488.811035  -4.1171226  7.111402409
891.483948  665.286804  -4.722995448  5.591498657
572.171692  71.476387  -5.265135153  4.533598625
1391.509277  470.588776  -3.818765615  5.254469767
1391.509277  470.588776  -3.818765615  5.254469767
2108.329102  920.468323  -2.495597419  6.084010003
1337.78772  1255.588013  -3.925525178  6.678584011
1634.105591  339.360687  -3.380741509  5.02335337
1249.203125  233.299515  -4.071452215  4.831264788
990.540833  243.755798  -4.531035031  4.844797844
990.540833  243.755798  -4.531035031  4.844797844
1433.390015  1364.317749  -3.749603546  6.885764559
2115.330078  169.956528  -2.511495205  4.725343906
893.263367  52.226257  -4.697781787  4.507866702
273.545197  501.22702  -5.828103577  5.279631428
1533.470093  1210.233032  -3.563661048  6.601481211
1556.795288  1069.170898  -3.519387643  6.343157189
2187.776611  22.560366  -2.383608926  4.465859992
491.99704  260.592712  -5.417457103  4.861109947
1215.096436  300.640411  -4.133023386  4.949547785
1017.512573  647.466064  -4.495026515  5.563098485
1048.491089  530.914368  -4.436081308  5.354624772
1493.277222  75.752411  -3.634489094  4.556930837
2070.003174  351.897247  -2.584791219  5.048270848
1924.920776  612.648315  -2.845424712  5.517179343
565.078369  284.119965  -5.288274841  4.904940828
1209.446411  26.51124  -4.138171317  4.468235464
123.92527  587.34613  -6.107122823  5.428811554
1788.307861  144.11171  -3.103596238  4.677958238
1212.250854  87.071602  -4.134292369  4.574254056
2055.26123  323.959351  -2.613759829  4.998618387
382.165527  20.361864  -5.598687664  4.438656697
1720.172363  303.658081  -3.224542611  4.960553672
1402.348755  506.585632  -3.799633872  5.318264845
1148.784546  372.902863  -4.253088771  5.075912439
1509.723022  414.416962  -3.604902493  5.155564147
1552.790527  726.17804  -3.526999541  5.716094537
617.729492  547.47821  -5.207475928  5.371904554
2209.970703  685.572327  -2.314895851  5.653830512
2045.041992  155.392532  -2.63752551  4.699146428
540.658508  199.539291  -5.327106319  4.756022565
540.658508  199.539291  -5.327106319  4.756022565
588.506836  388.096344  -5.252255326  5.088791507
2052.524658  622.987549  -2.611180864  5.536897943
1180.005981  538.128967  -4.200003485  5.371042578
996.575562  480.272522  -4.52736508  5.263252414
1853.014648  373.880035  -2.980593893  5.086807806
1507.245117  1316.470703  -3.612085396  6.799626123
2029.904175  1258.385986  -2.6308336  6.714137215
2071.373047  435.17923  -2.579617289  5.198604059
2071.373047  435.17923  -2.579617289  5.198604059
1146.634155  398.782318  -4.257230715  5.121735513
73.597481  267.211792  -6.172952937  4.858113977
1753.678711  471.297821  -3.159551485  5.260133532
1753.678711  471.297821  -3.159551485  5.260133532
1280.984741  74.171242  -4.011940016  4.552276855
1280.984741  74.171242  -4.011940016  4.552276855
618.965942  384.584808  -5.197600061  5.083209414
618.965942  384.584808  -5.197600061  5.083209414
2088.939209  360.262482  -2.550907675  5.063900337
2132.828613  341.453644  -2.471623742  5.030506699
352.51825  117.68531  -5.658375861  4.60622794
352.51825  117.68531  -5.658375861  4.60622794
1263.724121  370.425751  -4.047108542  5.07363715
1574.982178  360.268555  -3.487634071  5.059566889
1554.885376  475.529175  -3.524141579  5.265039696
1699.678467  370.772064  -3.262432101  5.079805285
1699.678467  370.772064  -3.262432101  5.079805285
166.252823  656.745056  -6.036029779  5.55539143
897.721069  24.579149  -4.688836907  4.460004341
897.721069  24.579149  -4.688836907  4.460004341
1219.062866  1281.677368  -4.144143237  6.72585374
2110.839111  456.645966  -2.506457273  5.237403488
1857.097046  1262.119141  -2.960153168  6.710091876
2075.668945  1043.814087  -2.553688638  6.311358091
1174.272827  252.950684  -4.205462411  4.864469612
63.410225  434.541016  -6.205660497  5.154144701
2125.264648  664.639404  -2.473107722  5.614249018
2125.264648  664.639404  -2.473107722  5.614249018
1718.456299  110.103729  -3.228877552  4.618144995
1778.201172  689.189392  -3.115145083  5.653224482
1788.862183  676.176758  -3.095355349  5.629902518
685.812317  465.439392  -5.082938604  5.228487412
892.587158  343.743042  -4.708613641  5.018740832
1189.821899  291.162262  -4.17809278  4.932182598
1189.821899  291.162262  -4.17809278  4.932182598
1493.419312  263.891083  -3.633097113  4.88835289
1771.523315  135.353287  -3.133500836  4.662905613
1662.593506  231.706116  -3.3293772  4.832708835
1736.117676  503.142548  -3.191593054  5.317526219
1264.330811  273.30899  -4.044621576  4.901819929
1440.165039  697.325073  -3.732410777  5.661737648
2007.335083  706.088013  -2.692313772  5.68749528
670.123962  475.940857  -5.109716244  5.246324629
658.952454  514.49054  -5.132132942  5.314434481
658.952454  514.49054  -5.132132942  5.314434481
346.933716  690.294861  -5.707439201  5.620409592
1491.071045  298.790344  -3.638274044  4.949884599
1491.071045  298.790344  -3.638274044  4.949884599
1428.631836  795.515259  -3.754209484  5.838766719
1694.507446  248.523697  -3.271874974  4.861965221
703.978455  80.706482  -5.032282286  4.5535381
904.756042  233.305191  -4.683266982  4.824777851
904.756042  233.305191  -4.683266982  4.824777851
1643.027466  1378.90564  -3.359892789  6.920799067
1608.009521  159.738586  -3.428841862  4.705296208
1131.113525  533.20752  -4.28735831  5.360807022
1119.69458  234.786575  -4.302017112  4.831946793
170.855423  644.380554  -6.025051927  5.532556936
2236.549805  431.921326  -2.27558838  5.193879837
1626.073853  915.049622  -3.391858359  6.062340159
345.050323  336.690887  -5.685315499  4.990094385
2048.316895  148.473511  -2.632411578  4.686950002
2048.316895  148.473511  -2.632411578  4.686950002
1018.485352  326.660767  -4.484362659  4.991539049
1200.898315  1184.673706  -4.175688812  6.543497106
442.710541  101.661591  -5.496556039  4.581628133
1192.56189  410.499237  -4.175178819  5.143511398
1492.064819  712.182556  -3.637643052  5.68980906
2055.312744  370.504791  -2.612647844  5.081968029
1969.251221  570.830261  -2.764786797  5.441664501
2073.174316  286.369659  -2.582674248  4.931943903
1558.675415  726.93689  -3.516163687  5.71777323
598.121155  280.644287  -5.229300635  4.899669416
598.121155  280.644287  -5.229300635  4.899669416
1150.253906  427.439972  -4.251220796  5.17262463
534.112366  366.96048  -5.34854703  5.049526273
1359.508667  512.851196  -3.876878833  5.328857139
2228.323975  400.888153  -2.293869134  5.137655965
1253.056152  217.564651  -4.063823317  4.803720465
773.30957  720.316589  -4.937290564  5.686426301
1652.363525  510.673065  -3.345614982  5.32959924
1802.87915  636.026733  -3.068608709  5.558150626
2132.890137  674.948914  -2.458703916  5.633207695
1507.223389  456.955841  -3.610383419  5.230956083
2196.208496  1036.453613  -2.329552654  6.299641458
1511.734253  21.22965  -3.600851547  4.461968654
1197.414795  337.519806  -4.165514949  5.014250634
2216.835205  811.576172  -2.296948092  5.884933736
2216.835205  811.576172  -2.296948092  5.884933736
1750.957153  113.701149  -3.17033234  4.624554154
1529.380493  512.365967  -3.570210959  5.330611536
703.093567  215.851807  -5.039241192  4.789087596
1469.731445  783.135559  -3.679117494  5.817244359
1427.571533  781.322083  -3.75594246  5.813080874
1427.571533  781.322083  -3.75594246  5.813080874
434.590271  542.701172  -5.538731471  5.358499274
2227.438965  413.803436  -2.294336128  5.160826872
2053.292236  16.065762  -2.626935652  4.453690791
2053.292236  16.065762  -2.626935652  4.453690791
1443.677368  1040.634277  -3.728530829  6.28584875
1171.681274  389.147797  -4.212176321  5.105154447
1171.681274  389.147797  -4.212176321  5.105154447
2117.337891  179.491974  -2.507987253  4.742936099
1577.282104  416.571228  -3.483569125  5.160135344
1132.922607  430.151154  -4.282405376  5.177174637
1198.703003  487.031647  -4.165552949  5.279752543
1312.642334  94.290115  -3.956025768  4.587811301
1312.642334  94.290115  -3.956025768  4.587811301
1837.935913  347.826019  -3.008845513  5.039970318
1822.902832  694.15033  -3.032643193  5.662933006
2048.94165  716.34668  -2.611023866  5.708450174
1564.930786  1261.166504  -3.505327832  6.697498658
33.754093  165.111725  -6.232013142  4.678172639
1732.21582  815.786255  -3.198155966  5.882532385
1270.82373  640.322998  -4.038154663  5.555712075
1731.214478  566.815002  -3.199471948  5.4323251
1139.385986  377.770691  -4.26948355  5.084357497
441.118713  138.3311  -5.501209976  4.645397791
1788.477539  649.818665  -3.095721344  5.582651446
990.296875  400.111816  -4.536343959  5.120673546
1446.904297  1006.293701  -3.722650908  6.222786312
683.562195  559.945557  -5.091048495  5.396226101
1635.289673  1062.3927  -3.374508593  6.333083006
1671.45813  386.589508  -3.313086419  5.107722415
1681.772827  1467.282227  -3.285318793  7.091242914
1477.706421  357.880646  -3.662727715  5.054277041
925.441406  705.874329  -4.662681259  5.664737422
925.441406  705.874329  -4.662681259  5.664737422
1485.374512  856.213135  -3.650871874  5.950653721
1435.991455  863.864746  -3.741159659  5.9633263
2186.172363  392.71109  -2.373085068  5.122795605
2119.498779  635.420471  -2.485820551  5.560908546
1433.355835  660.998047  -3.744619613  5.595898151
10.822935  229.425797  -6.279925498  4.789820253
1171.912354  364.912506  -4.211420331  5.062225063
1716.121826  617.856323  -3.228994551  5.523389837
897.32074  56.475372  -4.690563884  4.515248873
2047.632324  67.944214  -2.635338539  4.544847035
744.237122  510.3461  -4.978669007  5.30955927
25.25012  130.952759  -6.244578973  4.61832718
2176.126953  10.55207  -2.404643643  4.444551953
2176.126953  10.55207  -2.404643643  4.444551953
75.716133  520.887146  -6.189906709  5.308400413
1174.834106  266.969696  -4.204274427  4.889423338
1598.239868  339.590332  -3.445572637  5.02323294
2146.838135  648.154175  -2.434805237  5.584181068
643.750305  524.400452  -5.160058566  5.331778632
643.750305  524.400452  -5.160058566  5.331778632
1772.670654  1042.557373  -3.120468011  6.299745627
1428.719971  487.21347  -3.752326509  5.283919769
1181.392822  108.419067  -4.189438627  4.611044226
441.292023  92.859215  -5.498890007  4.566182108
1455.431274  33.145561  -3.701153197  4.482097128
1144.41394  276.159729  -4.258968692  4.90519773
1878.736084  512.56366  -2.930079573  5.336292603
1687.456421  907.715027  -3.279436872  6.049622688
1505.976318  707.218079  -3.612632389  5.680704386
1277.511597  576.744934  -4.025403834  5.441457497
1500.455078  731.22937  -3.622285259  5.724638607
2068.571045  91.616066  -2.596668059  4.586597776
1141.172363  589.078003  -4.271228527  5.461210206
1179.140747  204.375519  -4.195616544  4.779805116
1512.245605  749.677002  -3.601616537  5.756766214
2175.686768  1492.894775  -2.353754328  7.156508767
790.91394  513.744385  -4.896571112  5.317085336
1182.024902  51.617268  -4.187388655  4.511539801
1255.286743  162.210983  -4.059214379  4.706327094
1375.953613  736.701965  -3.849370203  5.730920912
1495.884033  346.65094  -3.629765158  5.034867639
2000.579834  625.831665  -2.706949575  5.541627177
1923.587524  517.706055  -2.849429658  5.34550855
1923.587524  517.706055  -2.849429658  5.34550855
1923.587524  517.706055  -2.849429658  5.34550855
1137.397949  129.452209  -4.267821572  4.647180681
1137.397949  129.452209  -4.267821572  4.647180681
1176.650269  614.023499  -4.207563383  5.507038566
508.607971  169.409271  -5.38197858  4.702289911
2033.675049  411.872131  -2.650766331  5.156053341
1185.28894  125.784531  -4.182614719  4.641040158
2159.500732  273.990967  -2.428195326  4.910496192
1532.025513  669.957825  -3.565062029  5.61421329
1036.048706  207.786606  -4.449487128  4.782896301
1250.261719  120.872688  -4.066984275  4.633599962
820.831726  431.013885  -4.839877875  5.171230751
2046.869385  619.438599  -2.62040274  5.530642999
1569.815796  1119.324097  -3.495689962  6.435758431
2124.720947  175.294128  -2.493604446  4.734980537
2124.720947  175.294128  -2.493604446  4.734980537
2036.692139  1263.200806  -2.621410726  6.719785123
1835.783203  134.294601  -3.017616395  4.661244372
1839.603027  316.845642  -3.006590543  4.98478224
1653.056274  1171.78772  -3.341760033  6.535187506
1604.886963  217.976929  -3.433791795  4.807912427
1627.540039  390.016998  -3.392680348  5.113407508
1451.10022  1494.336426  -3.716837986  7.133372611
2205.403564  1214.546875  -2.304177995  6.633418081
2045.584717  263.472717  -2.63374156  4.891023256
1717.931152  1217.728516  -3.221029658  6.621986806
1193.170654  440.393799  -4.174562827  5.196625077
1736.007935  278.858582  -3.195888996  4.916575978
1712.572998  454.493958  -3.236699447  5.229702123
1765.440308  141.607224  -3.144236691  4.673835926
1844.537231  1344.89563  -2.983250858  6.863450813
1537.316895  337.105988  -3.555216161  5.01835865
2096.758789  428.844299  -2.534375898  5.187051404
1160.929932  596.324951  -4.235565006  5.47488132
49.469723  566.286804  -6.241901009  5.389000712
2219.064697  712.256348  -2.295439113  5.703181776
1171.747192  432.965881  -4.212766313  5.182738155
1517.878906  291.552826  -3.589891695  4.937281966
1534.684082  438.837067  -3.560620088  5.199322177
2082.660889  750.748535  -2.548067713  5.771506553
2052.227051  718.112915  -2.607305916  5.710426475
385.865997  100.638504  -5.597946674  4.577923935
1264.611816  379.80246  -4.045705561  5.090417932
1519.865479  721.296509  -3.586400742  5.707564977
2041.032104  665.545288  -2.629986611  5.61451879
2054.758545  9.661524  -2.624376687  4.44258341
2054.758545  9.661524  -2.624376687  4.44258341
1256.320801  554.228271  -4.063060328  5.400948237
1661.187622  491.859253  -3.329985192  5.295918221
1717.06958  428.266296  -3.228939552  5.182588201
690.088867  605.1698  -5.081520623  5.477396317
1020.958496  405.766266  -4.481482697  5.131381437
1019.597595  775.979797  -4.495341511  5.794490424
690.960815  637.007568  -5.081373625  5.534254061
550.40155  326.934937  -5.317514448  4.97952319
133.318222  580.906189  -6.089325062  5.417604396
949.903259  743.504089  -4.62022483  5.733954438
886.675842  145.027847  -4.713256579  4.669494914
1311.668091  840.817566  -3.967185618  5.918827285
536.003052  311.637482  -5.34189012  4.952184943
1463.081299  1310.813354  -3.693914295  6.787636073
611.306885  361.443665  -5.210005894  5.042229455
954.663452  577.619873  -4.606180019  5.436180147
287.025208  504.288727  -5.803318911  5.285654
417.315033  402.707367  -5.560212182  5.108768465
1483.143555  213.644348  -3.652371854  4.799285369
1650.530396  531.162354  -3.349180934  5.365975467
2143.166992  358.654724  -2.452392001  5.061329352
1207.296875  1273.542358  -4.165644947  6.710143894
1647.888916  1061.704102  -3.351025909  6.332395184
1408.119141  525.018799  -3.790177  5.351130435
1185.738647  285.926575  -4.185291683  4.923005336
1185.738647  285.926575  -4.185291683  4.923005336
1416.52356  768.529907  -3.776131189  5.789430221
2132.965576  143.336288  -2.479701633  4.678230426
1206.027222  85.135063  -4.145639216  4.570888773
1223.784546  256.327362  -4.116550608  4.871372774
2133.8479  701.047363  -2.45543996  5.6813715
1791.841064  181.966736  -3.09527835  4.745300838
1817.468506  99.07476  -3.050780949  4.598888586
2135.140625  681.700378  -2.454320975  5.645430145
1429.295898  1357.260986  -3.757119444  6.872502197
1713.950317  901.66571  -3.230997524  6.03906017
2060.116455  648.388184  -2.593442103  5.584088985
1009.807434  19.886688  -4.491217566  4.453204645
1494.401855  761.107605  -3.633663106  5.778276902
1360.796631  1285.589478  -3.883162748  6.736384598
2229.3396  551.509094  -2.281662298  5.410353585
1426.084717  1488.11853  -3.763850354  7.118982369
1240.354004  138.739944  -4.085105031  4.665030554
1539.459717  1156.123779  -3.552823193  6.501807406
1826.756836  135.251602  -3.032667193  4.662516439
1566.035278  118.611656  -3.503821853  4.632813122
2049.125977  365.338318  -2.623577697  5.072906617
1718.78418  406.990112  -3.226182589  5.14474466
1246.019287  536.462036  -4.081314082  5.369069612
1471.272949  672.740784  -3.676175534  5.617790759
1492.952759  334.093079  -3.635061087  5.012542542
1191.188232  124.082024  -4.172306858  4.638562634
1191.188232  124.082024  -4.172306858  4.638562634
1329.006714  1304.818237  -3.941985957  6.771416709
2227.255615  388.967743  -2.296559098  5.116356175
1017.574707  343.063812  -4.486099635  5.020487852
1017.574707  343.063812  -4.486099635  5.020487852
708.010254  636.837708  -5.051244031  5.535001709
2018.58252  293.385956  -2.682264908  4.944073404
1631.806396  556.108521  -3.383267475  5.410894778
1222.045044  653.273865  -4.126469474  5.578652868
2101.813477  1068.037598  -2.505550285  6.355923762
1152.218506  257.582672  -4.244363888  4.872563936
664.117065  250.780975  -5.110159238  4.849342015
1795.766846  672.013733  -3.082947516  5.622342002
1237.14502  591.28418  -4.098264854  5.466816467
2155.717041  255.796249  -2.435065234  4.877962533
1230.262817  546.512573  -4.109651701  5.386702781
1495.762695  736.218384  -3.630513148  5.733600167
1547.230591  133.193298  -3.537364401  4.657938404
1643.125244  614.979919  -3.362369756  5.517075741
1643.125244  614.979919  -3.362369756  5.517075741
416.5383  412.830109  -5.563008144  5.127024438
1031.487549  688.114014  -4.471127837  5.63670367
1725.585693  461.721222  -3.21344876  5.242611067
2221.116455  732.12561  -2.291508166  5.739361611
553.781494  282.915863  -5.307508582  4.902493778
1457.998413  140.516495  -3.697389248  4.670414958
1057.412964  12.606178  -4.406805702  4.441648253
2035.831787  395.569336  -2.647023382  5.126623773
1757.914429  373.755524  -3.155109545  5.08557125
164.103424  718.755737  -6.044580664  5.666958463
1746.042725  1202.374146  -3.168283368  6.594961915
1139.872314  37.858398  -4.261606656  4.486888997
1838.863647  238.719086  -3.010028497  4.845930003
2049.702881  723.901855  -2.611564859  5.721380417
692.015869  629.363098  -5.079319653  5.520657881
1713.801147  155.58017  -3.237620435  4.698392947
1713.801147  155.58017  -3.237620435  4.698392947
2109.291016  505.119415  -2.507112264  5.324844635
691.189941  511.449005  -5.075316707  5.310223988
905.834351  224.286835  -4.680764016  4.808976534
1169.45166  380.124176  -4.21595527  5.089099873
1634.133911  408.311371  -3.380822508  5.145952533
663.704163  582.462585  -5.127472005  5.436077156
964.912109  357.64743  -4.58011337  5.045022639
1743.944214  1470.7677  -3.16882836  7.099826733
668.960632  508.407166  -5.11374019  5.303908627
1599.601196  661.386047  -3.440793701  5.600408088
1484.146729  513.352661  -3.652154857  5.331639677
1288.540283  362.524628  -4.002493143  5.059946022
642.263245  138.117004  -5.144000783  4.651660623
2055.733887  125.636482  -2.618773762  4.646564029
1230.138794  27.219254  -4.101362812  4.469628468
299.260712  547.541809  -5.784595163  5.362972032
1374.757202  1250.109985  -3.857165098  6.670554227
2125.769531  170.102081  -2.491958468  4.725809276
564.96637  137.059326  -5.280551945  4.647561028
1575.092773  144.168915  -3.487596071  4.677640422
1152.411011  283.301636  -4.244506886  4.91786681
1650.546631  402.228455  -3.351035909  5.135358517
938.418945  523.687012  -4.633574651  5.339046482
1834.42334  379.48233  -3.014528437  5.096667627
1716.895386  261.123413  -3.230424532  4.884885443
1635.115356  449.318146  -3.378057545  5.219373409
1269.06189  645.924866  -4.041591617  5.565558281
248.136627  578.430786  -5.879511886  5.416675625
1134.760498  416.297211  -4.278825424  5.152548423
1526.13623  398.147766  -3.575705885  5.126997718
1594.60437  373.824768  -3.452227547  5.084227073
1527.08374  370.208893  -3.573726912  5.077017238
1102.763794  302.898102  -4.33336569  4.951467395
1900.291382  738.420837  -2.889051125  5.745022954
2126.959229  634.440369  -2.472467731  5.559028395
1586.106567  352.837067  -3.46760734  5.046793443
1136.059448  424.805115  -4.27692845  5.167709071
1202.364624  237.291672  -4.154668095  4.837701225
1495.298096  230.033554  -3.630422149  4.828192468
1627.415771  253.452744  -3.393334339  4.871092691
1583.012817  146.619446  -3.473690258  4.682084056
249.980865  571.856445  -5.87549394  5.404996825
2231.535889  441.765991  -2.284876255  5.211363992
1159.751221  249.758636  -4.231388063  4.859812992
2079.019775  327.009949  -2.568999432  5.00435283
1766.517456  543.111511  -3.135168813  5.389862478
1999.140381  1076.798584  -2.696440717  6.370526732
649.667908  423.860748  -5.144298779  5.153486508
2121.331787  527.837769  -2.48442457  5.36596528
2106.875732  579.812073  -2.509450233  5.460018867
2135.803711  446.749908  -2.46061489  5.219400556
1824.2323  406.842316  -3.032259198  5.145448697
1725.28064  395.057404  -3.214498746  5.123413651
1458.941895  750.162109  -3.698418234  5.757402444
1458.941895  750.162109  -3.698418234  5.757402444
1274.757813  664.622864  -4.031872747  5.5988482
1817.930542  344.141113  -3.044676031  5.03330201
1717.557007  1049.307129  -3.222409639  6.310832577
1428.015625  515.143188  -3.753553492  5.333909434
1636.373169  536.936523  -3.374949587  5.37647688
1154.318359  1260.744873  -4.26281764  6.683540271
1266.357056  295.295441  -4.04134062  4.940683181
2063.582275  492.771484  -2.594446089  5.301794658
1796.626831  257.903137  -3.086493468  4.87980936
1656.734985  781.504395  -3.336129109  5.819088634
1164.284668  934.805725  -4.237067986  6.084849308
571.742371  138.115814  -5.269520094  4.649215633
1618.0802  681.8396  -3.407658147  5.637564931
2021.46167  287.535645  -2.676223989  4.933473212
877.569397  127.351959  -4.727792383  4.638687882
2061.429688  520.204224  -2.595836071  5.351438178
1834.427368  651.484497  -3.01127748  5.585963421
1209.813477  273.579773  -4.142076264  4.901733443
